1	0	4
1	5	5
1	6	8
1	10	12

7	0	0
7	2	2
7	4	4
7	6	6
7	8	8
7	10	10
7	12	12
7	14	14
7	16	16
7	18	18
7	20	20

8	0	1
8	2	2
8	3	4
8	5	5
8	6	9
8	10	10
8	11	11
8	12	12
8	13	15

17	0	4
17	5	6
17	7	7
17	8	9
17	10	10
17	11	11
17	12	13
17	14	16
17	17	20

18	0	38
18	40	42
18	43	43
18	44	55
18	56	56
18	57	67

26	0	3
26	4	4
26	5	6
26	7	7
26	8	9
26	10	11
26	13	16
26	17	17
26	18	19
26	20	20
26	21	22
26	23	24

28	0	0
28	2	2
28	4	4
28	6	6
28	8	8
28	10	10
28	12	12
28	14	14
28	16	16
28	18	18
28	20	20
28	22	22

29	0	1
29	2	3
29	4	6
29	7	8
29	9	11

31	0	0
31	1	1
31	2	2
31	3	13

34	0	0
34	2	2

36	0	1
36	3	3

38	0	0
38	1	2

40	0	0
40	1	1
40	2	2
40	3	3
40	4	4
40	5	5
40	6	6
40	7	7
40	8	8
40	9	9
40	10	10
40	11	11
40	12	12
40	13	13
40	14	14
40	15	15
40	16	16
40	17	17
40	18	18
40	19	19
40	20	20
40	21	21
40	22	22
40	23	23
40	24	24
40	25	25
40	26	26
40	27	27
40	28	28
40	29	29
40	30	30
40	31	31
40	32	32
40	33	33
40	34	34
40	35	35
40	36	36
40	37	37
40	38	38
40	40	40

42	0	0
42	1	3
42	4	5
42	6	7

44	0	0
44	1	1
44	2	2
44	3	3
44	4	4
44	5	5
44	6	6
44	7	7
44	8	8
44	9	9
44	10	10
44	11	11
44	12	12
44	13	13
44	14	14
44	15	15
44	16	16
44	17	17
44	18	18
44	19	19
44	20	20
44	21	21
44	22	22
44	23	23
44	24	24
44	25	25
44	26	26
44	27	27
44	28	28
44	29	29
44	30	30
44	31	31
44	32	32
44	33	33
44	35	35

46	0	0
46	1	2
46	3	3
46	4	5
46	6	6
46	7	8
46	10	10

48	0	0
48	1	2
48	3	4

49	0	0
49	1	4

51	0	0
51	1	1
51	2	2
51	3	3
51	4	4
51	5	5
51	6	6
51	7	7
51	8	8
51	9	9
51	10	10
51	11	11
51	12	12
51	13	13
51	14	14
51	15	15
51	16	16
51	17	17
51	18	18
51	19	19
51	20	20
51	21	21
51	22	22
51	23	23
51	24	24
51	25	25
51	26	26
51	27	27
51	28	28
51	29	29
51	30	30
51	31	31
51	32	32
51	33	33
51	34	34
51	35	35
51	36	36
51	40	40

52	0	0
52	1	1
52	2	2
52	3	3
52	4	4
52	5	5
52	6	6
52	7	7
52	8	8
52	9	9
52	10	10
52	11	11
52	12	12
52	13	13
52	14	14
52	15	15
52	16	16
52	17	17
52	18	18
52	19	19
52	20	20
52	21	21
52	22	22
52	23	23
52	24	24
52	25	25
52	26	26
52	27	27
52	28	28
52	29	29
52	30	30
52	31	31
52	32	32
52	33	33
52	34	34
52	35	35
52	36	36
52	40	40

54	0	0
54	1	2
54	3	4
54	5	6
54	7	8

56	0	0
56	1	1
56	2	2
56	3	3
56	4	4
56	5	5
56	6	6
56	7	7
56	8	8
56	9	9
56	10	10
56	11	11
56	12	12
56	13	13
56	14	14
56	15	15
56	16	16
56	17	17
56	18	18
56	19	19
56	20	20
56	21	21
56	22	22
56	23	23
56	24	24
56	25	25
56	26	26
56	27	27
56	28	28
56	29	29
56	30	30
56	31	31
56	32	32
56	34	34

58	0	0
58	1	2

60	0	0
60	1	1
60	2	2
60	3	3
60	4	4
60	5	5
60	6	6
60	7	7
60	8	8
60	9	9
60	10	10
60	11	11
60	12	12
60	13	13
60	14	14
60	15	15
60	16	16
60	17	17
60	18	18
60	19	19
60	20	20
60	21	21
60	22	22
60	23	23
60	24	24
60	25	25
60	26	26
60	27	27
60	28	28
60	29	29
60	30	30
60	31	31
60	32	32
60	33	33
60	34	34
60	35	35
60	36	36
60	37	37
60	38	38
60	40	40

62	0	0
62	1	2
62	3	3
62	4	5
62	6	6
62	7	8

64	0	0
64	1	1
64	2	2
64	3	3
64	4	4
64	5	5
64	6	6
64	7	7
64	8	8
64	9	9
64	10	10
64	11	11
64	12	12
64	13	13
64	14	14
64	15	15
64	16	16
64	17	17
64	18	18
64	19	19
64	20	20
64	21	21
64	22	22
64	23	23
64	24	24
64	25	25
64	26	26
64	27	27
64	28	28
64	29	29
64	30	30
64	31	31
64	32	32
64	34	35

66	0	1
66	3	3
66	5	5
66	6	8
66	9	10
66	11	11
66	13	15
66	16	17
66	18	18
66	19	20
66	21	22
66	23	24
66	25	25
66	26	29
66	30	30
66	31	31
66	32	32
66	33	34
66	35	35
66	36	37
66	38	39
66	40	41
66	42	43
66	44	44
66	45	48
66	49	49
66	51	52
66	54	55

67	0	1
67	2	2
67	4	4
67	5	7
67	8	9
67	10	10
67	12	13
67	14	16
67	17	19
67	20	21
67	22	23
67	24	25
67	26	27
67	28	29
67	31	32

69	0	1
69	2	2
69	4	4
69	5	7
69	8	9
69	10	10
69	12	13
69	14	18
69	20	21
69	22	22
69	23	24
69	25	25
69	26	26
69	27	29
69	30	31
69	32	33
69	34	35

71	0	0
71	1	1
71	2	2
71	3	3
71	4	4
71	5	5
71	6	6
71	7	7
71	8	8
71	10	11

90	0	0

92	0	1
92	2	2
92	3	13

95	0	0
95	2	2

97	0	0
97	1	2
97	3	4
97	6	7
97	8	8
97	9	10
97	11	11
97	12	12
97	13	13
97	14	16
97	17	18
97	19	19
97	20	21
97	22	23
97	24	24

98	0	0
98	1	2
98	3	4
98	6	7
98	8	8
98	9	14
98	15	15
98	16	18
98	19	19
98	20	24
98	25	26
98	27	27
98	28	29
98	30	30
98	31	31
98	32	33
98	34	36
98	37	40
98	41	41
98	42	42
98	43	43
98	45	46
98	47	47
98	48	53
98	54	54

99	0	2
99	3	4
99	5	6
99	7	8
99	9	10
99	11	12
99	13	13

100	0	0
100	1	1
100	2	3
100	4	4
100	5	6
100	7	8
100	9	9
100	10	11
100	12	12
100	13	14
100	15	16
100	17	18
100	19	19
100	20	20
100	21	21
100	22	22
100	23	23
100	24	24
100	25	25
100	26	26
100	27	28
100	29	30
100	31	31
100	32	32
100	33	33
100	34	34
100	35	35
100	36	36
100	37	37
100	38	38

101	0	0
101	1	1
101	2	3
101	4	4
101	5	6
101	7	8
101	9	10
101	11	11
101	12	12
101	13	13
101	14	14
101	15	15
101	16	16
101	17	17
101	18	18
101	19	21
101	22	23
101	24	24
101	25	25
101	26	26
101	27	27
101	28	28
101	29	29
101	30	30
101	31	31

102	0	0
102	1	1
102	2	3
102	4	4
102	5	5
102	6	6
102	7	8
102	9	10
102	11	12
102	13	13
102	14	15
102	16	16
102	17	17
102	18	18

103	0	0
103	1	1
103	2	3
103	4	4
103	5	7
103	9	11
103	13	15
103	16	18
103	19	19
103	20	21
103	22	23
103	24	24
103	25	26
103	27	28
103	29	29
103	30	30
103	31	31
103	32	32
103	33	33
103	34	34
103	35	35
103	36	36
103	37	37

104	0	0
104	1	1
104	2	3
104	4	4
104	5	6
104	7	8
104	9	10
104	11	11
104	12	13
104	14	14
104	15	15
104	16	16
104	17	17
104	18	18
104	19	19
104	20	20

105	0	0
105	1	1
105	2	3
105	4	4
105	5	6
105	7	8
105	9	10
105	11	11
105	12	12
105	13	13
105	14	14
105	15	15
105	16	16
105	17	17
105	18	18
105	19	19

106	0	0
106	1	1
106	2	3
106	4	4
106	5	5
106	6	6
106	7	8
106	9	10
106	11	12
106	13	14
106	15	16
106	17	17
106	18	18
106	19	19
106	20	20
106	21	21
106	22	22
106	23	23
106	24	24
106	25	25

107	0	0
107	1	1
107	2	3
107	4	4
107	5	6
107	7	8
107	9	9
107	10	11
107	12	13
107	14	14
107	15	16
107	17	18
107	19	19
107	20	20
107	21	21
107	22	22
107	23	23
107	24	24
107	25	25
107	26	26
107	27	27
107	28	28
107	29	29
107	30	30
107	31	31

108	0	0
108	1	1
108	2	2
108	3	5
108	6	7
108	8	8
108	9	11
108	12	13
108	14	14
108	15	16
108	17	18
108	19	20
108	21	21
108	22	25
108	26	26
108	27	27
108	28	28
108	29	30
108	31	31
108	32	33
108	34	35
108	36	37
108	38	39
108	40	40
108	41	44
108	45	45
108	47	48
108	49	50
108	51	51
108	52	54
108	55	56
108	57	57
108	58	58
108	59	60
108	62	62
108	63	63
108	64	64

109	0	0
109	1	1
109	2	3
109	4	4
109	5	5
109	6	7
109	8	9
109	10	11
109	12	14
109	15	15
109	16	16
109	17	18
109	20	20
109	21	21
109	23	23
109	24	24
109	25	26
109	27	27
109	28	28
109	29	29

110	0	0
110	1	2
110	3	3
110	4	12
110	13	14
110	15	15

111	0	0
111	1	2
111	3	3
111	4	5
111	6	8
111	9	10
111	11	12
111	13	15
111	16	17
111	18	20
111	21	21
111	22	24
111	25	25
111	26	30
111	31	31
111	32	33
111	34	34

112	2	2
112	3	4
112	5	6
112	7	8
112	9	9
112	10	13
112	14	15
112	16	16
112	17	18
112	19	20
112	21	22
112	23	25
112	26	29
112	30	30
112	31	32
112	33	34
112	35	36
112	37	39
112	40	40
112	41	42
112	43	45
112	47	49
112	50	50
112	51	52
112	53	54
112	55	56
112	57	59
112	60	61
112	62	65
112	66	66
112	67	68
112	69	72
112	73	74
112	75	76
112	77	80
112	81	81
112	82	83
112	84	85
112	86	88
112	89	90
112	91	91
112	93	93
112	94	95
112	96	96

113	2	2
113	3	4
113	5	6
113	7	9
113	10	10
113	11	13
113	14	14
113	15	17
113	18	18
113	19	21
113	22	22
113	23	25
113	26	26
113	27	29
113	30	30
113	31	31
113	32	33
113	34	34
113	35	35
113	36	36
113	37	37
113	38	40
113	41	41
113	42	44
113	45	45
113	46	47
113	48	48
113	49	51
113	52	52
113	53	55
113	56	56
113	57	59
113	60	60
113	61	61
113	62	63
113	64	64
113	65	67
113	68	68
113	69	70
113	71	71
113	72	74
113	75	75
113	76	78
113	79	79
113	80	80
113	81	82
113	83	83
113	84	86
113	87	87
113	88	90
113	91	91
113	92	94
113	95	95
113	96	98
113	99	99
113	101	103
113	104	104

114	0	0
114	1	2
114	3	3
114	4	5
114	6	7
114	8	8
114	9	10
114	11	12
114	13	14
114	15	16
114	17	17
114	18	18

115	0	0
115	1	1
115	2	3
115	4	4
115	5	10
115	11	11
115	12	14
115	15	15

124	0	0

126	0	1
126	2	2
126	3	8
126	9	9
126	10	13

128	0	4
128	5	6
128	7	7
128	8	9
128	10	10
128	11	11
128	12	13
128	14	16
128	17	20

131	0	0
131	1	2

132	2	2
132	3	6
132	7	7
132	8	12
132	14	15
132	16	16
132	17	18
132	19	19
132	20	20
132	21	22
132	23	25
132	26	26
132	27	30
132	31	31
132	32	33
132	34	35
132	36	36
132	37	38
132	39	39
132	40	41
132	42	42
132	43	44
132	45	45
132	46	47
132	48	48
132	49	50
132	51	51
132	52	53
132	54	54

133	2	2
133	3	4
133	5	6
133	7	7
133	8	12
133	14	14
133	15	15
133	16	17
133	18	19
133	20	20
133	21	23
133	25	27
133	29	29
133	30	32
133	34	36
133	38	38
133	39	40
133	41	41
133	42	43
133	44	44
133	45	45
133	46	47
133	48	50
133	51	51

134	0	0
134	1	3
134	4	5
134	6	7

135	2	3
135	4	5
135	6	7
135	8	8
135	9	10
135	11	11
135	12	13
135	14	14
135	15	18
135	19	19
135	20	20
135	21	22
135	23	23
135	24	25
135	26	26
135	27	28
135	29	30
135	31	31
135	32	33
135	34	35
135	36	36
135	37	38
135	39	40
135	41	41
135	42	43
135	46	46
135	47	47
135	48	49
135	50	51
135	52	53
135	54	54
135	55	56
135	57	58
135	59	59
135	60	60
135	61	62
135	63	64
135	65	65
135	66	67
135	68	69
135	70	70
135	71	72
135	73	73
135	74	74
135	75	76
135	77	78
135	79	80
135	81	81

136	0	1
136	2	2
136	3	7
136	8	8
136	9	10
136	11	12
136	13	13
136	15	16
136	17	19

137	0	1
137	2	2
137	3	9
137	11	12
137	13	15
137	17	17
137	18	18
137	19	20
137	21	21
137	22	23

138	0	1
138	2	2
138	3	9
138	11	12
138	13	15
138	17	17
138	18	18
138	19	20
138	21	21
138	22	22
138	23	24
138	25	27
138	28	28
138	29	30

139	0	1
139	2	2
139	3	9
139	10	10
139	11	13
139	15	16
139	17	19
139	21	21
139	22	22
139	23	24
139	25	25
139	26	27
139	28	29
139	30	30
139	31	32
139	33	34
139	35	35
139	36	36
139	37	38
139	39	40
139	41	42

140	0	1
140	2	2
140	3	9
140	11	12
140	13	15
140	17	17
140	18	18
140	19	20
140	21	21
140	22	23
140	24	26
140	27	27
140	28	30
140	31	31
140	32	33
140	34	35
140	36	37
140	38	38
140	39	40
140	41	42
140	43	44

141	0	1

142	0	1
142	2	2
142	3	9
142	11	12
142	13	15
142	17	17
142	18	18
142	19	20
142	21	21
142	22	23
142	24	25
142	26	26
142	27	28
142	30	31
142	32	32
142	33	39
142	41	42
142	43	45
142	47	47
142	48	48
142	49	50
142	51	51
142	52	52
142	53	54
142	55	56
142	57	59
142	60	61
142	62	63
142	65	66
142	67	67
142	68	75
142	77	78
142	79	81
142	84	84
142	85	86
142	87	88
142	89	89
142	90	91
142	92	93

143	0	1
143	2	2
143	3	10
143	12	13
143	14	17
143	18	19
143	20	21
143	23	23
143	24	24
143	25	26
143	27	27
143	28	29
143	30	31
143	33	34
143	35	36
143	37	38

144	0	5
144	7	8
144	9	10
144	11	13
144	14	14
144	15	16
144	17	18
144	19	19
144	20	20
144	21	22
144	23	23
144	24	24
144	25	26
144	27	29
144	30	31
144	32	32
144	33	36
144	38	38
144	39	40
144	42	43
144	44	45
144	46	48
144	49	49
144	50	52
144	53	53
144	54	56
144	57	57
144	58	60
144	62	63
144	64	64
144	65	69
144	70	70
144	71	74
144	76	79
144	80	81
144	82	83
144	84	86

145	0	1
145	2	2
145	3	10
145	12	13
145	14	15
145	17	17
145	18	18
145	19	20
145	21	21
145	22	23
145	24	25
145	26	26
145	27	28
145	29	30

146	0	5
146	7	8
146	9	10
146	11	14
146	15	16
146	17	18
146	19	20

147	2	9
147	10	10
147	11	14
147	16	17
147	18	18
147	19	20
147	22	24
147	25	25
147	26	29
147	30	30
147	31	31
147	32	32
147	33	34
147	35	35
147	36	36
147	37	38
147	39	41
147	42	42
147	43	58
147	59	59
147	61	80
147	81	81
147	82	136
147	137	137

148	0	0
148	1	2
148	3	3
148	4	5
148	6	6
148	7	8

149	0	2
149	3	4
149	5	5
149	6	7

150	0	1
150	2	2
150	3	9
150	10	10
150	12	13
150	14	14
150	15	18
150	20	20
150	21	22
150	23	24
150	25	25
150	26	27
150	28	29
150	30	31
150	32	32
150	33	34
150	35	36
150	37	38
150	39	40
150	41	41

151	0	2
151	3	3
151	4	4

152	0	1
152	2	4
152	6	26

153	0	0
153	1	5
153	7	8
153	9	9
153	10	11
153	12	12
153	13	13
153	14	15
153	16	18
153	19	20
153	21	23
153	24	25
153	26	27
153	28	28
153	29	30
153	31	32
153	33	34
153	35	36
153	37	38
153	39	39
153	40	42

154	0	0

156	0	1
156	2	2
156	3	8
156	9	9
156	10	13

157	0	0
157	1	2
157	3	4
157	5	5

158	0	0
158	1	1
158	2	2
158	3	3
158	4	4

159	0	1
159	2	3
159	4	6
159	8	21
159	23	36
159	38	57

160	0	0
160	1	2
160	3	5
160	6	7
160	8	9
160	10	10
160	11	13
160	14	14
160	15	16
160	17	18
160	19	20
160	21	21
160	22	23
160	24	25
160	26	28
160	29	29
160	30	31
160	32	32
160	33	33
160	34	36
160	37	38
160	39	40
160	41	41

161	0	1
161	2	4
161	5	6
161	7	8
161	9	9
161	10	11
161	12	13
161	14	14

162	0	0
162	1	1
162	2	2
162	3	3
162	4	4

163	0	1
163	2	3
163	5	17

164	0	0
164	1	2
164	3	5
164	6	6
164	7	8
164	9	10
164	11	13
164	14	15
164	16	16
164	17	18
164	19	19
164	20	21
164	22	22

165	0	0
165	1	1
165	2	2
165	3	3
165	4	4

166	0	1
166	2	4
166	5	6
166	8	34

167	0	1
167	2	2
167	3	4
167	5	7
167	8	9
167	10	10
167	11	12
167	13	13

168	0	0
168	1	1
168	2	2
168	3	3
168	4	4

169	0	1
169	2	3
169	4	6
169	7	8
169	10	29
169	31	44
169	46	65

170	0	1
170	2	2
170	3	4
170	5	6
170	7	9
170	10	11
170	12	12
170	13	14
170	15	15

171	0	0
171	1	1
171	2	2
171	3	3
171	4	4

172	0	1
172	2	3
172	4	5
172	7	21
172	23	28

173	0	0
173	1	2
173	3	4
173	5	5
173	6	7
173	8	9
173	10	11
173	12	12
173	13	13
173	14	14
173	15	16
173	17	17
173	18	19
173	20	20
173	21	22
173	23	24
173	25	25
173	26	27
173	28	30
173	31	32
173	33	34
173	35	35
173	36	36
173	37	39
173	40	40
173	41	41

174	0	0
174	1	1
174	2	2
174	3	3
174	4	4

175	0	1
175	2	3
175	5	28

176	0	0
176	1	2
176	3	4
176	5	5
176	6	8
176	9	10
176	11	12
176	13	13
176	14	15
176	16	17
176	18	18
176	19	19
176	20	21
176	22	22
176	23	23
176	24	25
176	26	27
176	28	28
176	29	30
176	31	32
176	33	33
176	34	34
176	35	35
176	36	37
176	38	39
176	40	40
176	41	42
176	43	43

177	0	0
177	1	1
177	2	2
177	3	4
177	5	6
177	7	8
177	9	9
177	10	11
177	12	12

178	0	0
178	1	1
178	2	2
178	3	3
178	4	4

179	0	1
179	2	3
179	5	6
179	7	7
179	8	18

180	0	0
180	1	2
180	3	3
180	4	4
180	5	6
180	7	7
180	8	9
180	10	10
180	11	12
180	13	13
180	14	15
180	16	16
180	17	18
180	19	19
180	20	21
180	22	22
180	23	23
180	24	25
180	26	27
180	28	28
180	29	31
180	32	33
180	34	34

181	0	2
181	3	4

182	0	1
182	2	3
182	4	5
182	6	7
182	8	9
182	10	10

183	0	0
183	1	1
183	3	3
183	4	4
183	5	6
183	7	8
183	9	10
183	11	11

184	0	0
184	1	2
184	3	4

185	0	2
185	3	4
185	5	6
185	7	8

186	0	2
186	3	3
186	4	4
186	5	6
186	7	7
186	8	9
186	10	10
186	11	11
186	12	12
186	13	13
186	14	14

187	0	2
187	3	3
187	4	4
187	5	8
187	9	9
187	11	12
187	13	14
187	15	15
187	16	16
187	17	17
187	18	18
187	19	19

188	0	1
188	2	2
188	3	6
188	7	7
188	8	8
188	9	9
188	10	10
188	11	11
188	13	14
188	15	15
188	16	19
188	20	20
188	21	21
188	22	22
188	23	23
188	24	24
188	26	29
188	30	30
188	31	31
188	32	32
188	33	33
188	34	34

189	0	2
189	3	3
189	4	4
189	5	6
189	7	8
189	9	10
189	11	11
189	12	13
189	14	14
189	15	15
189	16	16
189	17	17
189	18	18
189	19	19
189	20	20
189	21	21
189	22	22
189	23	24
189	25	25
189	26	26
189	27	27
189	28	28
189	29	29
189	30	30
189	31	31
189	32	32

190	0	2
190	3	3
190	4	4
190	5	6
190	7	8
190	9	9
190	10	11
190	12	12
190	13	13
190	14	14
190	15	15
190	16	16
190	17	17
190	18	18
190	19	20
190	21	21
190	22	22
190	23	23
190	24	24
190	26	26
190	27	27
190	28	29
190	30	30
190	31	31
190	32	32
190	33	33
190	34	34
190	35	35
190	36	36
190	37	37
190	40	40
190	41	42
190	43	44
190	45	46
190	47	47
190	48	48
190	49	49
190	50	51
190	52	53
190	54	55
190	56	57
190	58	59
190	60	60
190	61	61

191	0	2
191	3	3
191	4	4
191	5	5
191	6	7
191	8	11
191	12	12
191	13	14
191	15	15
191	16	16
191	17	17
191	18	18
191	19	19
191	20	20
191	21	21
191	22	22
191	23	24
191	25	25
191	26	26

192	0	2
192	3	3
192	4	4
192	5	6
192	7	8
192	9	9
192	10	11
192	12	12
192	13	13
192	14	14
192	15	15
192	16	16

193	0	0

195	0	0
195	1	1
195	2	2
195	3	3
195	4	8
195	9	9
195	10	13

196	0	0
196	1	1
196	2	2
196	3	3
196	4	4
196	6	7
196	8	9
196	10	11
196	12	12
196	13	13
196	14	14
196	15	15
196	16	16
196	18	19
196	20	20
196	21	25
196	26	26
196	27	29
196	31	36
196	37	37
196	38	38

197	0	0
197	1	1
197	2	2
197	3	3
197	4	4
197	6	7
197	8	9
197	11	11
197	12	13
197	14	14
197	15	15
197	16	16
197	17	17
197	18	18
197	19	19

198	0	0
198	1	1
198	2	2
198	4	5
198	6	7
198	8	9

199	1	1
199	3	3
199	5	6
199	7	7
199	8	8
199	9	13
199	19	20
199	23	23
199	24	24
199	25	25
199	26	26
199	27	27
199	28	28
199	30	30
199	32	32
199	33	33
199	36	37
199	38	38
199	39	39
199	40	40
199	41	41
199	42	43
199	44	44
199	45	45
199	46	46
199	47	48

200	0	1
200	2	3
200	4	4
200	5	5

201	1	1
201	2	2
201	4	4
201	7	10
201	11	11
201	13	14
201	15	16
201	17	17
201	18	18
201	19	20
201	21	21
201	22	23
201	26	27
201	28	28
201	29	33
201	34	34
201	35	35
201	36	36
201	37	38
201	39	39
201	40	40
201	42	42
201	43	43
201	45	45
201	47	48
201	49	50
201	51	51
201	52	52
201	53	53
201	54	54
201	55	55
201	58	59
201	60	60
201	61	65
201	66	66
201	67	67
201	68	68
201	69	72
201	74	75
201	76	76
201	77	81
201	82	82
201	83	83
201	84	84
201	85	86
201	87	87
201	88	88
201	90	90
201	91	91
201	93	93
201	94	95
201	97	97
201	98	98
201	99	100
201	101	101
201	102	102
201	103	103

202	0	1
202	2	2
202	4	5
202	6	6
202	7	7
202	8	10
202	11	11
202	12	12
202	13	14
202	16	16
202	18	19
202	20	21
202	22	22
202	24	24
202	26	26
202	28	29
202	30	30
202	32	32
202	33	34
202	35	35
202	36	37
202	41	41

203	0	0
203	1	1
203	2	2
203	4	5
203	6	7

204	0	1
204	2	2
204	4	5
204	6	6

205	0	0
205	1	1
205	2	3
205	4	4
205	5	5
205	6	6
205	7	7

206	1	1
206	2	2
206	3	7
206	8	8
206	10	10
206	11	11
206	12	12
206	13	14
206	16	17
206	18	18
206	19	19
206	20	20
206	21	21
206	22	25
206	26	26

207	0	0
207	1	1
207	2	3
207	4	4
207	6	6
207	7	7
207	8	8

208	1	1
208	2	2
208	3	5
208	7	8
208	9	9
208	11	11
208	12	12
208	13	13
208	14	17
208	18	18
208	19	19
208	20	20
208	21	21
208	22	26
208	27	27

209	0	0
209	1	1
209	3	4
209	6	6
209	7	8

210	1	1
210	2	3
210	4	4
210	5	8
210	9	9

211	0	0
211	1	1
211	2	2
211	3	3
211	4	4
211	6	7
211	8	9

212	1	1
212	2	2
212	3	3
212	4	5
212	6	6
212	7	7
212	8	9
212	12	12
212	13	13
212	14	17
212	19	19
212	20	20
212	21	21
212	22	22
212	24	24
212	25	26
212	28	28

213	0	0
213	1	1
213	3	4
213	6	6
213	7	7
213	8	8
213	9	13
213	15	15
213	16	16
213	17	20
213	21	21
213	23	24
213	26	27
213	29	29
213	30	30
213	31	34
213	35	35
213	37	40
213	42	42
213	43	43
213	44	47
213	48	48

214	0	0
214	1	1
214	2	2
214	3	4
214	5	5
214	6	7
214	10	10
214	11	11
214	12	12
214	13	14
214	15	15
214	17	17
214	18	19
214	20	21
214	22	22
214	23	23
214	25	25
214	26	26
214	27	29
214	30	30
214	31	32
214	33	33
214	34	35
214	36	36
214	37	38
214	39	39
214	42	43
214	44	44
214	45	45
214	46	46
214	47	47
214	48	49
214	50	51

215	0	0
215	1	2
215	3	3
215	5	5
215	6	6
215	7	8
215	9	9

216	0	0
216	1	4

217	0	0
217	1	1
217	2	2
217	4	7

218	0	0
218	1	1
218	2	2
218	4	5
218	6	6
218	9	9
218	10	10
218	11	11
218	12	12
218	13	13
218	17	18
218	21	21
218	22	22
218	23	23
218	24	24
218	25	25
218	26	26
218	27	27
218	28	28
218	30	30
218	31	32
218	33	33
218	34	34
218	35	35
218	36	36
218	37	37
218	38	39
218	40	40
218	41	41
218	42	42
218	43	43
218	44	45
218	46	46
218	47	47

219	1	1
219	2	3
219	4	4
219	5	5
219	6	6
219	7	7
219	8	8
219	9	9
219	10	10
219	12	12
219	13	13
219	14	14
219	16	16
219	17	17
219	18	18
219	19	19
219	20	21
219	22	22
219	23	25
219	27	27
219	28	29
219	31	32
219	33	33
219	34	34
219	35	36
219	37	37
219	38	38

223	0	0

225	0	0
225	1	1
225	2	2
225	3	3
225	4	8
225	9	9
225	10	13

226	0	0
226	1	1
226	3	4
226	5	5
226	6	7
226	8	8
226	9	9
226	10	11
226	12	14
226	15	18

231	0	1
231	2	3

232	0	2
232	4	5
232	6	7
232	8	8
232	9	10
232	11	12

235	0	1
235	2	2
235	3	4

237	0	1
237	2	3
237	5	6
237	7	8
237	9	10
237	11	12
237	13	13

242	0	1
242	2	3
242	4	5

243	0	1
243	3	3
243	4	4

244	0	1

245	0	1
245	2	3
245	4	5

246	0	1

248	0	1
248	2	3

249	0	1
249	2	3
249	8	9
249	10	12
249	14	15
249	16	17
249	18	20

250	0	1

251	0	1

252	0	0
252	1	1

253	0	2
253	4	7
253	8	8
253	9	9
253	10	10
253	12	14
253	15	15
253	16	16
253	17	17

254	0	2
254	3	3
254	4	4
254	5	5

255	0	2
255	3	3
255	4	4
255	5	5
255	7	7
255	8	8
255	9	9
255	10	11
255	12	12
255	13	13

256	0	0
256	1	1
256	2	3
256	4	4

257	0	0
257	1	2
257	3	3
257	4	4
257	5	5
257	6	6

258	0	0
258	1	2
258	3	3
258	5	6

259	0	4
259	6	9
259	10	10

260	0	3

261	0	3

262	0	1

263	0	1

264	0	1

265	0	2

266	0	0
266	2	3
266	4	5
266	6	7
266	8	9
266	10	12
266	13	13
266	14	15
266	16	16
266	17	17
266	18	19
266	20	20
266	21	22
266	23	23
266	24	25
266	26	26

268	0	0
268	1	1
268	2	2
268	4	6
268	7	8
268	9	10
268	11	12
268	13	14

269	0	2
269	3	4
269	5	5
269	6	7
269	8	9
269	10	11
269	12	13
269	14	14
269	15	15

270	0	0
270	1	1
270	3	5
270	6	7
270	8	9
270	10	11
270	12	13
270	15	16
270	17	17
270	18	19

273	0	1
273	3	4
273	5	6
273	7	8
273	9	10
273	11	12
273	13	13
273	14	15
273	16	16
273	18	19
273	20	21
273	22	23
273	24	25
273	26	27

274	0	0
274	1	2
274	3	3
274	5	6
274	7	8
274	9	10
274	11	11
274	12	13
274	14	15
274	16	17

275	0	0
275	1	3
275	4	4
275	5	5

276	1	2
276	4	5

277	0	1
277	3	6
277	8	10
277	12	14
277	16	18
277	20	20
277	21	24
277	25	25

278	0	0
278	1	1
278	3	5
278	7	10
278	12	15
278	17	19
278	20	20
278	21	24
278	25	25

279	0	1
279	3	5
279	7	9
279	11	11
279	13	15
279	16	16
279	17	20
279	21	21

280	0	2
280	4	6
280	8	8
280	10	10
280	12	14
280	15	15
280	16	19
280	20	20
280	21	21

281	0	0
281	2	4
281	5	6
281	7	8
281	9	10
281	11	12
281	13	14
281	15	19
281	21	22
281	23	23
281	24	25
281	26	27
281	29	29
281	30	30
281	31	32
281	33	35
281	36	38
281	39	40
281	41	42
281	43	44
281	45	46
281	47	48
281	49	50
281	51	52
281	54	54
281	55	55

282	0	0
282	1	1
282	2	2
282	4	4
282	5	6
282	7	7

283	0	1
283	2	3
283	4	4
283	5	6
283	7	7
283	8	8
283	9	9
283	10	11
283	12	12
283	13	14
283	15	16
283	17	17

284	0	0
284	1	1
284	2	3
284	4	5
284	6	6
284	7	7
284	8	8
284	10	10
284	11	11

285	0	0
285	1	1
285	2	3
285	4	5
285	6	7
285	8	8
285	9	11
285	12	12

286	0	0
286	1	1
286	3	4
286	5	6
286	7	8
286	9	9
286	10	12
286	13	13

287	0	0
287	1	1
287	2	3
287	4	4
287	5	6
287	7	9
287	10	11
287	12	12
287	13	15
287	16	16

288	0	0
288	1	1
288	2	3
288	4	5
288	6	7
288	8	8
288	9	11
288	12	12

289	0	0
289	1	1
289	2	2
289	4	5
289	6	6
289	7	8

290	0	0
290	1	1
290	2	2
290	3	3
290	4	4
290	6	7
290	8	13
290	15	15
290	16	17
290	18	20
290	21	21
290	22	23
290	24	25
290	26	26
290	27	28
290	29	31
290	32	32
290	33	33
290	34	34
290	35	36
290	38	38
290	39	40
290	41	41
290	42	43
290	44	46
290	48	50
290	52	52
290	53	54
290	55	57
290	58	58
290	59	60
290	61	62
290	63	63
290	64	65
290	66	68
290	69	69
290	70	70
290	71	71
290	72	73
290	75	75
290	76	77
290	78	78

291	0	0
291	1	1
291	2	2
291	3	3
291	4	4
291	6	7
291	8	8
291	9	9
291	10	11
291	12	13
291	14	14
291	15	16
291	17	18
291	19	19
291	20	20
291	21	22
291	23	23
291	24	25
291	26	26
291	27	27
291	28	31
291	32	32
291	33	33
291	34	34
291	35	35
291	36	37
291	38	39
291	40	40
291	41	41
291	42	42
291	43	43
291	44	44
291	46	46
291	47	47
291	49	49

292	0	0

294	0	0
294	1	1
294	2	2
294	3	3
294	4	8
294	9	9
294	10	13

295	0	0
295	1	1
295	2	2
295	4	5
295	6	7
295	8	9

296	0	0
296	1	1
296	2	2
296	3	3
296	4	4
296	6	6
296	7	8
296	9	9
296	10	11
296	12	13
296	14	14
296	15	15
296	16	16
296	18	19
296	20	20
296	21	22
296	23	24
296	25	26
296	27	27
296	28	28
296	29	30
296	31	31
296	32	32
296	34	34
296	35	35
296	36	37
296	39	40
296	42	43
296	44	44
296	45	45
296	47	47
296	48	48
296	49	50

297	0	1
297	3	4
297	5	5
297	6	7
297	8	8
297	9	10
297	11	12
297	14	15
297	16	16

298	0	0
298	1	1
298	2	2
298	3	3
298	4	4
298	6	6
298	7	8
298	9	9
298	10	11
298	12	13
298	14	15
298	16	17
298	18	19
298	20	21
298	22	22
298	23	23
298	24	25
298	26	28
298	29	29
298	30	31
298	32	33
298	35	36
298	37	37
298	38	42
298	43	43
298	44	44
298	45	45
298	46	48
298	49	50
298	52	52
298	53	54
298	55	56
298	57	57

299	0	0
299	1	1
299	2	2
299	4	4
299	5	6
299	7	8
299	9	11
299	12	12
299	13	13
299	14	14
299	15	15
299	16	16
299	17	17

300	0	0
300	1	3
300	4	4
300	6	8
300	9	10
300	11	12
300	13	13
300	14	14
300	15	15
300	16	17
300	18	18
300	19	20
300	21	22
300	23	25
300	26	26
300	27	30
300	31	31
300	32	32
300	33	35
300	36	37
300	38	38
300	39	40
300	41	41

301	0	0
301	1	1
301	2	2
301	4	6
301	7	8
301	9	10

302	0	0
302	1	1
302	2	2
302	3	3
302	4	4
302	5	6
302	7	8
302	9	11
302	12	12
302	13	13
302	14	16
302	17	18
302	19	20
302	21	21
302	22	22
302	23	24
302	25	26
302	28	28
302	29	29
302	30	30

303	0	0
303	1	1
303	2	2
303	4	5
303	6	7

304	0	1
304	2	3
304	4	4
304	5	5
304	6	7
304	8	9
304	10	10
304	11	14
304	15	15
304	16	16
304	17	18
304	19	20
304	21	21
304	22	23
304	24	25
304	26	27
304	28	29
304	30	30
304	31	31
304	32	34
304	35	36
304	37	37
304	38	39
304	40	40

305	0	1
305	2	2
305	3	3
305	4	5
305	6	7
305	8	8
305	9	9
305	10	11
305	12	13
305	14	14
305	15	16
305	17	17
305	18	19
305	20	21
305	22	22
305	23	23
305	24	26
305	27	28
305	29	29
305	30	31
305	32	32
305	33	33
305	34	34
305	35	36
305	38	38
305	39	39
305	40	42
305	43	43
305	44	44
305	45	46

306	0	3
306	4	4
306	5	5
306	6	6
306	7	7

307	0	0
307	1	1
307	2	2
307	4	4
307	5	6
307	7	8

308	0	0
308	1	1
308	2	2
308	3	3
308	4	4
308	6	8
308	9	9
308	10	11
308	12	13

309	0	1
309	2	3
309	4	7
309	8	9
309	10	11
309	13	14
309	15	15
309	16	20
309	21	21
309	22	22
309	23	23
309	24	25
309	26	27
309	28	29
309	30	30
309	31	32
309	33	34
309	35	36
309	37	37
309	38	39
309	40	40

310	0	0
310	1	1
310	2	5
310	6	6
310	7	8
310	9	9
310	10	10
310	11	11
310	12	13
310	14	14
310	15	15
310	16	17
310	18	19
310	20	23
310	24	25
310	26	26
310	27	28
310	29	30
310	31	32
310	33	33
310	34	35
310	36	38
310	39	39
310	40	40

311	0	0
311	1	1
311	2	3
311	4	5
311	6	6
311	7	10
311	11	11
311	12	12
311	13	13
311	14	15
311	16	17
311	18	18
311	19	20
311	21	22
311	23	23
311	24	24

312	0	0
312	1	1
312	3	3
312	4	5
312	6	6
312	7	8
312	9	10
312	11	11
312	12	13
312	14	15
312	16	16
312	17	17
312	18	19
312	20	21
312	22	22
312	23	24
312	25	26
312	27	27
312	28	28
312	29	30
312	31	31
312	32	33
312	34	35
312	36	36
312	37	38
312	39	39

313	0	0
313	1	1
313	3	4
313	5	5
313	6	7
313	8	9
313	10	10
313	12	13
313	14	14
313	15	19
313	20	20
313	21	21
313	22	22
313	23	24
313	25	25

314	0	0
314	1	1
314	2	2
314	3	3
314	4	4
314	6	8
314	9	10
314	11	12

315	2	4
315	5	6
315	7	9
315	10	11
315	12	13
315	14	15
315	16	16
315	17	18
315	19	20
315	21	22
315	23	24
315	25	25
315	26	27
315	28	28
315	29	30
315	31	32
315	33	33
315	34	35
315	36	37
315	38	38
315	39	39
315	40	41
315	42	42
315	43	44
315	45	46
315	47	48
315	49	49
315	50	51
315	52	53
315	54	54
315	55	57
315	58	58
315	59	60
315	61	63
315	64	65
315	66	67
315	68	69
315	70	70
315	71	72
315	73	74
315	75	76
315	77	78
315	79	79
315	80	81
315	82	82

316	0	0
316	1	1
316	2	3
316	5	6
316	7	8
316	9	9
316	10	11

317	0	2
317	3	4
317	5	6
317	7	7
317	8	9
317	10	10
317	11	12
317	13	14
317	15	15
317	16	17
317	18	19
317	20	21
317	22	23
317	24	24
317	25	27
317	28	29
317	30	31
317	32	32
317	33	35
317	36	36
317	37	38
317	39	40

318	0	1
318	2	2
318	3	7
318	8	8
318	9	9
318	10	10
318	11	12
318	13	14
318	15	16
318	17	17

319	0	0
319	1	1
319	2	2
319	4	5
319	6	7
319	8	9
319	10	10
319	11	11
319	12	13
319	14	17

320	0	0
320	1	2
320	3	4
320	5	5
320	6	7
320	8	9
320	10	11
320	12	12
320	13	13
320	14	15
320	16	17
320	18	21
320	22	22
320	23	24
320	25	25
320	26	26
320	27	27
320	28	29
320	30	30

323	0	0

325	0	0
325	1	1
325	2	2
325	3	3
325	4	4
325	5	8
325	9	9
325	10	10
325	11	11
325	12	12
325	13	13

326	0	0
326	1	1
326	3	4
326	5	6
326	7	8
326	9	9
326	10	10
326	11	12
326	13	16

328	0	1
328	2	3
328	4	5
328	6	7
328	8	8
328	9	9
328	10	10
328	11	11
328	12	12
328	13	13
328	15	15
328	16	16
328	17	17
328	18	18
328	20	20
328	21	21
328	22	22
328	23	23
328	25	25
328	26	26
328	27	27
328	28	28

330	0	3

331	0	1
331	3	3
331	4	4
331	5	5
331	6	6
331	8	8
331	9	10
331	11	11
331	12	13
331	14	14
331	15	15
331	16	16
331	18	18
331	20	21
331	22	23
331	24	24
331	25	25
331	26	26
331	27	27
331	28	28
331	29	29
331	31	31
331	32	32
331	33	33

332	0	0
332	2	3
332	4	5
332	6	7
332	8	9
332	10	10
332	11	12
332	13	14
332	15	16
332	17	17
332	18	19
332	20	20
332	21	22
332	23	23
332	24	25
332	26	27
332	28	28
332	29	29
332	30	31
332	32	33
332	34	35
332	36	36
332	37	38
332	39	40
332	41	41
332	42	42
332	43	43

334	0	0
334	1	1
334	2	2
334	3	3
334	5	6
334	7	8

335	2	4
335	5	5
335	6	7
335	8	8
335	9	9
335	11	11
335	12	12
335	13	13
335	14	14
335	15	15
335	16	16
335	17	17
335	18	18
335	19	19
335	20	20
335	21	22
335	23	24
335	25	25
335	26	27
335	28	29
335	30	30
335	31	32
335	33	34
335	35	36
335	37	37
335	38	38
335	39	39
335	40	40
335	41	41
335	42	42
335	43	43
335	44	44
335	45	45
335	46	46
335	47	48
335	49	50
335	51	51
335	52	53
335	54	55
335	56	57
335	58	59
335	60	61
335	62	63
335	64	65
335	66	67
335	68	68

336	0	0
336	1	1
336	2	2
336	3	3
336	5	7
336	8	8
336	9	10
336	11	12

337	0	2
337	3	3
337	4	5
337	6	6
337	7	8
337	9	10
337	11	11
337	12	13
337	14	15
337	16	16
337	17	18
337	19	19
337	20	21
337	22	23
337	24	24
337	25	25
337	26	27
337	28	28
337	29	29
337	30	30
337	31	31

338	0	0
338	2	3
338	4	5
338	6	7
338	8	9

339	0	0
339	1	1
339	2	2
339	4	5
339	6	7

340	2	4
340	5	6
340	7	8
340	9	9
340	10	10
340	11	12
340	13	14
340	15	15
340	16	17
340	18	19
340	20	20
340	21	21
340	22	23
340	24	24
340	25	26
340	27	28
340	29	30
340	31	32
340	33	34
340	36	36
340	37	37
340	38	39
340	40	42
340	43	44
340	45	45
340	46	47
340	48	48
340	49	50
340	51	51
340	52	54
340	55	55
340	56	58
340	59	60
340	61	61
340	62	62
340	63	63
340	64	65
340	66	66
340	67	67
340	68	70
340	71	72
340	73	73
340	74	74
340	75	75

341	0	1
341	2	3
341	4	5
341	6	7
341	8	8
341	9	10
341	11	12
341	13	14
341	15	15
341	16	17
341	18	18
341	19	20
341	21	22
341	23	24
341	25	25
341	26	27
341	28	30
341	31	32
341	33	34
341	35	36
341	37	37

342	0	0
342	1	1
342	2	2
342	4	5
342	6	6
342	7	8

343	0	0
343	1	1
343	2	2
343	3	3
343	4	4
343	6	7
343	8	8
343	9	10
343	11	11
343	12	13
343	14	14
343	15	15
343	16	17
343	18	19
343	20	21
343	22	22
343	23	23
343	24	24
343	25	26
343	27	27
343	28	29
343	30	30
343	31	32
343	33	34
343	35	36
343	37	38
343	39	39

344	0	0
344	1	1
344	2	2
344	3	3
344	4	4
344	6	8
344	9	10
344	11	12
344	13	13
344	14	15
344	16	16
344	17	18
344	19	19
344	20	21
344	22	23
344	24	24
344	25	26
344	27	28
344	29	30
344	31	31
344	32	33
344	34	35
344	36	36
344	37	38
344	39	40
344	41	41
344	42	43
344	44	45
344	46	47
344	48	49
344	50	51
344	52	53
344	54	54
344	55	56
344	57	58
344	59	59
344	60	63
344	64	65
344	66	66
344	67	68
344	69	69
344	70	70
344	71	71
344	72	72
344	73	73
344	74	75
344	76	76
344	77	77
344	78	79
344	80	81
344	82	83
344	84	84
344	85	85
344	86	87
344	88	88
344	89	90
344	91	91
344	92	92
344	93	93
344	94	95
344	96	96
344	97	98
344	99	100
344	101	101

345	0	0
345	1	1
345	2	2
345	3	3
345	4	4
345	6	7
345	8	9
345	10	10
345	11	12
345	13	13
345	14	15
345	16	17
345	18	19
345	20	20
345	21	22
345	23	24
345	25	26
345	27	27
345	28	29
345	30	31
345	32	33
345	34	34
345	35	36
345	37	37
345	38	39
345	40	40
345	41	42
345	43	44
345	45	45
345	46	47
345	48	48

346	0	1
346	2	3
346	4	4
346	5	6
346	7	8
346	9	9
346	10	11
346	12	12

347	0	0
347	1	1
347	2	2
347	3	3
347	4	4
347	6	8
347	9	10
347	11	12
347	13	13
347	14	15
347	16	17
347	18	18
347	19	19
347	20	21
347	22	23
347	24	24
347	25	26
347	27	27
347	28	29
347	30	30
347	31	32
347	33	33
347	34	35
347	36	37
347	38	38
347	39	40
347	41	41

348	0	0
348	1	1
348	2	2
348	3	3
348	4	4
348	6	9
348	10	11
348	12	12
348	13	14
348	15	17
348	18	19
348	20	22
348	23	23
348	24	25
348	26	27
348	28	28

349	0	0
349	1	1
349	2	2
349	4	5
349	6	6
349	7	8
349	9	9

350	0	0
350	1	1
350	2	2
350	3	3
350	4	4
350	6	7
350	8	9
350	10	11
350	12	13
350	14	14
350	15	16
350	17	18
350	19	19

351	0	0
351	1	1
351	2	2
351	3	3
351	4	4
351	6	8
351	9	10
351	11	12
351	13	13
351	14	15
351	16	16
351	17	19
351	20	20
351	21	21
351	22	22
351	23	23
351	24	24
351	25	25
351	26	26
351	27	28
351	29	29
351	30	30
351	31	31
351	32	32
351	33	33
351	34	34
351	35	35
351	36	36
351	37	38
351	39	40
351	41	42
351	43	43
351	44	45
351	46	47
351	48	48
351	49	50

352	0	0
352	1	2
352	3	3
352	4	5
352	6	7
352	8	8

353	0	0
353	1	1
353	2	2
353	3	3
353	4	4
353	6	6
353	7	7
353	8	9
353	10	11
353	12	13
353	14	14
353	15	16
353	17	19
353	20	20
353	21	21
353	22	23
353	24	25
353	26	26
353	27	27
353	28	29
353	30	30
353	31	33
353	34	34
353	35	36
353	37	37
353	38	38
353	39	40
353	41	41
353	42	44
353	45	45
353	46	46

354	0	0
354	1	1
354	2	2
354	3	3
354	4	4
354	5	6
354	7	8
354	9	9
354	10	11
354	12	14
354	15	15
354	16	17
354	18	19
354	20	20
354	21	22
354	23	24
354	25	25

355	0	0
355	1	1
355	2	2
355	3	3
355	4	4
355	6	7
355	8	9
355	10	11
355	12	13
355	14	14
355	15	15
355	16	17
355	18	19
355	20	21
355	22	24
355	25	25

356	0	0
356	1	1
356	2	2
356	3	3
356	4	4
356	6	7
356	8	8
356	9	9
356	10	11
356	12	13
356	14	15
356	16	17
356	18	19
356	20	22
356	23	23

357	0	0

359	0	0
359	1	1
359	2	2
359	3	3
359	4	8
359	9	9
359	10	13

360	0	2
360	3	4
360	5	6

361	0	2
361	3	3
361	4	4
361	5	6
361	7	8
361	9	10

362	0	1
362	2	3
362	4	5
362	6	6
362	7	7
362	8	8
362	9	9
362	10	10
362	11	11
362	12	13
362	14	15
362	16	16
362	17	18
362	19	20
362	21	22
362	23	23
362	25	25
362	26	26
362	27	27
362	28	28
362	29	29
362	30	30
362	31	31
362	32	32
362	33	33
362	34	34
362	35	35
362	36	36

363	0	2
363	3	3
363	4	4
363	5	5
363	6	7
363	8	9
363	10	11

364	0	0
364	1	1
364	2	2
364	3	3
364	4	4
364	5	8
364	9	9
364	10	10
364	11	12
364	13	14
364	15	16
364	17	18
364	19	19
364	20	21
364	22	22
364	23	23
364	24	26
364	27	27
364	28	28
364	29	29
364	30	31
364	32	32
364	33	33
364	34	35
364	36	36
364	37	37
364	38	38
364	39	39

365	0	2
365	3	3
365	4	4
365	5	6
365	7	8
365	9	10

366	0	1
366	2	3
366	4	5
366	6	6
366	7	8
366	9	10
366	11	13
366	14	14
366	15	17
366	18	20
366	21	22
366	23	23
366	24	24
366	25	26
366	27	27
366	28	29
366	30	30
366	31	31
366	32	33
366	34	34
366	35	36
366	37	38
366	39	40
366	41	41

367	0	1
367	2	3
367	4	5
367	6	6

368	0	2
368	3	6

369	0	1
369	2	3
369	4	5
369	6	8
369	9	10
369	11	11
369	12	12
369	13	14
369	15	15
369	16	17
369	18	19
369	20	21
369	22	22
369	23	23
369	24	25
369	26	27
369	28	29
369	30	30

370	0	5
370	6	6
370	7	7
370	8	9

371	0	2
371	3	3
371	4	4
371	5	6
371	7	7
371	8	9
371	10	11

372	0	1
372	2	2
372	3	3
372	4	4
372	5	5
372	6	6
372	8	9
372	10	10
372	11	13
372	14	15
372	16	16
372	17	17
372	18	19
372	20	21
372	22	23
372	24	25
372	26	26
372	27	27

373	0	0
373	1	1
373	3	5
373	6	7
373	8	9
373	10	11
373	12	13
373	15	16
373	17	17
373	18	19

376	0	1
376	3	4
376	5	6
376	7	8
376	9	10
376	11	12
376	13	13
376	14	15
376	16	16
376	18	19
376	20	21
376	22	23
376	24	25

377	0	0
377	1	2
377	3	3
377	5	6
377	7	8
377	9	10
377	11	12

378	0	0
378	1	3
378	4	4
378	5	5

379	1	2
379	4	5

380	0	1
380	3	3
380	4	4
380	5	5
380	7	7
380	8	8
380	9	9
380	10	10
380	12	12
380	13	13
380	14	14
380	15	15
380	17	17
380	18	18
380	19	19
380	21	21
380	22	22
380	23	23
380	24	24
380	25	25
380	26	26

381	0	2
381	3	3
381	4	4
381	5	6
381	7	8
381	9	10

382	2	3
382	4	5
382	6	7
382	8	8
382	9	9
382	10	11
382	12	13
382	14	14
382	15	16
382	17	18
382	19	19
382	20	21
382	22	22
382	23	23
382	24	24
382	25	26
382	27	27
382	28	28
382	29	29
382	30	30
382	31	31
382	32	32
382	33	33
382	34	34
382	35	35
382	36	36
382	37	37
382	38	39
382	40	40
382	41	41
382	42	43
382	44	44
382	45	45
382	46	46
382	47	47
382	48	48
382	50	50
382	51	51
382	52	52
382	53	53
382	54	54
382	55	55
382	56	56
382	57	57
382	58	58
382	59	59
382	60	60
382	61	62
382	63	63
382	64	64
382	65	66
382	67	67
382	68	68
382	69	69
382	70	70

383	0	0
383	1	2
383	3	4
383	5	6
383	7	8
383	9	9
383	10	10
383	11	12
383	13	14
383	15	16
383	17	17

384	0	2
384	3	3
384	4	4
384	5	5
384	6	8

385	0	0
385	1	3
385	4	4
385	5	6
385	7	7
385	8	8
385	9	9
385	10	10
385	11	11
385	12	12
385	13	13
385	14	14

386	0	2
386	3	3
386	4	4
386	5	6
386	7	7
386	8	9
386	10	11

387	0	2
387	3	4
387	5	6
387	7	7
387	8	9
387	10	11
387	12	12
387	13	14
387	15	15
387	16	16
387	17	17
387	18	18
387	19	21
387	22	22

388	0	0
388	1	1
388	3	5
388	6	7
388	8	9
388	10	11
388	12	13
388	15	16
388	17	17
388	18	19

390	0	1
390	2	3
390	5	6
390	7	8
390	9	10
390	12	13
390	14	15
390	16	17
390	19	20
390	21	22

391	0	1
391	2	2
391	4	4
391	5	5
391	6	6
391	8	8
391	9	9
391	10	10
391	12	12
391	13	13
391	14	14

392	0	0

394	0	0
394	1	1
394	2	2
394	3	3
394	4	8
394	9	9
394	10	13

395	2	3
395	4	5
395	6	6
395	7	10
395	11	11
395	12	12
395	13	13
395	14	15
395	16	16
395	17	18
395	21	21
395	22	22
395	23	24
395	25	26
395	27	27
395	28	31
395	32	32
395	34	34
395	35	35
395	36	37
395	38	38
395	39	41
395	42	43
395	44	44
395	45	45
395	47	48
395	49	49
395	50	52
395	53	53
395	55	56

396	0	1
396	2	2
396	3	7
396	8	8
396	9	12
396	13	13
396	14	15
396	16	17
396	18	18

397	0	0
397	1	1
397	2	2
397	3	3
397	4	4
397	6	7
397	8	9
397	10	11

398	0	1
398	2	3
398	4	6
398	7	7
398	9	9
398	11	11
398	12	13
398	14	14
398	15	15
398	17	17
398	18	19
398	20	21
398	22	22
398	24	24
398	26	26
398	28	29
398	31	32
398	34	34
398	36	37
398	38	38

399	0	0
399	1	1
399	2	3
399	4	4
399	5	6
399	8	8
399	10	10
399	11	11
399	12	13
399	14	14
399	15	16
399	18	18
399	20	20
399	21	22
399	23	23
399	24	24
399	25	25
399	26	26

400	0	0
400	1	1
400	2	2
400	4	6

401	0	0
401	1	1
401	2	2
401	3	3
401	4	4
401	6	8
401	9	10

402	2	4
402	5	5
402	6	8
402	9	9
402	11	12
402	14	19
402	20	20
402	21	23
402	24	24
402	25	25
402	26	26
402	27	28
402	29	29
402	30	31
402	32	33
402	34	34
402	35	35
402	37	37
402	38	38
402	39	39
402	42	43
402	44	44
402	45	46
402	47	49
402	50	50
402	51	51
402	52	53
402	55	55
402	56	57
402	58	58
402	59	60
402	61	68
402	69	69
402	70	73
402	74	74
402	75	76
402	77	77
402	78	79
402	80	80

403	0	0
403	1	1
403	2	2
403	3	3
403	4	4
403	6	8
403	9	9
403	10	11
403	12	13

404	0	0
404	1	1
404	2	2
404	4	4
404	5	5
404	6	6
404	7	7
404	8	8
404	9	9
404	10	10
404	11	11
404	12	12
404	13	13
404	15	15
404	16	17
404	18	18
404	19	20
404	21	21
404	22	22
404	23	25
404	27	27
404	28	29
404	31	32
404	33	33

405	0	0
405	1	1
405	2	2
405	3	3
405	4	4
405	6	8
405	9	9
405	10	11
405	12	13

406	0	2
406	3	4
406	5	6
406	7	7
406	8	8
406	9	9
406	10	10
406	11	11
406	12	12
406	14	15
406	16	16
406	17	18
406	19	19
406	20	20
406	21	21
406	22	22
406	23	23

407	0	0
407	1	1
407	2	2
407	4	5
407	6	6
407	7	7
407	8	9

408	0	0
408	1	2
408	3	3
408	4	4
408	5	6
408	7	7

409	0	0
409	1	1
409	2	2
409	4	5

410	0	1
410	2	3
410	4	5
410	6	8
410	9	9
410	10	11
410	12	13
410	14	16
410	17	17
410	18	18
410	19	20
410	21	21
410	22	22
410	23	24
410	25	26
410	27	27
410	28	29
410	31	32
410	33	33
410	34	38
410	39	39
410	40	40
410	41	41
410	42	43
410	44	45
410	46	46

411	0	0
411	1	2

412	0	0
412	1	1
412	2	2
412	4	5
412	6	7

413	0	2
413	3	4
413	5	6
413	7	7
413	8	9
413	10	12
413	13	13
413	14	15
413	16	17
413	18	20
413	21	22
413	23	24
413	26	26
413	27	27
413	28	29
413	30	32
413	33	33
413	34	35
413	36	37
413	38	40
413	41	41
413	42	42
413	43	43

414	0	1
414	2	2
414	3	3
414	4	5
414	6	6

415	2	6
415	8	10
415	11	11
415	12	13
415	15	16
415	17	17
415	18	22
415	23	23
415	24	24
415	25	26
415	27	27
415	28	29
415	30	31
415	32	33
415	34	34
415	35	35
415	36	36
415	38	39
415	40	41
415	42	42
415	43	47
415	49	51
415	52	52
415	53	54
415	55	56
415	58	59
415	60	60
415	61	62
415	63	63
415	64	64
415	65	66
415	67	67
415	68	69
415	70	70

416	0	0
416	1	1
416	2	2
416	4	5
416	6	8
416	9	10

417	0	0
417	1	1
417	2	2
417	3	3
417	4	4
417	6	7
417	8	9

418	0	1
418	2	3
418	4	5
418	6	6
418	7	7
418	8	9
418	10	10

419	0	0
419	1	1
419	2	3
419	4	4
419	5	6
419	8	8
419	10	10

420	0	0
420	1	1
420	2	3
420	4	5
420	7	7
420	8	9
420	10	10
420	11	12
420	13	14
420	15	15

421	0	0
421	1	1
421	3	3
421	5	5
421	7	7
421	9	9
421	11	11
421	13	13
421	15	15
421	17	17

422	0	0
422	1	1
422	2	3
422	4	5
422	6	6
422	7	8
422	9	10
422	11	11
422	13	13

423	0	0
423	1	1
423	2	3
423	4	5
423	6	7
423	9	9
423	10	11
423	12	13
423	15	15
423	16	16
423	17	19
423	20	20
423	21	21
423	22	22
423	23	24
423	26	26
423	28	28

424	0	0
424	1	1
424	2	3
424	4	4
424	5	6
424	7	8
424	10	10
424	11	11
424	12	14
424	15	15
424	16	16
424	17	17
424	18	19
424	21	21
424	23	23

425	0	0
425	1	1
425	2	3
425	4	4
425	5	6
425	7	7
425	8	9
425	11	12
425	13	13
425	15	15
425	16	17
425	18	19
425	20	21
425	22	23
425	24	24
425	26	26

426	0	0

428	0	0
428	1	1
428	2	2
428	3	3
428	4	8
428	9	9
428	10	13

429	0	0
429	1	1
429	2	3
429	4	4
429	5	6
429	7	7
429	8	9
429	10	11
429	12	13
429	14	14

430	0	0
430	1	1
430	2	3
430	4	5
430	6	7
430	8	9
430	10	10
430	11	12
430	13	14
430	15	16
430	17	18
430	19	19
430	20	23
430	24	24
430	25	25
430	26	28
430	30	31
430	33	34
430	35	36
430	37	37
430	38	41
430	42	43
430	44	45
430	46	47
430	48	49
430	50	50
430	51	51

431	0	0
431	1	1
431	2	2
431	3	3
431	4	5
431	6	7
431	8	9
431	10	11
431	12	12
431	13	16
431	17	17
431	18	18

432	0	0
432	1	1
432	2	3
432	4	5
432	6	7
432	8	9
432	10	11
432	12	13
432	14	14

433	0	0
433	1	1
433	2	3
433	4	5
433	6	7
433	8	9
433	10	10
433	11	12
433	13	14
433	15	16
433	17	18
433	19	20
433	21	21

434	1	1
434	2	2
434	3	5
434	6	7
434	8	9
434	10	11
434	12	12
434	14	14
434	15	15
434	17	18
434	19	20
434	21	22
434	23	24
434	25	25
434	27	27
434	28	28
434	30	31
434	32	33
434	34	35
434	36	37
434	38	38
434	40	40
434	41	41
434	43	45
434	46	47
434	48	49
434	50	50
434	52	52
434	53	53
434	55	57
434	58	58
434	59	59
434	60	61
434	62	63
434	64	64

435	0	0
435	1	1
435	3	4
435	5	5
435	6	7
435	8	9
435	10	10
435	11	12
435	13	14
435	15	16
435	17	17

436	0	0
436	1	1
436	3	5
436	6	7
436	8	9
436	10	10

437	0	0
437	1	1
437	2	4
437	5	6
437	7	7

438	0	0
438	1	1
438	2	3
438	4	5
438	6	7
438	8	9
438	10	10

439	0	0
439	1	1
439	3	4
439	5	5
439	6	7
439	8	10
439	11	12
439	13	13

440	0	0
440	1	1
440	2	4
440	5	6
440	7	7
440	8	9
440	10	11
440	12	13
440	14	14
440	15	18
440	19	19
440	20	20
440	21	21
440	22	23
440	24	24
440	25	26
440	27	28
440	29	30
440	31	32
440	33	33
440	34	37
440	38	38
440	39	40
440	41	42
440	43	44
440	46	46
440	47	47

441	0	2
441	3	3
441	4	4
441	6	7
441	8	9

442	1	2
442	3	4
442	5	6
442	7	8
442	9	10
442	11	11
442	13	13
442	14	14
442	16	17
442	18	19
442	20	21
442	22	23
442	24	24
442	26	26
442	27	27
442	29	30
442	31	32
442	33	33

443	0	0
443	1	1
443	3	4
443	5	5
443	6	7
443	8	9
443	10	11
443	12	13
443	14	14

444	0	0
444	1	1
444	2	3
444	4	5
444	6	7
444	8	9
444	10	10
444	11	12
444	13	14
444	15	16
444	17	18
444	19	19
444	20	23
444	24	24
444	25	25
444	26	28
444	30	31
444	33	34
444	35	36
444	37	37
444	38	41
444	42	43
444	44	45
444	46	46
444	47	48
444	49	50
444	51	52
444	53	53
444	54	54

445	0	0
445	1	1
445	2	4
445	5	6
445	7	8
445	9	10
445	11	11

446	0	0
446	1	1
446	2	3
446	4	5
446	6	7
446	8	8
446	9	10
446	11	12
446	13	13
446	15	18
446	19	19
446	20	20
446	21	21

447	0	2
447	3	4
447	5	6
447	7	9
447	10	11

448	0	2
448	3	3
448	4	4
448	5	6
448	7	8

449	0	1
449	2	3
449	4	5
449	6	7
449	8	9
449	10	10

450	0	0
450	1	1
450	2	3
450	4	6
450	7	7
450	8	9
450	10	10

451	1	1
451	2	2
451	3	4
451	5	5
451	6	7
451	8	8
451	9	10
451	11	11
451	12	13
451	14	15
451	16	16
451	18	18
451	19	19
451	21	22
451	23	24
451	25	25
451	26	27
451	28	29
451	30	31
451	32	32
451	34	34
451	35	35
451	37	38
451	39	40
451	41	41
451	42	43
451	44	45
451	46	47
451	48	48

452	0	0
452	1	1
452	2	3
452	4	5
452	6	7
452	8	8
452	9	10
452	11	12
452	13	14
452	15	15
452	16	18
452	19	19
452	20	20
452	21	21
452	22	24
452	25	26
452	27	27

453	0	0
453	1	1
453	2	3
453	4	4
453	5	6
453	7	8
453	9	10
453	11	11
453	12	14
453	15	15
453	16	16
453	17	17
453	18	20
453	21	22
453	23	23
453	25	25
453	26	26
453	28	29
453	30	31
453	32	33
453	34	34
453	35	36
453	37	38
453	39	40
453	41	42
453	43	44
453	45	45
453	47	47
453	48	48
453	50	51
453	52	52
453	53	54
453	55	55
453	56	57
453	58	59
453	60	61
453	62	62

454	0	0
454	1	1
454	2	3
454	4	5
454	6	7
454	8	9
454	10	10
454	11	12
454	13	14
454	15	16
454	17	18
454	19	19
454	20	23
454	24	24
454	25	25

455	0	0
455	1	1
455	2	3
455	4	5
455	6	7
455	8	8

456	0	0
456	1	1
456	2	3
456	4	5
456	6	7
456	8	8

457	0	0

459	0	0
459	1	1
459	2	2
459	3	3
459	4	5
459	6	6
459	7	8
459	9	9
459	10	12
459	13	13

460	0	0
460	1	1
460	3	4
460	5	6
460	7	8
460	9	10
460	11	11
460	13	13
460	14	14
460	16	17
460	18	19
460	20	21
460	22	22
460	24	24
460	25	25
460	27	29
460	30	31
460	32	32

461	0	0
461	1	1
461	3	4
461	5	6
461	7	8
461	9	10

462	0	0
462	1	1
462	2	2
462	3	3
462	4	4
462	6	7
462	8	9

463	0	1
463	2	3
463	4	5
463	6	7
463	8	9

464	0	0
464	1	1
464	3	4
464	5	6
464	7	7

465	0	0
465	1	1
465	3	4
465	5	6
465	7	8
465	9	10

466	0	2
466	3	5
466	6	7
466	8	9

467	0	2
467	3	3
467	4	4
467	5	6
467	7	8

468	0	1
468	2	3
468	4	5
468	6	7
468	8	9

469	1	1
469	2	2
469	4	5
469	6	6
469	7	8
469	9	9
469	10	11
469	12	13
469	14	14
469	16	16
469	17	17
469	19	20
469	21	22
469	23	23
469	24	25
469	26	27
469	28	29
469	30	30
469	32	32
469	33	33
469	35	36
469	37	38
469	39	39
469	40	41
469	42	43
469	44	45
469	46	46
469	48	48
469	49	49
469	51	52
469	53	54
469	55	56
469	57	58
469	59	60
469	61	62
469	63	63

470	0	0
470	1	1
470	3	3
470	4	4
470	5	5
470	6	6
470	7	8
470	9	10
470	11	12
470	13	14
470	15	16
470	17	18
470	19	19

471	0	0
471	1	1
471	3	4
471	5	6
471	7	8
471	9	9

472	1	1
472	2	2
472	4	5
472	6	7
472	8	9
472	10	11
472	12	12
472	14	14
472	15	15
472	17	19
472	20	21
472	22	23
472	24	25
472	26	26
472	28	28
472	29	29
472	31	33
472	34	35
472	36	36

473	0	0
473	1	1
473	3	4
473	5	6
473	7	8
473	9	10

474	0	2
474	3	3
474	4	4
474	5	6
474	7	8

475	0	1
475	2	3
475	4	5
475	6	7
475	8	9

476	0	0
476	1	1
476	3	3
476	4	4
476	5	5
476	6	6
476	7	8
476	9	10
476	11	12
476	13	14
476	15	16
476	17	18
476	19	19

477	0	0
477	1	1
477	3	5
477	6	7
477	8	9
477	10	11
477	12	13
477	14	15
477	16	16

478	0	0
478	1	1
478	3	4
478	5	6
478	7	7
478	8	9
478	10	11
478	12	12
478	14	14
478	15	15
478	16	16
478	17	17
478	18	18
478	19	19
478	20	20
478	21	21
478	22	22
478	23	23
478	24	24
478	25	25

479	0	2
479	3	4
479	5	6

480	0	2
480	3	3
480	4	4
480	5	6

481	0	1
481	2	3
481	4	5
481	7	7
481	8	8
481	9	9
481	10	10
481	11	11
481	12	12
481	13	13
481	14	14
481	15	15
481	16	17
481	18	18
481	19	20
481	21	21
481	22	23
481	24	26
481	27	28
481	29	32
481	33	33
481	34	35
481	37	38
481	39	40
481	41	41
481	42	43
481	44	46
481	47	48

482	0	2
482	3	3
482	4	4
482	5	6
482	7	8
482	9	10

483	0	1
483	2	3
483	4	4
483	6	6
483	7	7
483	8	8
483	9	9
483	10	10
483	11	11
483	12	12
483	13	13
483	14	14
483	15	15
483	16	16
483	17	17
483	18	18
483	19	19
483	20	20
483	21	22

484	0	1
484	2	3
484	4	5
484	6	6
484	7	7
484	8	9
484	10	11
484	12	12
484	13	13
484	14	15
484	16	18
484	19	20
484	21	22
484	23	24
484	25	25
484	26	27
484	28	29
484	30	30
484	31	31
484	32	33
484	34	35
484	36	36
484	37	37
484	38	41
484	42	42

485	0	0
485	1	1
485	2	3
485	4	4
485	5	5
485	6	6
485	7	7
485	8	10
485	11	11
485	12	13
485	14	15
485	16	17
485	18	18
485	19	20
485	21	21
485	22	23
485	24	25

486	0	0
486	1	2
486	3	4
486	5	6
486	7	8
486	9	9
486	10	10
486	11	12
486	13	14
486	15	17
486	18	18
486	19	19
486	20	21
486	22	23
486	24	24
486	25	25
486	26	26
486	27	30
486	31	32
486	33	33
486	34	35
486	36	36
486	37	38

489	0	0
489	1	1

491	0	0
491	1	1
491	2	2
491	3	3
491	4	4
491	5	8
491	9	9
491	10	10
491	11	11
491	12	12
491	13	13

492	0	0
492	1	1
492	2	2
492	3	3
492	4	4
492	6	7
492	8	9
492	10	11
492	12	13
492	14	14
492	15	16
492	17	18
492	19	20
492	21	22
492	23	23
492	24	27
492	28	28

494	0	1

495	1	1
495	2	2
495	3	3
495	4	4
495	5	5
495	6	6
495	7	7
495	9	9
495	10	10
495	11	11
495	12	12
495	13	13
495	14	14
495	15	15

496	0	0
496	1	1
496	2	3
496	4	5
496	6	6
496	7	8
496	9	10
496	11	12
496	13	13

497	0	0
497	1	1
497	2	2
497	3	3
497	4	4
497	5	5
497	6	6
497	7	7

498	0	0
498	1	1
498	2	2
498	3	3
498	4	4
498	5	5

499	0	0
499	1	1
499	3	3
499	4	4
499	5	5
499	6	6
499	7	7
499	8	9
499	10	10
499	11	12
499	13	13
499	14	14
499	15	17
499	19	22
499	23	24
499	25	26
499	27	27

500	0	0
500	1	2
500	3	3
500	4	5
500	6	8
500	9	10
500	11	11
500	12	13
500	14	14
500	15	16
500	17	17
500	18	18
500	19	20
500	21	22
500	23	23
500	24	25
500	26	27
500	28	29
500	30	30
500	31	31
500	32	33

501	0	0
501	1	1
501	2	2
501	3	3
501	4	5
501	6	6
501	7	7
501	8	8
501	9	9
501	10	10
501	11	12
501	13	13
501	14	15
501	16	17
501	18	18

502	0	0
502	1	1
502	2	3
502	4	4
502	5	5
502	6	6
502	7	7
502	8	9
502	10	10
502	11	11
502	12	12
502	13	13
502	14	14

503	0	0
503	1	1
503	2	3
503	4	4
503	5	5
503	6	6
503	7	7
503	8	9
503	10	10
503	11	11
503	12	12
503	13	13
503	14	14

504	0	0
504	1	1
504	2	3
504	4	4
504	5	5
504	6	6
504	7	7
504	8	9
504	10	11
504	12	13
504	14	14
504	15	15
504	16	16
504	17	17
504	18	18
504	19	20
504	21	22
504	23	23
504	24	24
504	25	25
504	26	27
504	28	29
504	30	30
504	31	32
504	33	34
504	35	36
504	37	38
504	39	40
504	41	42
504	43	43
504	44	44
504	45	46
504	47	48
504	49	50
504	51	51
504	52	52
504	53	54
504	55	56
504	57	58
504	59	60
504	61	62
504	63	63
504	64	64

505	0	0
505	1	1
505	2	3
505	4	4
505	5	6
505	7	9
505	10	10
505	11	12
505	13	13
505	14	14
505	15	15
505	16	16
505	17	18
505	19	19
505	20	20
505	21	21
505	22	22
505	23	23
505	24	24
505	25	25
505	26	27
505	28	29
505	30	31
505	32	32

506	0	0
506	1	1
506	2	3
506	4	4
506	5	5
506	6	6
506	7	7
506	8	9
506	10	10
506	11	11
506	12	12
506	13	13
506	14	14

507	0	0
507	1	1
507	2	2
507	3	4
507	5	5
507	6	6
507	7	7
507	8	8
507	9	9
507	10	11
507	12	12
507	13	13
507	14	15
507	16	17
507	18	19

508	0	1
508	2	2
508	3	3
508	4	4
508	5	5
508	6	6
508	7	7
508	8	8
508	9	9
508	10	10
508	11	11
508	12	12
508	13	13
508	14	14
508	15	15
508	16	16
508	17	17
508	18	18
508	19	19
508	20	20
508	21	21
508	22	22
508	23	23
508	24	24
508	25	25
508	26	26
508	27	27
508	28	28
508	29	29
508	30	30
508	31	31
508	32	32
508	33	33

509	0	0
509	1	2
509	3	4
509	5	6
509	7	7
509	8	9
509	10	11
509	12	12
509	13	13
509	14	15
509	16	17
509	18	19
509	20	20

510	0	0
510	1	1
510	2	2
510	4	5
510	6	6
510	7	7
510	8	9
510	10	10
510	11	12
510	13	13
510	14	15
510	16	17
510	18	18
510	19	20
510	21	22
510	23	24
510	25	25
510	26	27
510	28	28
510	29	29
510	30	30
510	31	31
510	32	32
510	33	33
510	34	35

511	0	0
511	1	1
511	2	2
511	4	5
511	6	6
511	7	7
511	8	9
511	10	11
511	12	12
511	13	13
511	14	14
511	15	16
511	17	17
511	18	18
511	19	19
511	20	21
511	22	22
511	23	23
511	25	25
511	26	26

512	0	1
512	2	3
512	4	5
512	6	7

513	0	0
513	1	1
513	3	4
513	5	6
513	8	8
513	9	9
513	10	10
513	11	11
513	12	12

514	0	0
514	1	1
514	3	4
514	5	6
514	8	8
514	9	9
514	11	11
514	13	14
514	15	16
514	18	18
514	19	19
514	20	20
514	21	21
514	22	22
514	23	24
514	25	25
514	26	26
514	27	27
514	28	28
514	29	29
514	30	31
514	32	33
514	34	34
514	35	36
514	37	37
514	38	38
514	40	40
514	41	41

515	0	0
515	1	1
515	2	2
515	3	3
515	4	4
515	6	6
515	7	7
515	8	9
515	10	11
515	12	13
515	14	15
515	16	16
515	17	17
515	18	18
515	19	20
515	21	21

516	0	1
516	2	3
516	4	5
516	6	8
516	9	9
516	10	11
516	12	13
516	14	15
516	16	17
516	18	19
516	20	21
516	22	22
516	23	23
516	25	25
516	26	26
516	27	27
516	28	28
516	29	30
516	31	31
516	32	33
516	34	35
516	36	37
516	38	39
516	41	41

517	0	0
517	1	1
517	2	2
517	3	3
517	4	4
517	6	8
517	9	10
517	11	12

518	0	0
518	1	2
518	3	4
518	5	6
518	7	7
518	8	8
518	9	10
518	11	13
518	14	15
518	16	16
518	17	17
518	18	18
518	19	19
518	20	21
518	22	23
518	24	24
518	25	26
518	27	28
518	29	29
518	30	31
518	32	33
518	34	35
518	36	36
518	37	37
518	38	39
518	40	41
518	42	42
518	43	43

519	0	0
519	1	2
519	3	3
519	4	4
519	5	5
519	6	6
519	7	7
519	8	8
519	9	9
519	10	10
519	11	12
519	13	14
519	15	15
519	16	17
519	18	19
519	20	21
519	22	23
519	24	24
519	25	25
519	26	26
519	27	27
519	29	29
519	30	30
519	31	31
519	32	32
519	33	33
519	34	35
519	36	37
519	38	38
519	39	40
519	41	42
519	43	43
519	44	45
519	46	46

520	0	0

522	0	0
522	1	1
522	2	2
522	3	3
522	4	4
522	5	8
522	9	9
522	10	10
522	11	11
522	12	12
522	13	13

523	0	0
523	1	2
523	4	5
523	6	7
523	8	8
523	9	9
523	10	11
523	12	13
523	14	14
523	15	18
523	21	22
523	23	24
523	25	25
523	26	27
523	28	29
523	30	31
523	32	33
523	34	35
523	36	36
523	37	39
523	40	40
523	41	42
523	43	43
523	44	45
523	46	47
523	48	48
523	49	49
523	50	51
523	52	53
523	54	54
523	55	56
523	57	57
523	58	58
523	59	60
523	61	61
523	62	63
523	64	64
523	65	67

524	0	0
524	1	1
524	2	2
524	3	3
524	4	4
524	6	6
524	7	7
524	8	8
524	9	9
524	10	10
524	11	12
524	13	14

525	0	1
525	2	2
525	3	4
525	5	6
525	7	8
525	9	9
525	10	12
525	13	13
525	14	14
525	15	16
525	17	18
525	19	20
525	21	21
525	22	22
525	23	23
525	24	24
525	25	28
525	29	29
525	30	31
525	32	32
525	33	33
525	34	34
525	35	35
525	36	37
525	38	39
525	40	40
525	41	42
525	43	43

526	0	0
526	1	3
526	4	4
526	5	6
526	7	8
526	9	10
526	11	11
526	12	12
526	13	14
526	15	16

527	0	0
527	1	1
527	2	2
527	3	3
527	4	4
527	6	6
527	7	7
527	8	8
527	9	9
527	10	10
527	11	13
527	14	15
527	16	17

528	0	0
528	1	2
528	3	3
528	4	5
528	6	7
528	8	9
528	10	10
528	11	11
528	12	13
528	14	15
528	16	16
528	17	17
528	18	19
528	20	21
528	22	22
528	23	23
528	24	25
528	26	27
528	28	28
528	29	30
528	31	32
528	33	35
528	36	37
528	38	39
528	40	41
528	44	44
528	45	46
528	47	47
528	48	49
528	50	50
528	51	51
528	52	52
528	54	54
528	55	55
528	57	58
528	59	60
528	61	62
528	63	63
528	64	64
528	65	65
528	66	66
528	67	67
528	68	69

529	0	1
529	2	3
529	4	5
529	6	7
529	8	8
529	9	9
529	10	11
529	12	13
529	14	14
529	15	16
529	17	18
529	19	19
529	20	21
529	22	23
529	24	25
529	26	26
529	27	28
529	29	30

530	3	3
530	4	4
530	5	6
530	7	7
530	8	8
530	9	9
530	10	10
530	11	11
530	12	13
530	14	14
530	15	16
530	17	18
530	19	19
530	20	21
530	22	22
530	23	23
530	24	24
530	25	25
530	26	27
530	28	28
530	29	29
530	30	30
530	31	31
530	32	32
530	33	34
530	35	35
530	36	36
530	37	37
530	38	38
530	39	40
530	41	41
530	42	42
530	43	43
530	44	44
530	45	45
530	46	47
530	48	48
530	49	49
530	50	50
530	51	51
530	52	53
530	54	55
530	56	57
530	58	58
530	59	59
530	60	60
530	61	61
530	62	62
530	63	64
530	65	65
530	66	67
530	68	70
530	71	71
530	72	73
530	74	74
530	75	75
530	76	76
530	77	77
530	78	79
530	80	80
530	81	81
530	82	82
530	83	83
530	84	84
530	85	85
530	86	86
530	87	88
530	89	90
530	91	92
530	93	93
530	94	95
530	96	96
530	97	97
530	98	98
530	99	99
530	100	101
530	102	102
530	103	103
530	104	104
530	105	105
530	106	106
530	107	107
530	108	109
530	110	110
530	111	111
530	112	112
530	113	113
530	114	114
530	115	116
530	117	117
530	118	118
530	119	120
530	121	122
530	123	124
530	126	127
530	128	128
530	129	129
530	130	130
530	131	131
530	132	132
530	133	133
530	135	135
530	136	136
530	137	137
530	138	138
530	140	140
530	141	141
530	142	142
530	143	143
530	144	144
530	145	145
530	146	146
530	147	147
530	148	148
530	149	149
530	150	150
530	151	151
530	152	152
530	153	153
530	154	154
530	155	155
530	156	156
530	157	157
530	158	158
530	159	159
530	160	160
530	161	161
530	162	162
530	163	163
530	164	164
530	165	165
530	167	167
530	168	168
530	170	171
530	172	172
530	173	173
530	174	174
530	175	176
530	177	177
530	178	178
530	179	179
530	180	180
530	182	183
530	184	184
530	185	185
530	186	187
530	188	188
530	189	189
530	190	190
530	191	191
530	192	192
530	193	193
530	194	194
530	195	195
530	197	198
530	199	199
530	200	200
530	201	202
530	203	203
530	204	204
530	205	205

531	0	0
531	1	2
531	3	3
531	4	4
531	5	6
531	7	8
531	9	10
531	11	12
531	13	14
531	15	16

532	0	0
532	1	2
532	3	3
532	4	5
532	6	6
532	7	8

533	0	0
533	1	1
533	2	2
533	4	5
533	6	6
533	7	8
533	9	10

534	0	0
534	1	1
534	2	2
534	3	3
534	4	4
534	6	6
534	7	7
534	8	8
534	9	9
534	10	10
534	12	14
534	15	16
534	17	18
534	19	19
534	20	21
534	22	23
534	24	25
534	26	27
534	28	29
534	30	30
534	31	32
534	33	33
534	34	35
534	36	37
534	38	38
534	39	40
534	42	42
534	43	44
534	45	45
534	46	47

535	0	1
535	2	2
535	3	4
535	5	5
535	6	7
535	8	9
535	10	10
535	11	12
535	13	14

536	0	0
536	1	1
536	2	2
536	3	3
536	4	4
536	6	7
536	8	9
536	10	10
536	11	12
536	13	13
536	14	15
536	16	16
536	17	17
536	18	19
536	20	22
536	23	23
536	24	25
536	26	26
536	27	29
536	30	30
536	31	33
536	34	34
536	35	35
536	36	36
536	37	38
536	39	40
536	41	41
536	42	42
536	43	44
536	45	46
536	47	48
536	49	49
536	50	51
536	52	53
536	54	55
536	56	56
536	57	57
536	58	59
536	60	60
536	61	61
536	62	63
536	65	66
536	67	67
536	68	69
536	70	71
536	72	72
536	73	74
536	75	75
536	76	76
536	77	78
536	79	80
536	81	82

537	0	0
537	1	1
537	2	2
537	3	3
537	4	4
537	6	7
537	8	9
537	10	10
537	11	11
537	12	13
537	14	14
537	15	15
537	16	17
537	18	18
537	19	19
537	20	20
537	21	22
537	23	23
537	24	25
537	26	27
537	28	28
537	29	30
537	31	32
537	33	33
537	34	35
537	36	36
537	37	37
537	38	39
537	40	41
537	42	42
537	43	44
537	45	46
537	47	47

538	0	1
538	2	3
538	4	4
538	5	6

539	0	0
539	1	1
539	2	2
539	3	3
539	4	4
539	6	8
539	9	9
539	10	11
539	12	13
539	14	14
539	15	16
539	17	18
539	19	20
539	21	22
539	24	24
539	25	25
539	26	26
539	27	28
539	29	30
539	31	31
539	32	34
539	35	35
539	36	37
539	38	38

540	0	0
540	1	1
540	2	2
540	3	3
540	4	4
540	6	9
540	10	10
540	11	14
540	15	15
540	16	17
540	18	19
540	20	22
540	23	24
540	25	26
540	27	27
540	28	29
540	30	31
540	32	33
540	34	34
540	35	35
540	36	37
540	38	39

541	0	0
541	1	1
541	2	2
541	3	3
541	4	4
541	6	7
541	8	9
541	10	11
541	12	12
541	13	15
541	16	17
541	18	18
541	19	19
541	20	21
541	22	22
541	23	24
541	25	25
541	26	27
541	28	29
541	30	31
541	32	32
541	33	34
541	35	36
541	37	37
541	38	38
541	39	40
541	41	42
541	43	43
541	44	45
541	46	47

542	0	1
542	2	2
542	3	4
542	5	6
542	7	7
542	8	9

543	0	0
543	1	1
543	2	2
543	4	5
543	6	7

544	0	0
544	1	1
544	2	2
544	3	3
544	4	4
544	7	8
544	9	10
544	11	11
544	12	13
544	14	14
544	15	16
544	17	17
544	18	19
544	20	20
544	21	22
544	23	24
544	26	27
544	28	29
544	30	31
544	32	33
544	34	35
544	36	36
544	37	37
544	38	39
544	40	40
544	41	42
544	43	43
544	44	44
544	45	45
544	46	46
544	47	47
544	48	48
544	50	50
544	51	51
544	52	52
544	53	53
544	54	54
544	55	56
544	57	57
544	58	59
544	60	61
544	63	63
544	64	65
544	66	66
544	67	68
544	69	70
544	71	71
544	72	73
544	74	75
544	76	76
544	77	77
544	78	78
544	79	81
544	82	83
544	84	85
544	87	88
544	89	90
544	91	91
544	92	93
544	94	95
544	96	97
544	98	98
544	99	99
544	100	101
544	102	104
544	105	106
544	107	108
544	109	109
544	110	110
544	111	112
544	113	113
544	114	117
544	118	118
544	120	120
544	121	121
544	122	123
544	124	125
544	126	127
544	128	129
544	131	132
544	133	133
544	134	135
544	136	137
544	138	138
544	139	140
544	142	142
544	144	144
544	145	145
544	146	147
544	148	148
544	149	150
544	151	151
544	152	152
544	153	153
544	154	154
544	155	155
544	156	157
544	158	158
544	159	160
544	161	162
544	163	164
544	165	165
544	166	167
544	168	168
544	169	169
544	170	170
544	171	171

545	0	0
545	1	1
545	2	2
545	3	3
545	4	4
545	6	6
545	7	8
545	9	10
545	11	12
545	13	14
545	15	16
545	17	19

546	0	0
546	1	1
546	2	2
546	3	3
546	4	4
546	6	6
546	7	8
546	9	10
546	11	12
546	13	13
546	14	15
546	16	16
546	17	20
546	21	21
546	22	23
546	24	26
546	27	27
546	28	29
546	30	30
546	31	31
546	32	32
546	33	33
546	34	35
546	36	37
546	38	38
546	39	40
546	41	41
546	42	42
546	43	44
546	45	47
546	48	48
546	49	50
546	51	51
546	52	52
546	53	53
546	54	54
546	55	55
546	56	56
546	57	58
546	59	60
546	61	61
546	62	63
546	64	64
546	65	66

550	0	0
550	1	1

552	0	0
552	1	1
552	2	2
552	3	3
552	4	8
552	9	9
552	10	13

555	0	0
555	2	2
555	4	4

556	0	0
556	1	3
556	4	5
556	6	6

557	0	2
557	3	4
557	5	5
557	6	7
557	8	9
557	10	11
557	12	12
557	13	16
557	17	17
557	18	18
557	19	19
557	20	21
557	22	22
557	23	24
557	25	26
557	27	28
557	29	30
557	31	31
557	32	32
557	33	33
557	34	35
557	36	36
557	37	38

558	0	1
558	2	6
558	8	9
558	10	12
558	13	14
558	15	17
558	18	18
558	19	20
558	21	22
558	23	23
558	24	25
558	26	26
558	27	27
558	29	30
558	31	32
558	33	33
558	34	35
558	36	38
558	39	40
558	41	41

559	0	0
559	1	1
559	2	3
559	4	4
559	5	5
559	6	6
559	7	7
559	8	8
559	9	9
559	10	11
559	12	12
559	13	13
559	14	14
559	15	15
559	16	18
559	20	20
559	21	21
559	22	22
559	23	23
559	24	24
559	25	25
559	26	26
559	27	28
559	29	29
559	30	30
559	31	32
559	34	35
559	37	38
559	39	40
559	41	41
559	42	43
559	44	46
559	47	48
559	49	49
559	50	50
559	51	51
559	52	53
559	54	54
559	55	55
559	56	56
559	57	57
559	58	58
559	59	59
559	60	61
559	62	62
559	63	63
559	64	64
559	65	65

560	0	1
560	2	2
560	3	3
560	4	4
560	5	5
560	6	6
560	7	7
560	8	8
560	9	9
560	10	11
560	12	12
560	13	15
560	16	17
560	18	18
560	19	20
560	21	22
560	23	24
560	25	26
560	28	29
560	31	32
560	33	33
560	34	35
560	36	37
560	38	38

561	0	4
561	6	7
561	8	8
561	9	10
561	11	11
561	12	12
561	13	15
561	16	17
561	18	19
561	20	20
561	21	22
561	23	24
561	25	25
561	26	27
561	28	29
561	30	31
561	32	33
561	34	34
561	35	36
561	37	38
561	39	40
561	41	41

562	0	1
562	2	2

563	3	5
563	6	8
563	9	9
563	10	11
563	12	13
563	14	15
563	16	16
563	17	17
563	18	20
563	21	21
563	22	23
563	24	26
563	27	28
563	29	30
563	31	31
563	32	33
563	34	35
563	36	37
563	38	38
563	39	40
563	41	42
563	43	44
563	45	45
563	46	47
563	48	48
563	49	50
563	51	52
563	53	54
563	55	56
563	57	57
563	58	59
563	60	60
563	61	62
563	63	64
563	65	65
563	66	68
563	69	69
563	70	71
563	72	73
563	74	75
563	76	76
563	77	78
563	79	79
563	80	80
563	81	86
563	87	87
563	88	89
563	90	91
563	92	93
563	94	94
563	95	95
563	96	98
563	99	101
563	102	102
563	103	104
563	105	106
563	107	108
563	109	110
563	111	112
563	113	113
563	114	114
563	115	115
563	116	116
563	118	118
563	119	119
563	120	120
563	121	121
563	123	123
563	124	125
563	126	126
563	127	128
563	129	131
563	132	133
563	134	135
563	136	136
563	137	137
563	138	138
563	139	140
563	141	142
563	143	143
563	144	146
563	147	148
563	149	150
563	151	152
563	153	153
563	154	154
563	155	155
563	156	156
563	157	157
563	159	160
563	161	161
563	162	162
563	163	166
563	167	167
563	168	171
563	172	173
563	174	175
563	176	176
563	177	178
563	179	179
563	180	181
563	182	182
563	183	185
563	187	188
563	189	189
563	191	194
563	195	196
563	197	198
563	199	200
563	201	202
563	203	204
563	205	205
563	206	209
563	210	210
563	211	211
563	212	212
563	213	214
563	215	216
563	217	218
563	219	220
563	221	222
563	223	226
563	227	227
563	228	229
563	230	230
563	231	231

564	0	4
564	6	7
564	8	8
564	9	10
564	11	11
564	12	12
564	13	15
564	16	18
564	19	19
564	20	21
564	22	23
564	24	25
564	26	27
564	28	28
564	29	31
564	33	34
564	35	35
564	36	36
564	37	38
564	39	40
564	41	46
564	47	47

565	0	3
565	4	4
565	5	6
565	7	7
565	8	9
565	10	11
565	12	12
565	13	15
565	16	16
565	17	18
565	19	20
565	21	22
565	23	23
565	24	25
565	26	26
565	27	27
565	28	29
565	30	32
565	33	35
565	36	36
565	38	38
565	39	40
565	41	41
565	42	43
565	44	45
565	46	47
565	48	49
565	50	50
565	51	52
565	53	54
565	55	56
565	57	58
565	59	59
565	60	61
565	62	63
565	64	65
565	66	67
565	68	69
565	70	70
565	71	71
565	72	73
565	75	76
565	78	78
565	79	79
565	80	81
565	82	82
565	83	84
565	85	86
565	87	88
565	89	90
565	91	91
565	93	93
565	94	95
565	96	97
565	98	99
565	101	102
565	104	104
565	105	105
565	106	107
565	108	109
565	110	110
565	111	111
565	112	113
565	114	115
565	116	117
565	118	118
565	119	119
565	120	121
565	122	123
565	124	124
565	125	126
565	127	128
565	129	129
565	130	131
565	132	132
565	133	134
565	135	135
565	136	137
565	138	139
565	140	141
565	142	142
565	143	144
565	145	146
565	148	149
565	151	151
565	152	152
565	153	154
565	155	155
565	156	157
565	158	159
565	160	161
565	162	162
565	163	164
565	165	165
565	166	167
565	168	170
565	171	172
565	173	173
565	174	175
565	176	177
565	178	179
565	180	181
565	182	182
565	183	187
565	188	188
565	190	190
565	191	192
565	193	194
565	195	196
565	197	198
565	199	199

566	2	3
566	4	4
566	5	7
566	8	9
566	10	11
566	12	12
566	13	14
566	15	17
566	18	19
566	20	21
566	22	26
566	27	27
566	28	29
566	30	30
566	31	32
566	33	35
566	36	36
566	37	38
566	39	40
566	41	42
566	43	44
566	45	46
566	47	48
566	49	50
566	51	52
566	53	57
566	58	58
566	59	62
566	63	64
566	65	66
566	67	67

567	0	1
567	2	4
567	5	6
567	8	8
567	9	9
567	10	10
567	11	12
567	13	13
567	14	15
567	16	17
567	18	19
567	21	21
567	22	22
567	23	23
567	24	25
567	26	26

569	0	1
569	2	2

570	1	1
570	3	3
570	4	4
570	5	6
570	7	8
570	9	10
570	11	11
570	13	14
570	16	16
570	17	17
570	18	18
570	19	19
570	20	21
570	22	23
570	24	24
570	26	26
570	27	27
570	28	28
570	29	29
570	30	30
570	31	32
570	33	34
570	35	35
570	36	36
570	37	38
570	39	39
570	41	41
570	43	43
570	44	44
570	45	46
570	47	49
570	50	50

571	0	0
571	2	2
571	3	3
571	4	4
571	6	8
571	9	9
571	10	10
571	11	12
571	13	13
571	14	15
571	16	16
571	17	17
571	18	20
571	21	21
571	22	23
571	24	24
571	26	26
571	27	27
571	28	29
571	30	31
571	32	34

576	0	1

578	0	0
578	1	1
578	2	2
578	3	3
578	4	8
578	9	9
578	10	13

579	0	0
579	1	1
579	2	2
579	3	3
579	4	5
579	6	7
579	8	9
579	10	10

580	0	1
580	2	2

581	1	1
581	2	2
581	3	3
581	4	4
581	5	5
581	6	6
581	7	7
581	9	9
581	10	10
581	11	11
581	12	12
581	13	13
581	14	14
581	15	15

582	0	0
582	1	1
582	2	2
582	3	3
582	4	4
582	5	5
582	6	6
582	7	7
582	9	9
582	10	11
582	12	13
582	14	14
582	15	15

583	1	1
583	2	2
583	3	3
583	4	4
583	5	5
583	6	6
583	7	7
583	9	9
583	10	10
583	11	11
583	12	12
583	13	13
583	14	14
583	15	15

584	0	0
584	2	2
584	3	3
584	4	4
584	6	8
584	9	9
584	10	10
584	11	12
584	13	13
584	14	15
584	16	16
584	17	17
584	18	20
584	21	21
584	22	23
584	24	24
584	26	26
584	27	27
584	28	29
584	30	31
584	32	33
584	34	34

614	0	0
614	1	1

616	0	0
616	1	1
616	2	2
616	3	3
616	4	8
616	9	9
616	10	13

619	0	0
619	2	2
619	4	4

620	0	0
620	1	3
620	4	5
620	6	6

621	0	1
621	2	4
621	5	7
621	8	9
621	10	11
621	12	13
621	14	15
621	16	17

622	0	1
622	2	4
622	5	7
622	8	9
622	10	11
622	12	13
622	14	15
622	16	17
622	18	19
622	20	20
622	21	21
622	22	22
622	23	23

623	0	0
623	2	2
623	3	3
623	4	4
623	6	7
623	8	10
623	11	13
623	14	15
623	16	17
623	18	19
623	20	21
623	22	23
623	25	26
623	27	27
623	28	29

648	0	0
648	1	1

650	0	0
650	1	1
650	2	2
650	3	3
650	4	4
650	5	5
650	6	6
650	7	7
650	8	8
650	9	9
650	10	10
650	11	11
650	12	12
650	13	13

652	0	0
652	2	2
652	4	4

653	0	0
653	1	3
653	4	5
653	6	6

654	0	1
654	2	2
654	3	3
654	4	4
654	5	5
654	6	6
654	7	8
654	9	9
654	10	11
654	12	12
654	13	13
654	14	16
654	17	18
654	19	20
654	21	22

655	0	1
655	2	3
655	4	4
655	5	5
655	6	6
655	7	7
655	8	8
655	10	11
655	12	12
655	13	14
655	15	15
655	16	16
655	17	19
655	20	22
655	23	24
655	26	26
655	27	27
655	28	28
655	29	30
655	31	31

657	0	0
657	1	1
657	3	3
657	4	5
657	6	7
657	8	9

661	0	1
661	2	2

662	1	1
662	3	3
662	4	4
662	5	6
662	7	8
662	9	10
662	11	11
662	13	13
662	14	14
662	16	16
662	17	17
662	18	19
662	20	21
662	22	23
662	24	24
662	26	26
662	27	27
662	29	29
662	30	30
662	31	32
662	33	34
662	35	36
662	37	37

663	0	0
663	1	1
663	2	2
663	4	4
663	5	5
663	6	6
663	7	8
663	9	10
663	11	11
663	12	12
663	13	14
663	15	15

664	0	0
664	2	2
664	3	3
664	4	5
664	6	8
664	9	9

666	0	0
666	1	1
666	3	3
666	4	5
666	6	7
666	8	9

668	0	0
668	2	2
668	3	3
668	4	4
668	6	6
668	7	7
668	8	8
668	9	9
668	10	10
668	11	12
668	13	13
668	14	15
668	16	16
668	17	17
668	18	20
668	21	22
668	23	25

673	0	0
673	1	1

