1	0	1

2	1	7
2	8	11
2	12	13

3	0	1
3	2	2
3	3	3
3	5	7
3	9	9
3	10	13
3	15	16
3	18	19
3	21	23
3	25	25
3	27	30

4	0	4
4	5	5
4	6	10
4	11	11
4	12	13
4	14	15
4	16	18

5	0	1
5	2	3
5	4	5

6	0	8
6	10	22
6	24	25
6	27	31
6	32	32
6	33	37
6	39	41
6	43	50
6	52	56
6	57	57
6	58	64

7	0	3
7	4	4
7	5	6
7	7	7
7	8	9
7	11	12

8	0	1
8	2	3
8	4	4
8	5	6

9	3	5
9	6	8

10	0	0
10	2	2

11	0	0

12	0	1
12	3	3
12	4	4
12	5	5

13	0	0
13	2	3
13	5	5

14	0	0
14	1	3
14	4	5
14	6	7
14	9	9

15	0	0
15	1	2
15	3	3
15	4	5
15	7	7
15	8	8
15	9	9
15	11	11

16	0	0
16	1	2
16	3	4
16	6	6

17	0	0
17	1	2
17	3	4
17	5	5
17	6	7
17	8	9
17	11	11

18	0	0
18	1	2
18	3	3
18	4	5
18	6	9
18	10	10
18	11	12
18	13	14
18	16	16
18	18	18

19	0	0
19	1	2
19	3	3
19	4	5
19	6	6
19	7	8
19	9	9
19	10	11
19	12	13
19	17	17

20	0	0
20	1	2
20	3	4
20	5	5
20	6	7
20	8	9
20	11	11
20	12	12
20	13	13
20	15	16

21	0	0
21	1	2
21	3	4
21	6	7

22	0	1
22	3	4
22	5	5
22	6	7
22	8	8
22	9	10
22	11	11
22	12	13
22	14	14
22	15	16
22	18	19

23	0	1
23	2	2
23	4	4
23	5	7
23	8	9
23	10	10
23	11	12
23	13	14
23	15	16
23	17	18
23	19	19
23	20	20
23	21	22
23	23	24
23	25	26
23	27	27
23	28	28
23	29	30
23	31	32
23	33	33
23	34	35
23	37	38

24	0	3
24	5	6

25	4	4
25	5	6
25	7	8
25	9	12
25	14	16
25	17	17
25	18	21
25	22	22
25	23	25
25	26	27
25	28	29
25	31	31
25	32	32
25	33	34
25	35	35
25	36	37
25	38	38
25	39	40
25	41	41
25	42	43
25	44	44
25	45	45
25	46	47
25	48	49
25	50	50

26	1	1
26	2	3
26	4	4
26	5	5
26	6	7
26	9	11
26	12	12
26	13	16
26	17	17
26	18	19
26	20	20
26	21	22
26	23	24
26	25	25
26	26	26
26	27	28
26	29	30
26	31	31
26	32	33
26	34	34
26	35	36
26	37	38
26	39	40
26	41	42
26	43	43
26	45	45
26	46	46
26	47	48
26	49	49
26	51	55
26	56	57
26	58	60
26	61	62
26	63	64
26	65	65
26	66	67
26	68	69
26	70	70

27	4	4
27	5	5
27	6	6
27	7	7
27	8	8
27	9	11
27	12	12
27	13	15
27	16	17
27	18	19
27	20	20
27	21	22
27	23	24
27	25	25

28	0	0
28	1	1
28	2	3
28	4	4
28	5	6
28	7	7
28	8	8
28	9	10
28	11	11
28	12	14
28	15	16
28	17	19
28	20	21
28	22	23
28	24	25
28	26	27
28	28	28
28	29	30
28	31	32
28	33	34
28	35	36
28	37	37
28	38	39
28	40	41
28	42	42
28	44	44
28	45	45

29	0	0
29	1	1
29	2	3
29	4	4
29	5	6
29	7	7
29	8	9
29	10	10
29	11	12
29	13	13
29	14	15
29	16	17
29	18	18
29	19	20
29	21	22
29	23	23
29	24	25
29	26	26
29	27	28
29	29	29
29	30	31
29	32	32
29	33	34
29	35	35
29	36	37
29	38	38
29	39	40
29	41	42
29	43	43
29	45	45
29	46	47
29	48	51
29	52	52
29	53	54
29	55	55
29	56	57
29	58	59
29	60	61
29	62	62

30	4	4
30	5	5
30	6	8
30	9	9
30	10	11
30	12	13
30	14	14
30	15	15
30	16	17
30	18	18
30	19	24
30	25	26
30	27	27
30	28	28
30	29	30
30	31	32
30	33	33

31	0	0
31	1	1
31	2	4
31	5	5
31	6	6
31	7	8
31	9	10
31	11	13
31	14	15
31	16	17
31	19	23
31	24	24
31	25	28
31	30	32
31	33	33
31	34	36
31	37	38
31	39	39
31	40	41
31	42	43
31	44	46
31	47	48
31	50	51
31	52	52
31	53	57
31	58	58

32	0	0
32	1	1
32	2	3
32	4	6
32	7	8
32	9	11
32	12	12
32	13	14
32	15	16
32	17	17
32	18	18
32	19	21
32	22	22
32	23	25
32	26	26
32	27	30
32	31	31
32	32	33
32	34	34
32	35	36
32	37	37
32	38	38
32	39	39
32	40	41
32	42	42
32	44	44
32	45	45
32	46	47
32	48	48
32	49	50
32	51	52
32	53	54
32	55	56
32	57	57
32	58	59
32	60	60
32	61	62
32	63	64
32	65	66
32	67	67
32	68	68
32	69	69
32	70	72
32	73	74
32	75	75
32	76	77
32	78	79
32	80	80
32	81	81
32	82	83
32	85	88
32	90	91
32	92	93
32	94	94
32	95	96
32	97	97
32	98	98
32	100	104
32	105	106
32	107	107

33	0	0
33	1	1
33	2	2
33	3	4
33	5	6
33	7	8
33	9	10
33	11	12
33	14	17
33	18	19
33	20	21
33	22	22
33	23	24
33	25	25
33	26	30
33	32	35
33	37	40
33	41	41
33	43	44
33	46	50
33	51	51
33	52	53
33	55	59
33	60	61
33	63	64
33	65	66
33	67	67
33	68	69
33	70	71
33	72	73
33	74	74

34	4	4
34	5	6
34	7	7
34	8	16
34	17	18
34	19	19

35	4	4
35	5	6
35	7	7
35	8	11
35	12	13
35	14	16
35	17	19
35	20	21
35	22	24
35	25	26
35	27	27

36	4	4
36	5	6
36	7	8
36	9	10
36	11	11
36	12	13
36	14	15
36	16	17
36	18	19
36	20	21
36	22	24
36	25	25
36	26	27
36	28	29
36	30	31
36	32	34
36	35	35
36	36	37
36	38	39
36	40	42
36	43	43
36	44	46
36	48	49
36	50	51
36	52	54
36	55	55
36	56	57
36	58	59
36	60	62
36	63	66
36	67	67
36	68	71
36	72	73
36	74	76
36	77	80
36	81	82
36	83	83
36	84	85
36	86	87
36	88	89
36	90	92
36	94	97
36	98	98
36	99	100
36	101	104
36	105	106
36	107	108
36	109	112
36	113	113
36	114	115
36	116	117
36	118	120
36	121	124
36	125	126
36	127	127
36	128	129
36	130	131
36	132	134
36	135	138
36	139	139
36	141	144
36	145	146
36	147	148
36	149	152
36	153	153

37	4	4
37	5	6
37	7	8
37	9	11
37	12	12
37	13	15
37	16	16
37	17	19
37	20	20
37	21	22
37	23	23
37	24	26
37	27	27
37	28	28
37	29	30
37	31	31
37	32	32
37	33	34
37	35	35
37	36	38
37	39	39
37	40	42
37	43	43
37	44	46
37	47	47
37	49	51
37	52	52
37	53	55
37	56	56
37	57	59
37	60	60
37	61	63
37	64	64
37	65	67
37	68	68
37	69	70
37	71	71
37	72	72
37	73	74
37	75	75
37	76	78
37	79	79
37	80	82
37	83	83
37	84	86
37	87	87
37	88	89
37	90	90

38	4	4
38	5	6
38	7	8
38	9	9
38	10	11
38	12	13
38	15	17
38	18	18
38	19	23

39	4	4
39	5	6
39	7	10
39	11	11
39	12	12
39	13	13
39	14	15
39	16	16
39	17	18
39	19	20
39	21	21
39	22	23
39	24	25
39	26	26
39	27	29
39	30	31
39	32	32

40	4	4
40	5	6
40	7	7
40	8	9
40	10	11
40	12	12
40	13	13
40	14	15
40	16	16
40	17	18
40	19	20
40	21	21
40	22	30
40	31	33
40	34	37
40	38	38
40	39	41
40	42	44
40	45	46
40	48	49
40	50	50
40	51	56
40	57	57
40	58	58

42	0	4
42	5	5
42	6	10
42	11	11
42	12	13
42	14	15
42	16	18
42	19	20
42	21	22
42	23	24

43	0	0
43	1	2

44	5	5
44	6	9
44	10	10
44	12	16
44	17	17
44	18	22
44	23	23
44	24	25
44	26	27
44	28	30
44	31	31
44	32	34
44	35	37
44	38	38
44	39	40
44	41	42
44	43	43
44	44	45
44	46	46
44	47	48
44	49	50
44	51	52
44	54	54
44	55	56
44	57	57
44	58	59
44	60	61
44	62	62

45	5	5
45	6	7
45	8	9
45	10	10
45	11	15
45	16	16
45	17	21
45	22	22
45	23	24
45	25	26
45	27	29
45	30	30
45	31	33
45	34	36
45	37	37
45	39	43
45	44	44
45	45	49
45	50	51
45	52	53
45	54	54
45	55	56
45	58	59
45	60	62
45	63	63
45	64	68
45	69	69
45	70	71
45	72	72
45	73	74
45	75	76
45	77	79
45	80	80
45	81	82
45	83	84
45	85	85

46	4	4
46	5	6
46	7	8
46	9	10
46	11	12
46	13	15
46	16	16
46	18	18

47	0	0
47	1	3
47	4	5
47	6	7

48	5	6
48	7	8
48	9	10
48	11	11
48	12	13
48	14	14
48	15	16
48	17	17
48	18	21
48	22	22
48	23	23
48	24	25
48	26	26
48	27	28
48	29	29
48	30	31
48	32	33
48	34	34
48	35	36
48	37	38
48	39	39
48	40	41
48	42	43
48	44	45
48	46	47
48	48	48
48	50	51
48	52	53
48	54	55
48	56	56
48	57	58
48	59	60
48	61	61
48	62	62
48	63	64
48	65	66
48	67	67
48	68	69
48	70	71
48	72	72
48	73	74
48	75	75
48	76	76
48	77	78
48	79	80
48	81	82
48	83	83

49	0	0
49	2	2
49	4	5
49	6	6
49	7	8
49	9	9
49	10	11
49	13	18
49	19	19
49	20	23
49	24	24
49	26	28
49	30	32
49	34	35
49	36	36
49	37	37
49	38	38
49	40	43
49	44	44

50	0	0
50	2	2
50	4	5
50	6	6
50	7	8
50	9	9
50	10	11
50	13	18
50	19	19
50	20	23
50	24	24
50	26	28
50	30	32
50	34	35
50	36	36
50	37	37
50	38	38
50	40	43
50	44	44

51	0	0
51	1	1
51	2	3
51	4	4
51	5	6
51	7	8
51	9	9
51	10	11
51	12	13
51	14	14
51	15	15
51	16	17
51	18	19
51	20	21
51	22	22
51	23	24
51	26	31
51	32	32
51	33	36
51	37	37
51	39	41
51	43	45
51	47	51
51	52	52
51	53	53
51	54	54
51	56	59
51	60	60

52	4	7
52	9	14
52	15	16
52	17	19
52	21	21
52	22	22
52	23	24
52	25	25
52	26	27
52	28	30
52	31	31
52	32	34
52	35	35
52	36	37
52	38	39
52	40	40
52	41	42
52	43	44
52	45	46
52	47	48
52	49	49
52	50	51
52	52	52
52	53	53

53	0	5
53	6	6
53	7	10
53	11	11
53	13	15
53	17	19
53	21	25
53	26	26
53	27	27
53	28	28
53	30	33
53	34	34

54	4	5
54	6	6
54	7	7
54	9	14
54	16	17
54	18	20
54	22	22
54	24	24
54	26	27
54	28	28
54	29	31
54	32	32
54	33	34
54	35	35
54	36	36
54	38	43
54	44	44
54	45	48
54	49	49
54	51	53
54	55	57
54	59	63
54	64	64
54	65	65
54	66	66
54	68	71
54	72	72

55	1	2
55	3	3
55	4	4
55	6	12
55	14	15
55	16	18
55	20	20
55	22	23
55	25	26
55	27	27
55	28	29
55	30	31
55	32	32
55	33	34
55	35	35
55	37	43
55	44	44
55	45	48
55	49	49
55	51	53
55	55	57
55	59	63
55	64	64
55	65	66
55	67	67
55	69	72
55	73	73
55	75	76
55	78	81
55	83	84
55	85	87
55	88	88
55	89	90
55	92	95
55	96	96
55	97	100
55	101	101
55	103	105
55	107	109
55	111	115
55	116	116
55	117	117
55	118	118
55	120	123
55	124	124

56	5	8
56	10	16
56	17	18
56	19	20
56	22	24
56	25	25
56	26	28
56	29	29
56	30	32
56	33	33
56	34	36
56	37	37
56	38	41
56	43	49
56	50	50
56	51	54
56	55	55
56	57	59
56	61	63
56	65	66
56	68	68
56	69	71
56	72	72
56	73	73
56	75	78
56	79	79
56	80	82
56	84	85
56	87	87
56	88	90
56	91	91
56	92	92
56	94	97
56	98	98

57	4	5
57	7	10
57	11	11
57	12	13
57	14	17

58	4	11
58	13	14
58	15	16
58	17	18
58	20	24
58	26	26
58	27	28
58	29	30
58	31	31
58	32	33
58	34	34
58	35	39
58	40	40
58	41	44
58	45	45
58	46	48
58	50	52
58	54	58
58	59	59
58	61	64
58	65	65

59	4	5
59	7	10
59	11	13
59	14	14
59	15	18
59	19	19
59	20	21
59	22	22
59	23	24
59	25	26
59	27	27
59	28	29
59	31	34
59	35	35
59	36	39
59	40	40
59	42	44
59	46	48
59	50	52
59	53	53
59	55	58
59	59	59

60	4	7
60	9	12
60	14	15
60	16	17
60	18	19
60	20	20
60	21	22
60	23	23
60	24	24
60	26	29
60	30	30
60	31	34
60	35	35
60	37	39
60	41	43
60	45	49
60	50	50
60	52	55
60	56	56

61	4	7
61	9	12
61	13	14
61	15	15
61	16	18
61	19	20
61	21	21

62	1	2
62	4	8
62	9	10
62	11	14
62	15	17
62	18	21
62	22	23
62	24	24
62	25	26
62	28	32
62	33	33
62	34	37
62	38	38
62	40	42
62	44	51
62	52	52
62	54	55
62	56	56
62	57	59
62	60	60
62	62	65
62	66	66
62	68	69
62	71	75
62	76	77
62	78	79
62	80	81
62	82	85
62	86	87
62	88	89

63	5	6
63	7	7
63	8	8
63	10	14
63	15	16
63	17	19
63	21	22
63	23	24
63	25	26
63	27	28
63	29	29
63	31	32
63	33	34
63	35	35
63	36	37
63	38	39
63	40	40
63	41	44
63	46	50
63	51	51
63	52	55
63	56	56
63	58	60
63	62	64
63	66	69
63	70	70
63	72	75
63	76	76

64	4	5
64	7	11
64	12	13
64	14	14
64	15	16
64	17	19
64	20	21
64	22	23
64	24	25
64	26	27
64	28	28
64	29	30
64	32	36
64	37	37
64	38	41
64	42	42
64	44	46
64	48	50
64	52	53
64	54	54
64	55	55
64	56	56
64	58	61
64	62	62

65	4	5
65	6	6
65	7	7
65	9	13
65	14	15
65	16	19
65	20	20

66	4	5
66	6	6
66	7	7
66	9	13
66	15	16
66	17	17
66	18	21
66	23	24
66	25	25
66	26	27
66	28	28
66	29	29
66	31	35
66	36	36
66	37	40
66	41	41
66	43	45
66	47	49
66	51	54
66	55	55
66	57	60
66	61	61

67	5	6
67	7	7
67	8	8
67	10	16
67	17	18
67	19	20
67	21	21
67	22	23
67	24	24
67	25	26
67	27	29
67	30	30
67	31	32
67	33	33
67	34	35
67	36	37
67	38	38
67	39	39
67	40	41
67	42	42
67	43	44
67	45	45
67	46	47
67	48	48
67	49	50
67	51	51
67	53	53
67	54	54
67	55	64
67	65	65
67	66	69
67	70	70
67	72	74
67	76	76
67	77	79
67	81	85
67	86	86
67	87	87
67	88	88
67	90	93
67	94	94

68	5	8
68	10	16
68	17	18
68	19	20
68	21	21
68	22	23
68	24	24
68	25	26
68	27	29
68	30	30
68	31	32
68	33	33
68	34	35
68	36	37
68	39	39
68	40	40
68	41	42
68	43	43
68	44	45
68	46	47
68	48	49
68	50	50
68	51	52
68	54	56
68	57	57
68	58	67
68	68	68
68	69	72
68	73	73
68	75	80
68	81	81
68	82	88
68	89	89
68	90	90
68	91	91
68	93	96
68	97	97

69	1	8
69	9	10
69	11	13
69	14	14
69	15	17
69	18	19
69	20	21
69	22	22
69	23	25
69	27	30
69	31	31
69	32	35
69	36	36
69	38	40
69	42	44
69	46	50
69	51	51
69	53	56
69	57	57
69	59	66
69	67	69
69	70	71
69	72	73
69	74	74
69	75	76

70	0	0
70	1	2
70	3	3
70	4	5

71	4	7
71	9	14
71	15	15
71	16	17
71	18	18
71	19	19
71	21	27
71	28	29
71	30	30
71	31	32
71	33	33
71	34	35
71	36	37
71	38	39
71	40	41
71	42	42

72	0	0
72	1	2
72	3	4
72	6	8
72	9	10
72	11	12
72	13	14

73	4	6
73	7	7
73	8	9
73	10	11
73	12	12
73	13	13
73	14	14
73	15	15
73	16	17
73	18	19
73	20	20

74	5	6
74	7	7
74	8	8
74	10	14
74	15	15

75	5	6
75	7	8
75	9	9
75	10	12
75	13	13
75	14	14
75	15	15
75	16	16

76	4	4
76	5	5
76	6	7
76	8	11
76	12	12
76	13	15
76	16	17
76	18	20
76	21	21

77	4	4
77	5	5
77	6	7
77	8	9
77	10	10
77	11	11
77	12	14
77	15	15

78	4	4
78	5	5
78	6	9
78	10	10
78	11	11
78	12	14
78	15	15

79	4	4
79	5	5
79	6	7
79	8	8
79	9	10
79	11	11
79	12	14
79	15	15

80	4	4
80	5	5
80	6	6
80	7	10
80	11	11
80	12	14
80	15	15

81	5	6
81	7	8
81	9	9
81	10	14
81	15	15

82	4	4
82	5	5
82	6	7
82	8	9
82	10	10
82	11	11
82	12	14
82	15	15
82	16	17
82	18	18
82	19	19
82	20	20
82	21	21

83	4	4
83	5	5
83	6	7
83	8	9
83	10	10
83	11	11
83	12	14
83	15	15
83	16	17
83	18	19
83	20	20
83	21	22
83	23	24
83	25	25
83	26	33
83	35	35
83	36	36

84	4	4
84	5	7
84	8	9
84	10	11
84	12	12
84	13	14
84	15	16
84	17	18
84	19	19
84	20	21
84	22	23
84	24	24

85	4	4
85	5	5
85	6	7
85	8	9
85	10	10
85	11	12
85	13	14
85	15	15
85	16	17
85	18	20
85	21	21
85	22	22
85	23	24
85	25	26
85	27	28
85	29	30
85	31	31
85	32	33
85	34	34
85	35	36
85	37	38
85	39	40
85	41	41
85	42	42
85	43	44
85	45	45
85	46	47
85	48	48

86	0	2
86	3	4
86	5	6
86	7	8

87	4	4
87	5	6
87	7	8
87	9	10
87	11	12
87	13	13
87	14	14
87	15	17
87	18	18
87	19	20
87	21	22
87	23	23
87	24	25
87	26	26
87	27	28
87	29	29
87	30	31
87	32	33
87	34	35
87	36	36

88	4	4
88	5	5
88	6	7
88	8	8
88	10	10
88	11	15
88	16	16

89	4	4
89	5	5
89	6	9
89	10	10
89	11	12
89	13	14
89	15	16
89	17	18
89	19	19

90	4	4
90	5	5
90	6	7
90	8	8
90	9	9
90	10	10
90	11	12
90	13	13
90	14	15
90	16	17
90	18	18
90	19	20
90	21	21
90	22	23
90	24	24
90	25	26
90	27	28
90	29	29
90	30	30

91	4	4
91	5	5
91	6	9
91	10	11
91	12	14
91	15	15
91	16	17
91	18	18
91	19	21
91	22	22
91	23	24
91	25	26
91	27	28
91	29	29

92	4	4
92	5	5
92	6	6
92	7	10
92	11	12
92	13	14
92	15	15
92	16	16
92	17	17

93	4	4
93	5	5
93	6	6
93	7	10
93	11	11
93	12	12
93	13	14
93	15	16
93	17	17
93	18	18
93	19	20
93	21	21
93	22	23
93	24	25
93	26	26
93	27	28
93	30	35
93	36	37
93	38	38
93	39	39
93	40	40
93	41	42
93	43	44
93	45	45
93	46	46
93	47	47
93	48	49
93	50	50
93	52	52
93	53	54
93	55	55
93	56	57
93	58	58
93	59	64
93	65	66
93	67	67
93	68	71
93	72	72
93	73	74
93	75	76
93	77	78
93	79	80
93	81	81
93	82	84
93	86	90
93	91	92
93	93	94
93	95	96
93	97	97
93	98	99
93	100	103
93	104	104
93	106	106
93	107	108
93	109	109
93	110	111
93	112	113
93	114	115
93	116	116

94	0	0
94	1	2
94	3	4
94	5	5
94	6	7
94	8	9
94	11	13
94	14	15
94	16	17
94	19	21
94	22	22
94	23	23
94	24	25
94	26	27

95	4	5
95	6	7
95	8	9
95	10	11
95	12	12
95	13	13

96	0	0
96	1	1
96	2	3
96	4	5
96	6	7

97	0	1
97	2	3
97	4	5
97	7	8
97	10	11
97	12	13
97	14	15
97	16	17
97	19	20
97	22	23
97	24	25
97	26	27
97	29	30
97	32	33
97	34	36
97	37	38
97	39	40

98	0	2
98	4	6
98	8	9
98	11	12
98	13	14

99	0	2
99	4	6
99	8	9
99	11	12
99	13	14

100	0	2
100	4	6
100	8	9
100	11	12
100	13	14

101	0	2
101	3	3
101	4	4
101	5	5
101	6	6
101	7	8

102	4	4
102	5	5
102	6	7
102	8	9
102	10	11
102	12	12
102	13	14
102	15	18
102	19	19
102	20	21
102	22	25
102	26	26
102	27	27
102	28	29
102	30	31
102	32	33
102	34	34
102	35	37
102	38	38
102	39	42
102	43	43
102	44	45
102	46	47
102	48	49
102	50	50
102	51	51
102	53	54
102	55	56
102	57	58
102	59	59
102	60	61
102	62	63
102	64	67
102	68	68
102	69	69
102	70	71
102	72	73
102	74	75
102	76	76
102	77	77
102	78	80
102	81	81

103	4	6
103	7	7
103	8	9
103	10	11
103	12	12
103	13	14
103	15	16
103	17	17
103	18	18
103	19	22
103	23	23
103	24	25
103	26	28
103	29	29
103	30	33
103	34	34
103	35	35
103	36	37
103	38	39
103	40	41
103	42	42
103	43	43
103	44	46
103	47	47
103	48	49
103	50	51
103	52	52
103	54	55
103	56	56
103	57	58
103	59	59
103	60	60
103	61	61
103	62	63
103	64	64
103	65	66
103	67	70
103	71	71
103	72	73
103	74	74
103	75	75
103	76	77
103	78	79
103	80	80
103	81	82
103	83	84
103	85	86
103	87	88
103	89	89
103	90	91
103	92	93
103	94	94

104	0	2
104	3	4
104	5	6

105	0	2
105	3	3
105	4	4
105	5	6
105	7	8

106	5	5
106	6	6
106	7	8
106	9	9
106	10	12
106	13	13
106	14	16
106	17	17
106	18	21
106	22	23
106	24	24
106	25	26
106	27	28
106	29	30
106	31	31
106	32	33
106	34	35
106	36	38
106	39	39
106	40	42
106	43	43
106	44	47
106	48	48
106	49	49
106	51	51
106	52	53
106	54	54
106	55	55
106	56	57
106	58	59
106	60	60
106	61	61
106	62	63
106	64	64
106	65	66
106	67	68
106	69	70
106	71	71
106	72	72
106	73	73
106	74	77
106	78	78
106	79	80
106	81	84
106	85	85

107	0	2
107	3	3
107	4	4
107	5	6
107	7	8

108	4	4
108	5	5
108	6	9
108	10	10
108	11	12
108	13	14
108	15	15
108	16	17
108	18	18
108	19	19
108	20	20
108	21	22
108	23	25
108	26	27
108	28	29
108	30	30
108	31	32
108	33	33
108	34	36
108	37	37
108	38	39
108	40	41
108	42	42
108	43	44
108	46	46
108	47	48
108	49	49
108	50	50

109	0	0
109	1	2
109	3	3
109	4	5
109	6	9
109	10	10
109	11	12
109	13	14
109	16	18
109	19	20
109	21	23
109	24	25
109	26	26
109	27	28
109	29	32
109	33	33
109	34	35
109	36	37
109	39	41
109	42	42
109	43	43
109	44	45

110	4	5
110	6	8
110	9	10
110	11	11
110	12	13
110	14	14
110	15	16
110	17	17
110	18	19
110	20	20

111	0	2
111	3	3
111	4	4
111	5	6

112	4	5
112	6	6
112	7	10
112	11	11

113	0	2
113	3	3
113	4	4
113	5	6
113	7	8

114	4	5
114	6	7
114	8	9
114	10	13
114	14	15
114	16	16
114	17	18
114	19	20
114	21	21
114	22	22
114	23	24
114	25	26
114	27	28
114	29	30
114	31	31

115	0	2
115	3	3
115	4	4
115	5	8

116	4	8
116	9	9
116	10	14
116	15	16
116	17	19
116	20	20
116	21	22
116	23	24
116	25	25
116	26	27
116	28	29
116	30	30
116	31	32
116	33	34
116	35	35
116	36	37
116	38	39
116	40	40
116	41	44
116	45	46
116	47	47
116	48	48
116	49	49
116	50	50
116	51	51

118	0	0
118	1	1
118	3	7
118	8	9
118	10	12
118	13	16

119	0	1
119	2	3

120	0	3
120	5	6
120	7	8
120	10	11
120	13	14
120	15	16
120	17	18
120	20	21
120	23	24
120	25	26
120	28	28
120	29	30
120	31	32
120	34	35
120	36	37
120	39	40
120	41	42
120	44	44
120	46	47
120	48	49
120	51	52

121	0	1
121	6	8
121	9	9
121	10	11
121	13	15
121	16	16
121	17	18
121	20	22
121	24	25
121	26	28
121	30	31
121	32	34
121	35	35
121	37	37
121	38	39
121	40	40
121	41	41
121	42	42
121	44	46
121	47	49
121	51	52
121	53	53
121	54	55
121	56	56
121	58	58
121	60	63
121	65	66

122	4	6
122	7	7
122	8	8
122	9	9
122	14	17

123	0	1
123	6	8
123	9	9
123	10	11
123	16	19
123	21	22

124	4	6
124	7	7
124	8	9
124	14	17

125	0	1
125	6	8
125	9	9
125	10	11
125	16	19
125	21	23

126	4	6
126	7	7
126	8	9
126	14	17

127	0	1
127	6	8
127	9	9
127	10	11
127	16	19
127	21	23

128	4	6
128	7	7
128	8	9
128	14	17

129	0	1
129	6	8
129	9	9
129	10	11
129	16	19
129	21	23

130	4	6
130	7	7
130	8	8
130	9	9
130	14	17

131	0	1
131	6	8
131	9	9
131	10	11
131	16	19
131	21	23

132	4	6
132	7	7
132	8	8
132	13	16

134	0	0
134	1	1
134	3	7
134	8	9
134	10	12
134	13	16

135	0	1
135	2	2

136	0	3
136	5	6
136	7	8
136	10	11
136	13	14
136	15	16
136	17	18
136	20	21
136	23	24
136	25	26
136	28	28
136	29	30
136	31	32
136	34	35
136	36	37
136	39	40
136	41	42
136	44	44
136	46	47
136	48	49
136	51	52

137	0	1
137	6	8
137	9	9
137	10	10
137	12	14
137	15	15
137	16	17
137	19	22
137	24	25
137	26	28
137	30	31
137	32	34
137	35	35
137	37	37
137	38	39
137	40	40
137	41	41
137	42	42
137	44	46
137	47	49
137	51	52
137	53	53
137	54	55
137	56	56
137	58	58
137	65	68
137	70	72

138	4	6
138	7	7
138	8	9
138	14	17

139	0	1
139	6	8
139	9	9
139	10	10
139	15	18
139	20	22

140	4	6
140	7	7
140	8	9
140	14	17

141	0	1
141	6	8
141	9	9
141	10	11
141	16	19
141	21	23

142	4	6
142	7	7
142	8	9
142	14	17

143	0	1
143	6	8
143	9	9
143	10	11
143	16	19
143	21	23

144	4	6
144	7	7
144	8	9
144	14	17

145	0	2
145	7	9
145	10	10
145	15	18
145	20	22

146	4	6
146	7	7
146	8	9
146	14	17

147	0	2
147	7	9
147	10	10
147	11	12
147	17	20
147	22	24

148	4	6
148	7	7
148	8	9
148	14	17

149	0	2
149	7	9
149	10	10
149	11	12
149	17	20
149	22	24

150	4	6
150	7	7
150	8	9
150	14	17

151	0	2
151	7	9
151	10	10
151	15	18
151	20	22

152	4	6
152	7	7
152	8	9
152	14	17

153	0	2
153	7	9
153	10	10
153	11	12
153	17	20
153	22	24

154	4	6
154	7	7
154	8	9
154	14	17

157	0	2
157	3	3
157	4	4
157	5	6
157	7	8

158	4	5
158	6	8
158	9	10
158	11	12
158	13	14
158	15	16
158	17	17
158	18	18
158	19	19
158	20	20
158	21	21
158	22	22
158	23	23
158	24	24
158	25	25
158	26	26
158	27	27
158	28	28
158	29	29
158	30	31
158	32	32
158	33	33
158	34	34
158	35	35
158	36	38
158	39	39
158	40	40
158	41	42
158	43	43
158	44	44
158	45	47
158	49	49
158	50	51
158	52	53
158	54	54
158	55	55
158	56	58
158	59	60
158	61	61
158	62	62
158	63	63
158	64	66
158	67	67
158	68	69
158	70	70
158	71	72
158	73	73
158	74	74
158	75	76
158	77	77
158	78	79
158	80	81
158	82	82

159	4	5
159	6	7
159	8	10
159	11	12
159	13	14
159	15	15
159	16	17
159	18	19
159	20	21
159	22	22
159	23	24
159	25	26
159	27	29
159	30	30
159	31	32
159	34	39
159	40	40
159	41	42
159	43	43
159	44	50
159	51	51

160	0	0
160	1	1
160	3	7
160	8	9
160	10	12
160	13	14
160	15	16
160	17	18
160	19	20
160	21	22
160	24	25
160	26	26
160	27	28

161	0	1
161	3	4
161	5	6
161	7	8
161	9	10
161	12	12
161	13	15
161	16	16
161	18	19
161	20	21
161	22	23
161	24	25
161	27	27
161	28	28
161	29	30
161	31	31
161	33	34
161	35	36
161	37	38
161	39	40
161	42	42
161	43	44
161	45	45
161	47	48
161	49	50
161	51	52
161	54	54
161	55	57
161	58	58
161	59	59

162	2	3
162	5	6

163	0	1
163	2	2
163	4	6
163	8	11
163	13	16
163	23	23
163	24	26
163	28	30

164	0	1
164	2	2
164	3	4
164	6	8
164	10	13
164	16	18
164	20	22
164	24	24

165	0	2
165	3	3
165	5	7
165	9	11
165	19	19
165	21	23

166	1	4
166	6	8
166	12	14

167	0	2
167	3	3
167	4	5
167	7	9
167	11	13
167	15	15
167	17	18
167	20	20
167	22	24

168	1	4
168	6	8
168	10	10
168	11	11
168	13	13
168	15	15
168	17	19

170	0	0
170	1	1
170	3	7
170	8	9
170	10	12
170	13	14
170	15	16
170	17	18
170	19	20
170	21	22
170	24	25
170	26	26
170	27	28

171	0	1
171	3	4
171	5	6
171	7	8
171	9	10
171	12	12
171	13	15
171	16	16
171	18	19
171	20	21
171	22	23
171	24	25
171	27	28
171	29	29
171	31	32
171	33	34
171	35	36
171	37	38
171	40	40
171	41	42
171	43	43
171	45	46
171	47	48
171	49	50
171	52	52
171	53	55
171	56	56
171	57	57
171	59	59

172	2	3
172	5	6

173	0	1
173	2	2
173	4	6
173	8	11
173	13	16
173	18	21
173	23	25

174	0	0
174	1	2
174	3	3
174	4	5
174	7	9
174	11	14
174	16	16
174	18	21
174	23	25

175	2	5
175	8	11
175	13	15

176	0	2
176	3	3
176	5	7
176	9	11
176	14	14
176	16	18

177	1	4
177	6	8
177	10	10
177	12	13
177	15	15
177	17	17
177	19	21

178	0	2
178	3	3
178	4	5
178	7	9
178	11	13
178	15	15
178	17	18
178	20	20
178	22	24

179	1	4
179	6	8
179	12	14

180	0	0
180	1	1
180	3	7
180	8	9
180	10	12
180	13	14
180	15	16
180	17	18
180	19	20
180	21	22
180	24	25
180	26	26
180	27	28

181	0	1
181	3	4
181	5	6
181	7	8
181	9	10
181	12	12
181	13	15
181	16	16
181	18	19
181	20	21
181	22	23
181	24	25
181	27	27
181	28	29
181	30	30
181	32	33
181	34	35
181	36	37
181	38	39
181	41	41
181	42	43
181	44	44
181	46	47
181	48	49
181	50	51
181	53	53
181	54	56
181	57	57
181	58	58

182	2	3
182	5	6

183	0	1
183	2	2
183	4	6
183	8	11
183	13	16
183	18	21
183	23	25

184	0	1
184	2	2
184	3	4
184	6	8
184	10	13
184	15	15
184	17	20
184	22	24

185	0	2
185	3	3
185	5	7
185	9	11
185	15	17

186	1	3
186	5	7
186	10	10
186	12	14

187	0	2
187	3	3
187	4	5
187	7	9
187	11	13
187	17	19

188	1	3
188	5	7
188	11	13

189	4	5
189	6	8
189	9	10
189	11	12
189	13	13
189	14	15
189	16	18
189	19	19
189	20	22
189	23	24
189	25	27
189	28	28
189	29	30
189	31	31
189	32	33
189	34	35
189	36	37
189	38	38
189	39	39
189	40	40
189	41	42
189	43	43
189	44	45
189	46	46
189	47	47
189	48	48

191	0	0
191	1	1
191	2	4
191	5	6
191	7	8
191	9	9
191	10	11
191	12	14
191	15	15
191	16	18
191	19	20
191	21	22

192	0	1
192	2	2
192	3	4

194	4	6
194	7	7
194	8	8
194	9	10
194	11	11
194	12	12
194	13	14
194	15	15
194	16	17
194	18	19

195	4	6
195	7	7
195	8	10
195	11	12
195	13	13
195	14	15
195	16	17

196	5	5
196	6	7
196	8	9
196	10	10
196	11	12
196	13	14
196	15	15
196	16	16
196	17	19
196	20	21
196	22	23
196	24	24
196	25	26
196	27	28
196	29	29
196	30	30
196	31	32
196	33	33
196	34	35
196	36	37
196	38	38
196	39	40
196	41	42
196	43	45
196	46	46
196	47	47
196	49	50
196	51	52
196	53	53
196	54	54
196	55	56
196	57	57
196	58	59
196	60	60

197	4	6
197	7	7
197	8	10
197	11	12
197	13	14
197	15	16

198	0	1
198	2	4
198	5	5
198	6	8
198	9	9
198	10	11
198	12	13
198	14	14
198	15	15
198	16	17
198	18	18
198	19	21
198	22	22

199	4	6
199	7	7
199	8	8
199	9	9
199	10	11
199	12	13
199	15	15

200	0	4
200	5	5
200	6	10
200	11	13
200	14	14
200	15	16
200	17	18
200	19	19
200	20	20
200	21	21
200	22	23
200	24	25
200	26	26
200	27	28
200	29	29
200	30	30
200	31	31
200	32	32
200	33	34
200	35	35
200	36	37
200	38	38

201	0	0
201	1	1
201	3	7
201	8	8
201	9	13
201	14	16
201	17	17
201	18	19
201	20	21
201	22	23
201	24	25
201	26	27
201	28	29
201	30	31

202	0	0
202	1	2
202	3	4
202	6	8
202	9	9
202	14	14
202	15	17
202	19	22
202	24	26
202	28	30
202	32	34

203	0	1
203	2	3
203	4	4
203	5	6
203	7	8
203	9	10
203	12	17
203	19	23
203	25	29
203	31	35
203	37	40
203	42	44

204	0	1
204	2	3
204	4	4
204	5	6
204	7	8
204	10	10
204	11	11
204	13	13
204	15	15
204	17	17

205	0	4
205	6	10
205	12	16
205	18	21
205	23	25
205	27	27
205	29	30

206	3	3
206	4	4
206	5	6
206	7	8
206	9	9
206	10	11
206	12	13
206	14	15
206	16	17
206	18	19
206	20	20

209	0	0
209	1	2
209	4	8
209	9	11
209	12	12
209	13	14
209	15	16
209	17	18
209	19	20
209	21	22
209	23	24
209	25	26

210	0	1

212	4	6
212	7	7
212	8	8
212	9	10
212	11	12
212	13	13
212	14	15
212	16	17
212	18	18

213	5	5
213	6	8
213	9	10
213	11	12
213	13	14
213	15	15
213	16	16
213	17	19
213	20	20
213	21	22
213	23	24
213	25	25
213	26	27
213	28	28
213	29	30
213	31	31
213	32	33
213	34	34
213	35	35
213	36	38
213	39	39
213	40	41
213	42	43
213	44	44
213	45	46
213	47	47
213	48	48
213	49	50
213	52	54
213	55	55
213	56	57
213	58	59
213	60	60
213	61	62
213	63	63
213	64	64
213	65	67
213	68	68
213	69	71
213	72	72
213	73	74
213	75	76
213	77	77
213	78	80
213	81	81
213	82	83
213	84	85
213	86	87
213	88	89
213	90	90
213	91	92
213	93	93
213	94	94
213	95	96
213	97	98
213	99	100
213	101	101
213	103	103
213	104	104
213	105	107
213	108	108
213	109	109

214	0	0
214	1	1
214	2	2
214	3	5
214	7	7
214	8	8
214	9	9

215	0	0
215	1	1
215	2	3
215	4	5
215	6	6
215	7	8
215	9	11
215	12	12
215	13	14
215	15	16
215	17	18
215	19	19
215	20	21
215	22	23
215	24	24
215	25	26
215	27	28
215	29	30
215	31	31
215	32	33
215	34	34
215	35	36
215	37	37
215	38	39
215	40	41
215	42	43
215	44	44
215	45	46
215	47	48
215	49	50
215	52	52
215	53	54
215	55	55
215	56	56
215	57	57
215	58	59
215	60	61
215	62	63
215	64	65
215	66	67
215	68	68
215	69	72
215	73	74
215	75	76
215	77	77

216	4	6
216	7	7
216	8	8
216	9	9
216	10	11
216	12	12

217	5	5
217	6	7
217	9	14
217	15	16
217	17	17
217	18	19
217	20	21
217	22	23
217	24	24
217	25	25
217	26	30
217	31	31
217	32	36
217	37	39
217	40	40
217	41	43
217	44	44
217	45	46
217	47	48
217	49	49
217	50	50
217	51	55
217	56	58
217	60	60
217	61	64
217	65	65
217	66	67
217	68	69
217	70	70
217	71	71
217	72	73
217	74	74
217	75	75
217	76	77
217	78	80
217	81	82

218	0	0
218	1	2
218	3	5
218	6	6
218	7	7
218	8	9
218	10	10
218	12	13
218	14	14
218	15	15

219	0	0
219	2	2
219	4	4
219	5	6
219	7	7

220	0	1
220	2	3
220	5	6

221	0	1
221	3	4
221	6	6
221	7	7
221	8	9
221	10	10
221	11	12
221	13	13

222	0	1
222	3	4

223	0	1
223	2	2
223	3	5
223	7	8

225	0	2
225	3	3
225	4	5
225	6	7
225	8	8
225	9	10
225	11	12
225	13	14

226	4	5
226	6	8
226	9	10
226	11	13
226	14	14
226	15	15
226	16	17
226	18	19
226	20	20
226	21	21
226	22	24
226	25	26
226	27	27
226	28	29
226	30	31
226	32	33
226	34	35
226	36	37
226	38	38
226	39	39
226	40	41
226	42	43
226	44	45
226	46	46
226	48	48
226	49	50
226	51	51
226	52	53
226	54	54

227	0	2
227	3	3
227	4	5
227	6	7
227	8	9
227	10	11

228	4	6
228	7	7
228	8	9
228	10	11
228	12	15
228	16	17
228	18	19
228	20	20
228	21	21
228	22	24
228	25	25
228	26	26
228	27	27
228	28	29
228	30	33
228	35	38
228	39	39
228	40	41
228	42	42

229	5	6
229	7	8
229	9	10
229	11	12
229	13	13
229	14	14
229	15	16
229	17	18
229	19	20
229	21	22
229	23	24
229	25	25
229	26	29
229	30	30
229	31	31
229	32	32
229	33	34
229	35	36
229	37	37
229	38	38
229	39	39
229	40	40
229	41	41
229	42	43
229	44	44
229	45	46
229	47	48
229	50	51
229	52	53
229	54	54
229	55	55
229	56	56
229	57	59
229	60	61
229	62	63
229	64	64
229	65	65
229	66	67
229	68	69
229	70	70
229	71	71
229	72	73
229	74	78
229	79	79
229	80	80
229	81	82
229	83	84
229	85	85
229	86	89
229	90	90
229	92	92
229	93	93
229	94	96
229	97	97
229	99	99
229	100	101
229	102	102
229	103	103
229	104	105
229	106	107
229	108	108
229	109	110
229	111	112
229	114	119
229	120	120
229	121	122
229	123	123
229	124	125
229	126	127
229	128	129
229	130	131
229	132	133
229	134	134
229	135	138
229	139	139
229	140	140
229	141	143
229	144	144
229	145	145
229	146	147
229	148	149
229	151	152
229	153	153
229	154	155
229	156	156
229	157	157
229	158	159
229	160	161
229	162	162
229	163	164
229	165	166
229	168	173
229	174	174
229	175	176
229	177	177

230	0	2
230	3	3
230	4	5
230	6	7
230	8	9

231	5	7
231	8	8
231	9	10
231	11	12
231	13	13
231	14	15
231	16	17
231	18	18
231	19	20
231	21	21
231	22	23
231	24	25
231	26	27
231	28	28
231	29	29
231	30	31
231	32	33
231	34	36
231	37	37
231	38	38
231	39	40
231	41	42
231	43	43
231	44	44
231	45	45
231	46	47
231	49	49
231	50	50
231	51	51
231	52	53
231	54	55
231	56	57
231	58	59
231	60	60
231	61	61
231	62	63
231	64	66
231	67	67
231	68	68
231	69	69
231	70	70
231	71	72
231	73	73
231	74	74
231	75	76
231	77	78
231	79	80
231	81	81
231	82	82
231	83	84
231	85	86
231	87	87
231	88	88
231	89	89
231	90	90
231	91	92
231	93	93
231	94	94
231	96	98
231	99	99
231	100	101
231	102	103
231	104	105

232	5	5
232	6	7
232	8	9
232	10	10
232	11	11
232	12	13
232	14	15
232	16	16
232	17	19
232	20	20
232	21	21
232	22	22
232	23	24
232	25	28
232	30	30
232	31	31
232	32	32
232	33	33
232	34	34
232	35	35
232	36	39
232	41	47
232	48	48
232	49	50
232	51	52
232	53	54
232	55	55
232	56	56
232	58	58
232	59	61
232	62	62
232	63	63

233	4	5
233	6	7
233	9	12
233	13	13
233	14	15
233	17	21
233	22	22
233	23	24
233	25	25
233	26	28
233	29	29
233	30	33
233	34	34
233	35	35
233	36	36
233	37	37
233	38	40
233	41	42
233	43	44
233	45	45

234	0	2
234	3	3
234	4	5
234	6	8
234	9	10
234	11	12
234	13	13
234	14	15
234	16	17

235	5	5
235	6	8
235	9	9
235	10	10
235	11	12
235	13	13
235	14	14
235	15	16
235	18	22
235	23	24
235	25	25
235	26	28
235	29	30
235	31	32
235	33	33
235	34	35
235	36	40
235	41	41
235	42	43
235	44	45
235	46	46
235	47	48
235	49	49
235	50	51
235	52	53
235	54	54
235	56	58
235	59	59
235	60	61
235	62	64
235	65	68

236	5	7
236	8	9
236	10	11
236	12	13
236	14	14
236	15	15
236	16	16
236	17	17
236	18	18
236	19	20
236	21	21
236	22	23
236	24	26
236	27	27
236	28	29
236	30	33
236	34	34
236	35	36
236	37	37
236	38	40
236	41	41
236	42	43
236	44	46
236	48	51
236	53	53
236	54	55
236	56	56
236	57	58
236	59	61
236	62	63
236	64	65
236	66	67
236	68	69
236	70	70

237	0	1
237	2	2
237	3	4
237	5	5
237	6	6
237	8	9
237	10	10
237	11	11
237	12	12
237	13	14
237	15	17
237	18	18
237	19	19
237	20	20
237	22	23
237	24	24
237	25	25
237	26	26
237	27	28
237	29	32
237	33	33

238	0	1
238	2	3
238	4	4
238	5	9
238	10	12
238	13	13
238	14	15
238	16	19
238	21	21
238	22	24
238	25	26
238	27	27
238	28	28
238	30	34
238	35	35
238	36	40
238	41	43
238	44	44
238	45	46
238	47	50
238	52	52
238	53	55
238	56	57

239	1	2
239	3	4
239	5	6
239	7	7
239	8	10
239	11	11
239	12	12
239	14	18
239	19	21
239	22	22
239	23	24
239	25	29
239	30	30
239	32	36
239	37	37
239	38	42
239	43	45
239	46	46
239	47	48
239	49	53
239	54	54
239	56	57
239	58	58
239	59	59
239	60	61
239	62	63
239	64	64
239	65	65
239	66	66
239	67	67
239	68	68

240	0	0
240	1	2
240	3	3
240	4	4
240	5	6
240	7	8
240	9	9

241	1	2
241	3	3
241	4	4
241	5	6
241	7	8
241	9	9
241	10	10
241	12	15
241	16	16
241	17	18
241	19	19
241	20	24
241	25	26
241	27	28
241	29	29
241	30	30
241	31	31
241	32	33
241	34	34
241	35	36
241	37	37
241	38	39
241	40	43
241	44	44
241	45	45
241	47	47
241	48	48
241	49	51
241	52	52
241	53	53

242	0	2
242	3	5
242	6	8
242	9	10
242	11	11
242	12	13
242	14	17
242	18	18
242	19	20
242	21	22
242	24	26
242	27	27
242	28	28
242	29	30

243	4	6
243	7	9
243	10	11
243	12	12
243	13	14
243	15	15
243	16	17
243	18	18
243	19	19
243	20	21
243	22	22

244	0	2
244	3	3
244	4	4
244	5	6

245	4	5
245	6	6
245	7	10
245	11	11

246	0	2
246	3	3
246	4	4
246	5	6
246	7	8

247	4	5
247	6	7
247	8	9
247	10	13
247	14	14

248	4	6
248	7	7
248	8	8
248	9	12

249	4	6
249	7	7
249	8	10
249	11	12
249	13	14

250	0	1
250	2	3
250	4	4
250	5	6
250	7	7
250	8	10
250	11	11
250	12	17

251	4	6
251	7	7
251	8	10
251	11	12
251	13	14
251	15	16

252	0	1
252	2	3
252	4	5
252	6	6
252	7	8
252	9	9
252	10	11
252	12	12
252	13	15
252	16	16

253	4	6
253	7	7
253	8	10
253	12	13
253	14	14
253	15	16
253	17	18

254	0	2
254	4	5
254	6	7
254	8	8
254	10	12
254	13	13
254	14	16
254	17	17
254	19	23

255	4	6
255	7	7
255	8	8
255	9	10
255	11	12
255	14	14

256	5	7
256	8	10
256	11	12
256	13	14
256	15	16
256	17	18
256	19	19
256	20	20
256	21	22
256	23	23
256	24	24
256	25	25
256	26	27
256	28	28
256	29	30
256	31	31
256	32	32
256	33	35
256	36	38
256	39	39
256	40	41
256	42	43
256	44	44
256	45	45
256	46	47
256	48	49
256	50	50
256	52	52
256	53	53
256	54	55
256	56	57
256	58	58
256	59	60
256	61	61
256	62	62
256	63	64
256	65	65
256	66	67
256	68	69
256	70	70

257	0	0
257	1	2
257	3	5
257	6	8
257	9	10
257	11	12
257	14	15
257	16	16
257	17	18

258	0	1
258	2	3
258	5	6
258	8	9
258	10	11
258	12	13
258	14	15
258	16	17
258	18	19
258	21	21
258	22	23
258	24	24
258	26	27
258	28	29
258	30	31
258	32	33
258	35	35
258	36	38
258	39	39
258	40	40

259	0	2
259	4	5
259	7	9
259	11	13

260	1	2
260	3	4
260	6	8
260	10	12

261	0	2
261	4	5
261	7	9
261	11	13

262	1	2
262	3	4
262	6	8
262	10	12

263	0	1
263	3	4
263	6	8
263	10	12

264	1	2
264	3	4
264	6	8
264	10	12

266	4	6
266	7	7
266	8	8
266	9	10
266	11	11
266	12	12
266	13	14
266	15	15

267	4	6
267	7	7
267	8	10
267	11	12
267	13	13

268	0	1
268	2	3
268	4	4
268	5	5
268	6	7
268	8	9
268	10	11
268	12	13
268	14	15
268	16	17
268	18	19
268	20	20
268	21	22
268	23	24
268	25	25
268	26	26
268	27	28
268	29	30
268	31	32
268	33	33
268	34	35
268	36	36
268	37	37
268	38	40
268	41	41

269	4	6
269	7	7
269	8	10
269	12	13

270	0	1
270	2	3
270	4	5
270	6	6
270	7	7
270	8	8
270	9	10
270	11	11
270	12	12
270	13	14
270	15	16
270	17	17
270	18	19
270	20	20
270	22	22

271	4	6
271	7	7
271	8	8
271	9	10
271	11	11
271	12	13
271	14	15

272	5	6
272	7	8
272	9	9
272	10	10
272	11	11
272	12	12
272	13	14
272	15	16
272	17	17
272	18	19
272	20	20
272	21	22
272	23	24
272	25	25
272	26	27
272	28	29
272	30	30
272	31	32
272	33	34
272	35	36
272	37	38
272	39	40
272	41	41
272	42	42
272	43	45
272	46	46
272	47	48
272	49	49
272	51	51
272	52	53
272	54	54
272	55	56
272	57	58
272	59	59

273	4	6
273	7	7
273	8	8
273	9	10
273	11	12
273	13	13
273	14	15
273	16	17
273	18	18

274	0	0
274	1	2
274	3	3
274	4	6
274	7	8
274	9	10
274	11	11
274	12	13
274	14	14
274	15	15
274	16	17
274	18	18
274	19	20
274	21	22
274	23	24
274	25	26
274	27	27

275	4	6
275	7	7
275	8	8
275	9	9
275	10	11
275	12	12
275	14	14

276	0	0
276	1	2
276	4	9
276	10	11
276	12	12
276	13	14
276	15	16
276	17	18
276	19	19
276	20	20
276	21	21
276	22	23
276	24	24
276	25	25
276	26	27
276	28	30
276	31	32
276	33	33

277	0	0
277	1	2
277	3	5
277	6	8
277	9	9
277	10	10
277	11	12
277	13	13
277	15	16
277	17	17
277	18	18

278	0	0
278	2	2
278	4	5
278	6	7
278	8	9
278	10	10
278	11	11
278	12	12
278	13	14
278	15	15
278	17	19
278	20	21
278	22	23
278	24	25
278	26	26
278	27	27
278	28	28
278	29	30
278	31	31

279	0	1
279	2	3
279	5	6
279	8	9

280	0	1
280	3	4
280	6	6
280	7	7
280	8	9
280	10	10
280	11	12
280	13	13
280	15	16
280	18	18
280	19	19
280	20	21
280	22	24
280	25	25

281	0	1
281	2	2
281	3	5
281	7	8
281	10	11

282	0	2
282	3	3
282	4	5
282	6	7
282	8	9

284	0	1
284	2	3
284	4	5
284	6	6
284	7	8
284	9	10
284	11	13
284	14	14
284	15	15
284	16	17
284	18	19
284	20	20
284	21	21
284	22	22
284	23	23
284	24	24
284	25	26
284	27	27
284	28	28
284	29	30
284	31	32
284	33	34
284	35	36
284	37	37
284	38	38
284	39	40
284	41	43
284	44	44
284	45	45

285	0	0
285	1	1
285	2	2
285	3	4
285	5	5
285	6	6
285	7	8
285	9	10
285	11	12
285	13	13
285	14	14
285	15	16
285	17	18
285	19	19
285	20	20
285	21	21
285	22	22
285	23	24
285	25	25
285	26	26

286	0	2
286	3	3
286	4	5
286	6	7
286	8	9

287	5	6
287	7	8
287	9	10
287	11	11
287	12	12
287	13	15
287	16	17
287	18	20
287	21	21
287	22	23
287	24	25
287	26	26
287	27	29
287	30	30
287	31	31
287	32	32
287	33	34
287	35	38
287	39	39
287	40	40
287	41	41
287	42	42
287	43	43
287	44	44
287	45	46
287	47	47
287	48	48
287	50	56
287	58	58
287	59	60
287	61	62
287	63	64
287	65	65
287	66	67
287	68	70
287	71	71
287	72	72

288	0	2
288	3	3
288	4	5
288	6	8
288	9	12
288	13	13
288	14	16
288	17	18
288	19	20
288	21	21
288	22	22

289	5	7
289	8	9
289	10	11
289	12	13
289	14	14
289	15	15
289	16	18
289	19	20
289	21	21
289	22	23
289	24	26
289	27	27
289	28	29
289	30	33
289	34	34
289	35	36
289	37	37
289	38	40
289	41	41
289	42	43
289	44	46
289	48	51
289	52	52
289	53	54
289	55	55
289	56	56
289	58	61
289	62	62
289	63	64
289	65	65
289	66	67
289	68	69
289	70	70
289	71	73
289	74	75
289	76	77
289	78	79
289	80	81
289	82	82

290	5	5
290	6	6
290	7	8
290	9	9
290	10	11
290	12	12
290	13	13
290	15	16
290	17	17
290	18	18
290	19	19
290	20	21
290	22	25
290	26	26
290	27	27
290	29	30
290	31	31
290	32	32
290	33	33
290	34	35
290	36	39
290	40	40

291	6	7
291	8	9
291	10	10
291	11	11
291	12	13
291	14	17
291	19	19
291	20	22
291	23	24
291	25	25
291	26	26

292	0	1
292	2	3
292	4	5
292	6	6
292	7	9
292	10	10
292	11	11
292	12	12
292	13	14
292	15	18
292	19	19

293	0	1
293	2	2
293	3	3
293	4	5
293	6	9
293	10	10
293	11	12
293	14	14
293	15	15
293	16	18
293	19	19
293	20	20

294	0	0
294	1	2
294	3	3
294	4	5
294	6	6
294	7	8
294	9	9
294	10	11
294	12	13

295	0	2
295	4	5
295	6	7

296	0	2
296	3	3
296	4	4
296	5	7
296	8	8
296	9	10
296	11	11
296	12	13
296	14	14
296	15	16
296	17	17
296	18	18
296	19	20
296	21	24
296	26	30
296	31	31
296	32	33
296	34	34

297	0	2
297	3	3
297	4	4
297	5	6
297	7	8
297	9	10
297	11	12
297	13	13
297	14	15
297	16	16
297	17	18
297	19	19

301	0	0
301	1	3
301	4	5
301	6	6
301	7	8
301	9	10
301	11	11
301	12	13
301	14	14
301	15	16
301	17	17
301	18	19
301	20	21
301	22	22
301	23	24
301	25	26
301	27	28
301	29	31
301	32	32
301	33	33
301	34	35
301	36	38
301	39	39
301	40	41
301	43	43
301	44	45
301	46	46
301	47	48
301	49	49
301	50	51
301	52	53
301	54	55
301	56	56

302	0	2
302	3	3
302	4	4
302	5	5
302	6	8
302	9	9
302	10	11
302	12	13
302	14	15
302	16	17
302	18	19
302	20	20
302	21	23
302	24	26
302	27	28
302	29	29
302	30	32
302	33	34
302	35	35
302	36	36
302	37	39
302	40	40
302	41	41
302	42	42
302	43	43
302	44	44
302	45	46
302	48	48
302	49	50
302	51	52
302	53	53
302	54	55
302	56	57
302	58	58
302	59	60
302	61	61
302	62	63
302	64	64
302	65	65
302	66	67
302	68	68
302	69	70
302	71	72
302	73	74
302	75	75
302	76	77
302	78	78

303	0	2
303	3	4
303	5	6

304	5	7
304	8	9
304	10	10
304	11	12
304	13	14
304	15	15
304	16	17
304	18	18
304	19	21
304	22	22
304	23	23
304	24	24
304	25	25
304	26	27
304	28	29
304	30	30
304	31	32
304	33	34
304	35	35
304	36	40
304	41	41
304	42	46
304	47	49
304	50	51
304	53	53
304	54	55
304	56	58
304	59	59
304	60	64
304	65	65
304	66	66
304	67	68
304	69	69
304	70	74
304	75	75
304	76	77
304	78	79
304	80	81
304	82	82
304	83	87
304	88	90
304	91	92
304	93	93
304	94	95
304	96	98
304	99	99
304	100	103
304	104	104
304	106	106
304	107	108
304	109	109
304	110	115
304	116	116
304	117	118
304	119	120
304	121	122
304	123	123
304	124	125
304	126	127
304	128	128
304	129	130
304	131	131
304	132	132
304	133	134
304	135	135
304	136	137
304	138	139
304	140	140

305	0	2
305	3	4
305	5	6
305	7	7
305	8	9
305	10	11
305	12	13

306	0	2
306	3	3
306	4	4
306	5	7
306	8	8
306	9	10
306	11	11
306	12	12
306	13	14
306	15	15
306	16	17
306	18	19
306	20	21
306	22	22

307	0	2
307	3	3
307	4	4
307	5	7
307	8	8
307	9	11
307	12	12
307	13	15
307	16	16
307	17	19
307	20	21
307	22	22
307	23	24
307	25	25
307	26	27
307	28	29
307	30	31
307	32	33
307	34	34
307	35	36
307	37	37
307	38	39
307	40	41
307	42	43
307	44	44
307	45	45
307	46	46
307	48	49
307	50	51
307	52	52
307	53	54
307	55	57
307	58	58

308	0	2
308	3	3
308	4	4
308	5	5
308	6	7
308	8	8
308	9	10
308	11	11
308	12	13
308	14	15
308	16	16
308	17	18
308	19	19
308	20	21
308	22	23
308	24	24
308	25	26
308	27	28
308	29	29
308	30	30
308	31	32
308	33	33
308	34	35
308	36	37
308	38	38
308	39	40
308	41	41
308	42	43
308	44	44
308	45	45
308	46	46
308	48	48
308	49	50
308	51	51
308	52	53
308	54	55
308	56	56
308	57	57
308	58	59
308	60	60
308	61	62
308	63	63
308	64	64

309	0	2
309	3	3
309	4	4
309	5	7
309	8	9
309	10	10
309	11	12
309	13	14
309	15	17
309	18	19
309	20	21
309	22	23
309	24	25
309	26	26
309	27	28
309	29	30
309	31	31
309	32	33
309	34	34
309	35	36
309	37	37

310	0	2
310	3	3
310	4	4
310	5	7
310	8	9
310	10	11
310	12	14
310	15	15
310	16	17
310	18	19
310	20	21
310	22	23
310	24	26
310	27	27

311	0	2
311	3	3
311	4	4
311	5	7
311	8	8
311	9	10
311	11	12
311	13	14
311	15	15
311	16	18
311	19	19
311	20	21
311	22	22
311	23	24
311	25	25
311	26	27
311	28	28
311	29	31
311	32	32
311	33	35
311	36	36
311	37	38
311	39	40
311	41	41
311	42	43
311	44	44
311	45	45
311	46	46
311	48	49
311	50	50

312	0	2
312	3	4
312	5	5
312	6	8
312	9	10

313	0	2
313	3	3
313	4	4
313	5	6

314	4	5
314	6	6
314	7	8
314	9	10
314	11	11
314	12	16
314	17	17
314	18	19
314	20	20
314	21	21
314	22	23
314	24	25
314	26	26
314	27	27
314	28	28
314	29	30
314	31	35

315	4	5
315	6	7
315	8	8
315	9	10
315	11	12
315	13	13
315	14	15
315	16	16
315	17	18
315	19	20
315	21	21
315	22	23
315	24	25
315	26	26
315	27	27
315	29	35
315	36	36
315	37	38
315	39	39
315	40	41
315	42	42
315	43	43
315	44	44
315	45	46
315	47	48
315	49	52

316	0	6
316	7	8
316	9	10
316	11	11
316	12	13
316	14	14
316	15	15
316	16	17
316	18	18
316	19	19
316	20	21
316	22	23
316	24	25
316	26	27
316	28	29
316	30	30
316	31	31

317	4	5
317	6	6
317	7	8
317	9	10
317	11	12
317	13	13
317	14	14
317	15	15
317	16	17
317	18	24
317	25	25
317	26	27
317	28	28

318	4	5
318	6	6
318	7	8
318	9	10
318	11	11
318	12	14
318	15	16
318	17	17
318	18	19
318	20	21
318	22	22
318	23	24
318	25	26
318	27	28
318	29	29
318	30	31
318	32	33
318	34	35
318	36	36
318	37	37
318	38	39
318	40	40
318	41	42
318	43	44
318	45	45
318	46	46

319	0	0
319	1	1
319	2	5
319	6	6
319	7	8
319	9	11
319	12	12

320	0	0
320	1	2
320	3	4
320	5	6
320	7	7
320	8	9
320	10	11
320	12	13
320	14	16

321	0	1
321	2	3
321	4	5
321	7	8
321	10	11
321	12	13
321	14	15

322	0	0
322	2	3
322	4	5
322	6	7
322	9	9
322	11	12
322	13	13

323	0	0

324	0	0
324	1	4
324	6	8
324	10	12
324	14	16

325	0	3
325	5	8
325	10	12
325	14	16

326	0	2
326	3	3
326	4	6
326	8	11
326	13	15
326	17	19

327	0	2
327	3	3
327	4	6
327	8	11
327	13	15
327	17	19

328	0	2
328	3	3
328	4	6
328	8	11
328	13	15
328	17	19

329	0	3
329	5	8
329	10	13
329	15	18

330	3	3
330	4	4
330	5	6
330	7	8
330	9	10
330	11	12
330	13	14
330	15	16
330	17	17
330	18	18
330	19	19
330	20	21
330	22	22

331	0	2
331	3	3
331	4	4
331	5	7

333	0	0
333	1	1
333	2	2
333	4	6
333	7	8
333	9	10
333	11	11
333	12	13
333	14	15
333	16	17
333	18	19
333	20	22
333	23	24
333	25	25
333	26	28
333	29	31
333	32	32
333	33	35
333	36	38
333	39	39
333	40	42
333	43	43
333	44	45
333	46	47

334	0	1
334	2	2
334	3	3
334	4	5
334	6	9
334	10	10
334	11	13
334	14	14
334	15	15

335	0	2
335	3	3
335	4	6
335	7	9
335	10	11
335	12	13
335	14	15
335	16	16
335	17	19
335	20	20
335	21	22
335	23	23
335	24	25
335	26	27
335	28	28
335	29	29
335	30	31
335	32	32
335	33	34
335	35	36
335	37	37

336	0	2
336	3	3
336	4	6
336	7	9
336	10	10
336	11	11
336	12	13
336	14	14
336	15	18
336	19	19
336	20	21
336	22	23
336	24	25
336	26	26
336	27	27
336	28	28
336	29	30
336	31	34
336	36	36
336	38	38
336	39	39
336	40	41
336	42	42
336	43	43
336	44	45
336	46	47
336	48	48

337	0	2
337	3	4
337	5	5
337	6	7

338	5	7
338	8	8
338	9	10
338	11	12
338	13	13
338	14	14
338	15	15
338	16	17
338	18	18
338	19	20
338	21	22
338	23	24
338	25	25
338	26	27
338	28	28
338	29	29
338	30	31
338	32	32
338	33	34
338	35	36
338	37	37
338	38	38
338	39	40
338	41	41
338	42	42
338	43	44
338	45	45
338	46	47
338	49	49
338	50	51
338	52	55
338	56	56
338	57	57
338	58	59
338	60	60
338	61	62
338	63	64
338	65	66
338	67	67
338	68	69
338	70	70
338	71	71
338	72	73
338	74	77
338	78	78
338	79	80
338	81	82
338	83	83
338	84	84
338	85	85
338	86	86
338	87	88
338	89	89
338	90	91
338	92	93
338	94	94

339	4	5
339	6	6
339	7	8
339	9	10
339	11	11
339	12	13
339	14	14
339	15	16
339	17	18
339	19	19

340	4	5
340	6	6
340	7	8
340	9	9
340	10	12
340	13	14
340	15	16
340	17	17
340	18	18
340	19	20
340	21	23
340	24	25
340	26	26
340	27	27
340	28	28
340	29	29
340	30	31
340	32	32
340	33	34
340	35	35
340	36	36
340	37	37
340	38	39
340	40	41
340	42	43
340	44	45
340	46	46
340	48	49
340	50	50
340	51	51
340	52	52
340	53	53
340	54	55
340	56	57
340	58	59
340	60	61
340	62	64
340	65	66
340	67	67
340	68	68
340	69	70
340	71	72
340	73	74
340	75	75
340	76	77
340	78	79
340	80	80
340	81	82
340	83	83
340	84	85
340	86	86
340	87	88
340	89	90
340	91	92
340	94	95
340	96	97
340	98	100
340	101	101
340	102	103
340	104	104
340	105	105

341	0	2
341	3	4
341	5	6

342	5	7
342	8	8
342	9	10
342	11	11
342	12	13
342	14	14
342	15	16
342	17	18
342	19	20
342	21	21
342	22	24
342	25	25
342	26	27
342	28	29
342	30	31
342	32	34
342	35	36
342	37	38
342	39	40
342	41	41
342	42	42
342	43	44
342	45	45
342	46	47
342	49	50
342	51	52
342	53	53
342	54	55
342	56	57
342	58	59
342	60	60
342	61	61
342	62	63
342	64	65
342	66	67
342	68	69
342	70	71
342	72	72
342	73	73
342	74	75
342	76	76
342	77	78
342	79	79

343	4	6
343	7	8
343	9	9
343	10	11
343	12	13
343	14	16
343	17	17
343	18	19
343	20	20
343	21	22
343	23	23
343	24	25
343	26	27
343	28	28

344	0	2
344	3	4
344	5	5
344	6	7
344	8	9
344	11	13
344	14	14
344	15	15
344	16	17
344	19	21
344	22	22
344	23	25
344	26	27
344	28	28
344	29	32
344	33	33
344	34	35
344	36	37
344	38	38
344	39	40
344	41	41
344	42	45
344	46	46
344	47	48
344	49	50
344	51	51
344	52	53
344	54	54
344	55	56
344	57	58
344	59	60
344	61	61
344	62	63
344	64	65
344	66	66

345	0	0
345	1	2
345	3	3
345	4	7
345	8	8
345	9	10
345	11	12
345	13	13
345	14	16
345	17	18
345	19	20
345	21	22
345	23	23

346	0	2
346	3	3
346	4	6
346	7	8
346	9	10
346	11	11
346	12	15
346	16	17
346	18	19
346	20	21
346	22	23
346	24	24
346	25	25
346	26	27
346	28	28
346	29	29
346	30	31
346	32	32
346	33	34
346	35	36
346	37	38
346	39	40
346	41	41
346	42	42
346	43	44
346	45	45
346	46	47

347	0	4
347	5	6
347	7	7
347	8	9
347	10	11
347	12	13
347	14	14
347	15	16
347	17	17
347	18	19
347	20	20
347	21	23
347	24	24
347	25	26
347	27	27
347	28	29
347	30	31
347	32	32
347	33	34
347	35	35
347	36	37
347	38	39
347	40	40
347	41	41
347	42	43
347	44	45
347	46	47
347	48	48

348	0	2
348	3	3
348	4	5
348	6	7
348	8	9
348	10	10
348	11	12
348	13	13
348	14	15
348	16	17
348	18	19
348	20	20
348	21	22
348	23	24
348	25	26
348	27	30
348	31	31
348	32	32
348	33	34
348	35	36
348	37	38
348	39	39

349	0	2
349	3	3
349	4	6
349	7	7
349	8	8
349	9	10
349	11	12
349	13	13
349	14	15
349	16	16
349	17	18
349	19	19
349	20	20
349	21	22
349	23	23
349	24	25
349	26	26
349	27	28
349	29	30
349	31	32
349	33	34
349	35	35
349	36	37
349	38	39
349	40	40
349	41	41

350	0	2
350	3	3
350	4	6
350	7	8
350	9	9
350	10	10
350	11	12
350	13	13
350	14	15
350	16	16
350	17	18
350	19	19
350	20	21
350	22	23
350	24	24
350	25	25
350	26	27
350	28	28
350	29	31
350	32	32
350	33	34
350	35	36
350	37	40
350	41	41
350	42	43
350	44	45
350	46	47

351	0	0
351	1	1
351	2	4
351	5	5
351	6	6
351	7	8
351	9	10
351	11	13
351	14	15
351	16	16

352	0	2
352	3	3
352	4	6
352	7	9
352	10	10
352	11	13
352	14	14
352	15	16
352	17	17
352	18	19
352	20	21
352	22	22
352	23	24
352	25	26
352	27	27

353	0	2
353	3	3
353	4	4
353	5	7
353	8	9

354	4	5
354	6	7
354	8	9
354	10	11
354	12	12
354	13	13
354	15	19
354	20	20
354	21	22
354	23	23

355	0	2
355	3	4
355	5	5
355	6	7
355	8	9
355	11	13
355	14	14
355	15	15
355	16	17

356	4	5
356	6	7
356	8	8
356	9	10
356	11	12
356	13	13
356	14	15
356	16	17
356	18	18
356	19	20
356	21	21
356	22	23
356	24	24
356	25	25
356	26	26
356	27	27
356	28	29
356	30	30
356	31	32
356	33	34
356	35	35
356	36	37
356	38	40
356	41	41
356	42	43
356	44	45
356	46	46
356	48	48
356	49	50
356	51	51
356	52	53
356	54	56
356	57	57
356	58	59
356	60	61
356	62	64
356	65	65
356	66	68
356	69	69
356	70	70
356	71	73
356	74	74
356	75	76
356	77	78
356	79	79
356	80	82
356	83	83
356	84	85
356	86	87
356	88	88
356	89	89
356	90	91
356	92	92
356	94	95
356	96	97
356	98	99
356	100	100
356	101	102
356	103	104
356	105	105
356	106	107
356	108	108
356	109	110
356	111	112
356	113	113
356	114	114
356	115	116
356	117	118
356	119	119
356	120	121
356	122	122
356	123	124
356	125	128
356	129	129
356	130	130
356	131	131
356	132	133
356	134	134
356	135	136
356	137	138
356	140	141
356	142	143
356	144	144

357	0	2
357	3	3
357	4	4
357	5	6

358	4	6
358	7	8
358	9	10
358	11	11
358	12	13
358	14	14
358	15	16
358	17	18
358	19	19
358	20	20
358	21	21
358	22	23
358	24	24
358	25	26
358	27	28
358	29	30
358	31	31

359	0	2
359	3	3
359	4	4
359	5	6

360	5	6
360	7	9
360	10	10
360	11	12
360	13	13
360	14	15
360	16	17
360	18	18
360	19	19
360	20	20
360	21	21
360	22	23
360	24	24
360	25	26
360	27	28
360	29	30
360	31	32
360	33	34
360	35	35
360	36	37
360	38	39
360	40	41
360	42	42
360	43	44
360	45	45
360	46	47
360	49	50
360	51	51
360	52	53
360	54	55
360	56	57
360	58	58
360	59	60
360	61	62
360	63	63
360	64	65
360	66	67
360	68	68
360	69	70
360	71	71
360	72	72
360	73	73
360	74	75
360	76	76
360	77	78
360	79	80
360	81	82
360	83	83

361	0	2
361	3	4
361	5	5
361	6	7

362	5	7
362	8	8
362	9	10
362	11	12
362	13	13
362	14	15
362	16	16
362	17	18
362	19	20
362	21	21
362	22	23
362	24	25
362	26	28
362	29	30
362	31	31
362	32	33
362	34	34
362	35	35
362	36	36
362	37	38
362	39	39
362	40	41
362	42	43
362	44	45
362	46	46
362	47	47
362	49	50
362	51	52
362	53	54
362	55	56
362	57	58
362	59	60
362	61	61
362	62	63
362	64	64
362	65	65
362	66	67
362	68	68
362	69	70
362	71	72
362	73	73
362	74	75
362	76	76
362	77	78
362	79	79
362	80	81
362	82	82
362	83	83
362	84	85
362	86	86
362	87	88
362	89	90
362	91	91
362	92	93
362	95	95
362	96	96
362	97	97
362	98	98
362	99	100
362	101	101

363	4	5
363	6	7
363	8	8
363	9	10
363	11	11
363	12	13
363	14	14
363	15	15

364	0	2
364	3	4
364	5	5
364	7	8
364	9	9
364	11	12
364	13	14
364	15	15
364	17	18
364	19	20
364	21	21
364	23	25
364	26	26
364	27	27
364	28	29
364	30	31
364	32	32
364	33	33

365	0	0
365	1	1
365	2	3
365	4	4
365	6	7
365	8	8
365	9	9
365	10	10
365	12	13
365	14	14
365	16	17
365	18	19
365	20	20
365	22	23
365	24	25
365	26	26
365	28	29
365	30	31
365	32	32
365	34	37
365	38	38
365	40	41
365	42	43
365	44	45
365	46	46
365	48	49
365	50	51
365	52	52
365	54	55
365	56	57
365	58	58
365	60	61
365	62	63
365	64	64
365	66	67
365	68	69
365	70	70
365	71	71
365	72	73
365	74	74
365	75	77
365	78	78
365	79	79
365	81	82
365	83	84
365	85	85
365	86	86
365	87	88
365	89	89
365	90	92
365	93	93
365	94	94
365	96	97
365	98	98
365	100	101
365	102	103
365	104	104
365	106	107
365	108	109
365	110	110
365	112	112
365	113	114
365	115	115
365	117	119
365	120	121
365	122	122
365	124	126
365	127	127
365	128	131
365	132	132
365	133	134
365	135	135
365	136	137
365	138	138
365	140	141
365	142	142
365	143	143

366	0	1
366	2	3
366	4	6
366	7	8
366	9	10
366	11	11

367	0	0
367	1	2
367	3	4
367	5	5
367	6	7
367	8	9

368	0	2
368	3	5
368	6	7
368	8	9
368	10	10
368	11	12
368	13	14

369	0	2
369	3	3
369	4	4
369	5	6
369	7	9

370	0	2
370	3	3
370	4	6
370	7	9
370	10	11
370	12	13
370	14	15
370	16	18
370	19	19

371	0	2
371	3	3
371	4	6
371	7	8
371	9	11
371	12	12
371	13	14
371	15	16
371	17	17
371	18	18
371	19	19
371	20	20
371	21	22
371	23	24
371	25	25
371	26	27
371	28	29
371	30	30
371	31	32
371	33	34
371	35	35
371	36	37
371	38	40
371	41	41
371	42	43
371	44	45
371	46	46
371	47	47
371	49	49
371	50	53
371	54	54
371	55	58
371	59	59
371	60	60
371	61	62
371	63	66
371	67	67
371	68	69
371	70	71
371	72	73
371	74	74
371	75	75
371	76	77
371	78	80
371	81	81

372	0	2
372	3	3
372	4	6
372	7	8
372	9	10
372	11	13
372	14	14
372	15	16
372	17	17
372	18	20
372	21	21
372	22	22
372	23	25
372	26	27
372	28	29
372	30	30
372	31	32
372	33	33
372	34	36
372	37	38
372	39	39
372	40	41
372	42	42
372	43	44
372	45	46
372	47	47
372	49	50
372	51	52
372	53	53
372	54	55
372	56	57
372	58	59
372	60	60
372	61	62
372	63	65
372	66	66
372	67	67
372	68	70
372	71	72
372	73	73
372	74	75
372	76	77
372	78	78
372	79	80
372	81	81
372	82	83
372	84	86
372	87	87
372	88	88
372	89	90
372	91	91
372	92	93
372	95	95
372	96	100
372	101	101
372	102	106
372	107	109
372	110	110
372	111	112
372	113	114
372	115	116
372	117	117
372	118	118
372	119	120
372	121	122
372	123	124
372	125	125
372	126	127
372	128	128
372	129	130
372	131	132
372	133	133

373	0	3
373	4	4
373	5	5
373	6	7
373	8	10
373	11	11
373	12	13
373	14	15
373	16	16
373	17	18
373	19	20
373	21	22
373	23	23
373	24	25
373	26	28
373	29	29
373	30	31
373	32	32
373	33	35
373	36	36
373	37	37
373	38	38
373	39	39
373	40	40
373	41	42
373	43	44
373	45	45
373	46	46
373	48	48
373	49	50
373	51	53
373	54	55
373	56	56
373	57	58
373	59	60
373	61	62
373	63	64
373	65	66
373	67	67
373	68	69
373	70	71
373	72	72
373	74	74

374	0	2
374	3	3
374	4	4
374	5	6
374	7	8
374	9	10

375	5	7
375	8	8
375	9	13
375	14	16
375	17	18
375	19	19
375	20	21
375	22	23
375	24	25
375	26	27
375	28	29
375	30	31
375	32	32
375	33	37
375	38	40
375	41	42
375	43	43
375	44	45
375	46	47
375	48	49
375	50	51
375	52	52
375	54	54
375	55	56
375	57	57
375	58	59
375	60	61
375	62	63
375	64	65
375	66	66
375	67	67
375	68	70
375	71	72
375	73	73
375	74	74
375	75	76
375	77	77
375	78	78
375	79	80
375	81	81
375	82	83
375	84	84
375	85	86
375	87	87
375	88	90
375	91	91
375	92	95
375	96	96
375	97	98
375	99	99
375	100	101
375	103	103
375	104	106
375	107	107
375	108	109
375	110	110
375	111	111
375	112	114
375	115	116
375	117	117
375	118	120
375	121	121

376	0	0
376	2	4
376	5	6
376	7	8
376	9	10

377	4	5
377	6	7
377	8	9
377	10	11
377	12	13
377	14	15
377	16	17
377	18	18
377	19	20
377	21	21
377	22	24
377	25	25
377	26	27
377	28	30
377	31	32
377	33	33
377	34	34
377	35	35
377	36	36
377	37	38
377	39	40
377	41	42
377	43	43

378	0	2
378	3	3
378	4	4
378	5	6
378	7	8
378	9	10

379	4	6
379	7	7
379	8	9
379	10	11
379	12	13
379	14	15
379	16	16
379	17	17
379	18	20
379	21	22
379	23	23
379	24	25
379	26	27
379	28	29
379	30	31
379	32	32
379	33	33
379	34	35
379	36	37
379	38	39
379	40	40
379	41	42
379	43	44
379	45	46
379	47	47

380	0	1
380	2	3
380	4	5
380	6	6
380	7	8
380	9	10
380	11	14
380	15	15
380	16	17
380	18	19
380	20	21
380	22	22
380	23	23
380	24	25
380	26	27
380	28	28
380	29	30
380	31	32
380	33	33

381	0	2
381	3	4
381	5	7
381	8	10

382	0	2
382	3	3
382	4	4
382	5	6
382	7	9
382	10	12
382	13	13
382	14	15
382	16	17
382	19	22
382	23	23
382	24	25
382	27	31
382	32	32
382	33	34
382	35	35
382	36	36
382	37	38
382	39	40
382	41	41
382	42	43
382	44	45
382	46	46
382	47	48
382	49	50
382	51	51

383	0	2
383	3	3
383	4	4
383	5	5
383	6	8
383	9	12
383	13	13
383	14	14
383	15	16
383	17	19
383	20	22
383	23	23
383	24	25
383	26	27
383	28	29
383	30	31
383	32	33
383	34	34
383	35	36
383	37	38
383	39	40
383	41	42
383	43	44
383	45	46
383	48	48
383	49	50
383	51	51
383	52	53
383	54	55
383	56	56
383	57	58
383	59	60
383	61	61
383	62	62
383	63	64
383	65	66
383	67	67
383	68	68
383	69	71
383	72	72
383	73	73
383	74	75
383	76	77
383	78	78
383	79	80
383	81	83
383	84	85
383	86	86
383	87	87
383	88	89
383	90	90
383	91	91
383	92	93
383	94	95
383	97	97
383	98	98
383	99	100
383	101	102
383	103	103
383	104	106
383	107	107
383	108	108
383	109	110
383	111	112
383	113	114
383	115	115
383	116	117
383	118	119
383	120	120

384	0	2
384	3	3
384	4	4
384	5	6
384	7	9
384	10	12
384	13	13
384	14	15
384	16	17
384	18	18
384	19	19
384	20	20
384	21	22
384	23	24
384	25	26
384	27	28
384	29	30
384	31	32
384	33	34
384	35	35

385	0	2
385	3	3
385	4	4
385	5	6
385	7	9
385	10	12
385	13	13
385	14	15
385	16	17
385	18	18
385	19	19
385	20	20
385	21	21
385	22	22
385	23	24
385	25	25
385	26	28
385	29	30
385	31	31
385	32	33
385	34	37
385	38	38
385	39	39
385	40	41
385	42	44
385	45	46
385	47	47
385	48	48

386	0	2
386	3	3
386	4	6
386	7	7
386	8	9
386	10	10
386	12	12

387	0	2
387	3	3
387	4	4
387	5	6
387	7	9
387	10	10
387	11	12
387	13	13
387	14	15
387	16	16
387	17	17
387	18	19
387	20	22
387	23	23
387	24	25
387	26	27
387	28	29
387	30	31
387	32	32
387	33	33
387	34	36
387	37	37
387	38	38
387	39	41
387	42	43
387	44	45
387	46	46
387	48	49
387	50	51
387	52	54
387	55	55
387	56	58
387	59	61
387	62	63
387	64	64
387	65	65
387	66	67
387	68	70
387	71	73
387	74	74
387	75	76
387	77	77
387	78	79
387	80	80
387	81	83
387	84	84
387	85	85
387	86	87
387	88	88
387	89	90
387	91	91
387	92	92
387	94	94
387	95	95
387	96	97
387	98	99
387	100	101
387	102	102
387	103	103
387	104	106
387	107	107
387	108	109
387	110	111
387	112	112
387	113	113
387	114	115
387	116	116
387	118	118

388	0	2
388	3	3
388	4	4
388	5	7
388	8	8
388	9	11
388	12	12
388	13	14
388	15	17
388	18	19
388	20	20
388	21	22
388	23	24
388	25	25
388	26	27
388	28	28
388	29	30
388	31	31
388	32	33
388	34	35
388	36	37
388	38	39
388	40	40
388	41	42
388	43	43
388	44	45
388	46	46
388	48	48
388	49	50
388	51	51
388	52	52
388	53	54
388	55	56
388	57	57
388	58	59
388	60	60
388	61	61
388	62	63
388	64	66
388	67	68
388	69	70
388	71	72
388	73	74
388	75	76
388	77	77
388	78	79
388	80	81
388	82	83
388	84	85
388	86	86

389	0	2
389	3	3
389	4	4
389	5	5
389	6	8
389	9	9
389	10	11
389	12	13
389	14	15
389	16	17
389	18	18
389	19	20
389	21	21
389	22	23
389	24	25
389	26	26
389	27	27
389	28	28
389	29	30
389	31	31
389	32	33
389	34	34
389	35	35
389	36	37
389	38	38
389	39	40
389	41	42
389	43	43
389	44	45
389	46	46
389	48	48
389	49	50
389	51	52
389	53	54
389	55	55
389	56	58
389	59	59
389	60	62
389	63	66
389	67	68
389	69	70
389	71	72
389	73	73
389	74	75
389	76	77
389	78	78

390	0	0
390	1	2
390	3	4

391	0	2
391	3	4
391	5	7
391	8	9
391	10	11
391	12	12
391	13	14
391	15	16
391	17	17
391	18	19
391	20	21

392	0	2
392	3	3
392	4	4
392	5	6
392	7	8

393	4	5
393	6	8
393	9	10
393	11	12
393	13	13
393	14	14
393	15	15
393	16	16
393	17	18
393	19	19
393	20	21
393	23	26
393	27	27
393	28	29
393	30	31
393	32	32
393	33	34
393	35	36
393	37	38
393	39	39

394	4	4
394	5	5
394	6	7
394	8	9
394	10	11
394	12	12

395	4	4
395	5	5
395	6	7
395	8	9
395	10	11
395	12	12

396	4	4
396	5	5
396	6	7
396	8	8
396	9	10
396	11	12
396	13	14
396	15	16
396	17	17

397	4	4
397	5	5
397	6	7
397	8	9
397	10	10

398	4	4
398	5	5
398	6	7
398	8	9
398	10	10

399	0	0
399	1	1
399	2	3
399	4	5
399	6	6
399	7	8
399	9	10
399	11	11
399	12	13
399	14	14
399	15	17
399	18	18
399	19	20
399	21	22
399	23	24
399	25	25
399	26	27
399	28	29
399	30	31
399	32	33
399	34	34
399	35	36
399	37	38
399	39	39
399	40	40
399	41	41
399	42	42
399	44	44
399	45	46
399	47	47
399	48	49
399	50	51
399	52	52
399	53	55
399	56	56
399	57	58
399	59	60
399	61	62
399	63	63
399	64	64

400	4	4
400	5	5
400	6	7
400	8	9
400	10	11
400	12	12

401	4	4
401	5	5
401	7	8
401	9	10
401	11	12
401	13	13

402	4	4
402	5	5
402	7	8
402	9	10
402	11	12
402	13	14
402	15	15

403	4	4
403	5	5
403	7	9
403	10	11
403	12	13
403	14	14
403	15	16
403	17	18
403	19	19

404	4	4
404	5	5
404	7	7
404	8	9
404	10	11
404	12	13
404	14	14
404	15	16
404	17	18
404	19	20
404	21	22
404	23	23
404	24	25
404	26	27
404	28	28
404	29	30
404	31	31
404	32	32

405	4	4
405	5	5
405	7	7
405	8	9
405	10	11
405	12	13
405	14	14
405	15	16
405	17	18
405	19	20
405	21	22
405	23	23
405	24	25
405	26	27
405	28	28
405	29	30
405	31	31
405	32	32

406	4	4
406	5	5
406	6	7
406	8	9
406	10	10

407	4	4
407	5	5
407	6	8
407	9	10
407	11	11
407	12	12
407	13	14
407	15	16
407	17	18
407	19	19
407	20	21
407	22	23
407	24	25
407	26	26
407	27	27
407	28	29
407	30	32
407	33	33
407	34	37
407	38	38
407	39	39

408	0	1
408	2	3
408	4	5
408	6	7
408	8	8
408	9	10
408	11	13
408	14	15
408	16	16
408	17	17
408	18	19
408	20	21
408	22	23
408	24	24

409	4	4
409	5	5
409	6	7
409	8	8
409	9	10
409	11	12
409	13	13
409	14	15
409	16	17
409	18	19
409	20	20
409	21	23
409	24	24
409	25	26
409	27	28
409	29	30
409	31	31
409	32	33
409	34	34
409	35	36
409	37	39
409	40	41
409	42	42
409	43	43
409	44	45
409	46	46

410	0	0
410	1	2
410	3	5
410	6	6
410	7	8
410	9	9
410	10	11
410	12	15
410	16	16
410	17	17

411	0	1
411	2	4
411	5	7
411	8	9
411	10	10
411	11	12
411	13	14
411	15	16
411	17	17
411	18	20
411	21	21
411	22	23
411	24	24
411	25	26
411	27	28
411	29	30
411	31	31
411	32	33
411	34	35
411	36	37
411	38	38
411	39	40
411	42	43
411	44	44
411	45	46
411	47	47
411	48	48
411	49	50
411	51	52
411	53	53

412	0	1
412	2	2
412	3	4
412	5	5
412	6	7
412	8	10
412	11	11
412	12	14
412	15	15
412	16	17
412	18	19
412	20	21
412	22	22
412	23	24
412	25	25
412	26	27
412	28	29
412	30	32
412	33	33
412	34	35
412	36	39
412	40	40
412	41	41
412	43	44
412	45	46
412	47	48
412	49	49

413	0	1
413	2	3
413	4	4
413	5	5
413	6	6
413	7	7
413	8	9
413	10	10

414	0	1
414	2	3
414	4	5
414	6	7
414	8	8

415	0	1
415	2	2
415	3	4
415	5	6
415	7	8
415	9	10
415	11	11
415	12	12
415	13	13
415	14	15
415	16	19
415	20	20
415	21	22
415	23	24
415	25	26
415	27	27
415	28	28

416	0	2
416	3	3
416	4	4
416	5	6
416	7	8

417	4	5
417	6	7
417	8	9
417	10	11
417	12	12

418	4	4
418	5	5
418	6	7
418	8	9
418	10	10

419	4	4
419	5	5
419	6	7
419	8	9
419	10	11
419	12	12

420	4	4
420	5	5
420	7	8
420	9	10
420	11	12
420	13	14
420	15	15

421	4	4
421	5	5
421	7	9
421	10	11
421	12	13
421	14	15
421	16	17
421	18	18

422	0	2
422	3	3
422	4	4
422	5	6
422	7	8

423	4	5
423	6	7
423	8	9
423	10	11
423	12	12

424	4	4
424	5	5
424	6	8
424	9	10
424	11	12
424	13	13

425	4	4
425	5	5
425	6	7
425	8	9
425	10	11
425	12	13
425	14	14
425	15	16
425	17	18
425	19	20
425	21	21
425	22	23
425	24	24
425	25	26
425	27	27
425	28	28
425	29	30
425	31	32
425	33	34
425	35	35
425	36	36

426	4	4
426	5	5
426	6	7
426	8	9
426	10	10

427	0	0
427	1	1
427	2	3
427	4	5
427	6	6
427	7	8
427	9	10
427	11	12
427	13	13
427	14	15
427	16	16
427	17	19
427	20	20
427	21	22
427	23	23
427	24	24
427	25	26
427	27	28
427	29	30
427	31	34
427	35	35
427	36	37
427	38	38
427	39	40
427	41	41
427	42	42
427	44	45
427	46	46
427	47	47
427	48	49
427	50	50
427	51	53
427	54	55
427	56	56
427	57	58
427	59	59
427	60	61
427	62	62
427	63	63
427	64	65
427	66	66
427	67	68
427	69	69
427	70	70

428	0	2
428	3	5
428	6	8
428	9	10
428	11	12
428	13	13
428	14	15
428	16	17
428	18	18
428	19	20
428	21	22

429	0	2
429	3	3
429	4	4
429	5	6
429	7	8

430	4	5
430	6	7
430	8	9
430	10	11
430	12	12

431	4	4
431	5	5
431	6	7
431	8	9
431	10	11
431	12	12

432	4	4
432	5	5
432	6	7
432	8	9
432	10	11
432	12	12
432	13	14
432	15	16
432	17	18
432	19	19
432	20	21
432	22	22
432	23	23
432	24	25
432	26	27
432	28	28
432	29	30
432	31	32
432	33	34
432	35	35
432	36	38
432	39	39
432	40	40

433	4	4
433	5	5
433	6	7
433	8	9
433	10	10

434	4	4
434	5	5
434	6	7
434	8	9
434	10	10
434	12	12

435	4	4
435	5	5
435	6	7
435	8	9
435	10	10
435	11	12
435	13	14
435	15	15
435	16	17
435	18	18
435	19	21
435	22	23
435	24	25
435	26	27
435	28	29
435	30	30
435	31	31

436	0	0
436	1	1
436	2	3
436	4	5
436	6	7
436	8	8
436	9	10
436	11	12
436	13	14
436	15	16
436	17	18
436	19	20
436	21	21
436	22	23
436	24	24
436	25	27
436	28	29
436	30	31
436	32	32
436	33	34
436	35	36
436	37	37
436	38	39
436	41	46
436	48	48
436	49	50
436	51	52
436	53	53
436	54	54

437	4	4
437	5	5
437	6	8
437	9	10
437	11	11
437	12	12
437	13	14
437	15	16
437	17	18
437	19	19
437	20	21
437	22	23
437	24	25
437	26	26
437	27	27
437	28	29
437	30	32
437	33	33
437	34	37
437	38	38
437	39	39

438	0	0
438	1	1
438	2	3
438	4	4
438	5	6
438	7	8
438	9	9
438	10	11
438	12	13
438	14	15
438	16	16
438	17	19
438	20	20
438	21	22
438	23	24
438	25	26
438	27	27
438	28	29
438	30	31
438	32	33
438	34	36
438	37	37
438	38	39
438	40	41
438	42	42
438	44	45
438	46	49
438	50	50
438	51	51

439	4	4
439	5	5
439	6	7
439	8	9
439	10	10

440	0	0
440	1	2
440	3	4
440	5	6
440	7	9
440	10	11
440	12	12
440	13	14
440	15	16
440	17	18
440	19	19
440	20	22
440	23	23
440	24	25
440	26	26
440	27	27
440	28	28
440	29	30
440	31	32
440	33	33
440	34	35
440	36	37
440	38	39
440	40	40
440	41	42
440	44	45
440	46	46
440	47	48
440	49	50
440	51	52
440	53	54
440	55	55
440	56	56
440	57	57

441	0	2
441	3	3
441	4	4
441	5	6
441	7	8

442	4	5
442	6	7
442	8	9
442	10	11
442	12	12

443	4	4
443	5	5
443	6	7
443	8	9
443	10	10

444	4	4
444	5	5
444	6	7
444	8	9
444	10	11
444	12	12

445	0	2
445	3	3
445	4	4
445	5	6
445	7	8

446	4	5
446	6	7
446	8	8
446	9	9
446	10	11
446	12	12
446	13	13

447	4	4
447	5	5
447	6	7
447	8	9
447	10	11
447	12	12
447	13	14
447	15	16
447	17	17
447	18	19
447	20	21
447	22	22
447	23	23
447	24	25
447	26	27
447	28	29
447	30	30
447	31	31
447	32	32
447	33	34
447	35	38
447	39	40
447	41	42
447	43	43
447	44	44

448	4	4
448	5	5
448	6	7
448	8	9
448	10	10

449	0	2
449	3	4
449	5	6

450	4	5
450	6	7
450	8	9
450	10	11
450	12	13
450	14	14
450	15	15
450	16	17
450	18	19
450	20	21
450	22	22
450	23	24
450	25	26
450	27	27

451	4	4
451	5	5
451	6	7
451	8	9
451	10	11
451	12	14
451	15	15
451	16	17
451	18	18
451	19	19

452	4	4
452	5	5
452	6	7
452	8	9
452	10	11
452	12	12
452	13	14
452	15	16
452	17	17
452	18	19
452	20	20
452	21	21
452	22	23
452	24	25
452	26	27
452	28	28

453	4	4
453	5	5
453	6	7
453	8	9
453	10	11
453	12	12
453	13	14
453	15	16
453	17	18
453	19	19
453	20	22
453	23	24
453	25	25

454	4	4
454	5	5
454	6	7
454	8	9
454	10	11
454	12	12
454	13	14
454	15	16
454	17	18
454	19	20
454	21	21

455	4	4
455	5	5
455	6	7
455	8	9
455	10	11
455	12	12
455	13	13
455	14	15
455	16	16
455	17	18
455	19	20
455	21	21

456	4	4
456	5	5
456	6	7
456	8	9
456	10	11
456	12	12
456	13	13

457	4	4
457	5	5
457	6	7
457	8	9
457	10	11
457	12	13
457	14	14

458	4	4
458	5	5
458	6	8
458	9	9
458	10	11
458	12	12

459	4	4
459	5	5
459	6	7
459	8	9
459	10	10

460	0	0
460	1	1
460	2	4
460	5	6
460	7	7
460	8	9
460	10	10
460	11	12
460	13	13
460	14	15
460	16	17
460	18	19
460	20	21
460	22	23
460	24	24
460	25	26
460	27	28
460	29	30
460	31	31
460	32	34
460	35	35
460	36	36
460	37	38
460	39	40
460	41	42
460	44	45
460	46	46
460	47	48
460	49	50
460	51	52
460	53	53
460	54	54

461	4	4
461	5	5
461	6	7
461	8	9
461	10	10
461	11	12
461	13	14
461	15	16
461	17	17

462	4	4
462	5	5
462	6	7
462	8	9
462	10	10

463	4	4
463	5	5
463	6	7
463	8	8
463	9	10
463	11	12
463	13	13

464	4	4
464	5	5
464	6	7
464	8	9
464	10	10
464	11	12
464	13	14
464	15	15

465	4	4
465	5	5
465	6	7
465	8	9
465	10	11
465	12	12

466	4	4
466	5	7
466	8	9
466	10	11
466	12	12
466	13	14
466	15	15

467	4	4
467	5	5
467	6	7
467	8	9
467	10	10
467	11	12
467	13	13
467	14	15
467	16	17
467	18	18
467	19	20
467	21	21

468	4	4
468	5	5
468	6	6
468	7	8
468	9	10
468	11	12
468	13	14
468	15	15

469	4	4
469	5	5
469	6	7
469	8	9
469	10	11
469	12	13
469	14	15
469	16	16

470	4	4
470	5	5
470	6	7
470	8	9
470	10	11
470	12	13
470	14	14

471	0	1
471	2	3
471	4	4
471	5	6
471	7	7
471	8	9
471	10	10
471	11	12
471	13	13
471	14	15
471	17	20
471	21	22

472	4	6
472	7	8
472	9	10
472	11	11
472	12	13
472	14	15
472	16	16
472	17	18
472	19	20
472	21	22
472	23	23
472	24	27
472	28	28
472	29	29
472	30	31
472	32	33
472	34	34
472	35	36
472	37	38
472	39	42
472	43	43

473	0	3
473	4	5
473	6	7

474	4	6
474	7	8
474	9	10
474	11	11
474	12	12
474	13	14
474	15	15
474	16	17
474	18	18
474	19	19
474	20	20
474	21	22
474	23	23
474	24	24
474	25	26
474	27	28
474	29	31
474	32	34
474	35	35
474	36	37
474	38	41
474	42	42
474	43	45
474	46	46
474	48	48
474	49	49
474	50	51
474	52	52
474	53	54
474	55	55
474	56	56
474	57	59
474	60	60
474	61	63
474	64	64
474	65	65
474	66	67
474	68	68
474	69	70
474	71	72
474	73	73

475	0	3
475	4	5
475	6	6
475	7	8
475	9	10

476	0	3
476	4	4
476	5	5
476	6	8
476	9	10
476	11	12
476	13	13
476	14	15
476	16	16
476	17	18
476	19	19
476	20	23
476	24	24
476	25	25
476	26	26
476	27	28
476	29	31
476	32	32
476	33	34
476	35	36
476	37	37
476	38	39
476	40	40
476	41	43
476	44	46
476	48	48
476	49	49
476	50	52
476	53	53
476	54	55
476	56	56
476	57	58
476	59	59
476	60	60
476	61	62
476	63	63
476	64	66
476	67	67
476	68	70
476	71	71
476	72	73
476	74	74
476	75	76
476	77	77
476	78	79
476	80	80
476	81	81
476	82	82
476	83	84
476	85	86
476	87	87
476	88	88
476	89	90
476	91	92
476	93	93
476	95	96
476	97	97
476	98	99
476	100	100
476	101	102
476	103	104
476	105	105

477	0	3
477	4	4
477	5	5
477	6	8
477	9	10
477	11	11
477	12	13
477	14	14
477	15	15
477	16	16
477	17	18
477	19	20
477	21	21
477	22	23
477	24	24
477	25	26
477	27	27
477	28	29
477	30	30
477	31	32
477	33	34
477	35	35
477	36	37
477	38	38
477	39	39
477	40	40
477	41	42
477	43	45
477	46	46
477	47	48
477	50	51
477	52	52
477	53	54
477	55	56
477	57	58
477	59	60
477	61	62
477	63	63
477	64	64
477	65	66
477	67	67
477	68	69
477	70	74
477	75	75
477	76	80
477	81	82
477	83	83
477	84	85
477	86	87
477	88	88
477	89	91
477	92	93
477	94	94
477	95	96
477	97	98
477	100	100
477	101	101
477	102	103
477	104	104
477	105	105
477	106	107
477	108	109
477	110	110
477	111	112
477	113	114
477	115	116
477	117	118
477	119	119
477	120	120
477	121	121
477	122	124
477	125	126
477	127	128
477	129	130
477	131	132
477	133	135
477	136	137
477	138	138

478	0	3
478	4	4
478	5	5
478	6	8
478	9	10
478	11	11
478	12	12
478	13	14
478	15	16
478	17	18
478	19	19
478	20	21
478	22	23
478	24	24
478	25	25
478	26	27
478	28	30
478	31	32
478	33	34
478	35	35

479	0	3
479	4	4
479	5	5
479	6	8
479	9	9
479	10	10
479	11	11
479	12	12
479	13	13
479	14	14
479	15	16
479	17	18
479	19	19
479	20	20
479	21	22
479	23	23
479	24	25
479	26	28
479	29	29
479	30	32
479	33	33
479	34	36
479	37	37
479	38	40
479	41	42
479	43	44
479	45	46
479	47	48
479	49	49
479	51	51
479	52	53
479	54	56
479	57	57
479	58	61
479	62	62
479	63	63
479	64	64
479	65	66
479	67	67
479	68	69
479	70	70
479	71	71
479	72	73
479	74	74

480	0	3
480	4	4
480	5	5
480	6	6
480	7	8
480	9	9
480	10	11
480	12	13
480	14	15
480	16	16
480	17	17
480	18	18
480	19	20
480	21	23
480	24	24
480	25	26
480	27	28
480	29	29
480	30	31
480	32	32
480	33	33
480	34	35
480	36	36
480	37	38
480	39	39
480	40	40
480	41	42
480	43	43
480	44	46
480	48	48
480	49	51
480	52	52
480	53	53
480	54	54
480	55	56
480	57	57
480	58	58
480	59	60
480	61	61

481	0	3
481	4	4
481	5	5
481	6	7
481	8	9
481	10	10
481	11	12
481	13	13
481	14	15
481	16	16
481	17	17
481	18	19
481	20	22
481	23	23
481	24	25
481	26	26
481	27	28
481	29	30
481	31	31
481	32	34
481	35	35
481	36	36
481	37	37
481	38	39
481	40	40
481	41	41
481	42	43
481	44	45
481	46	46
481	48	48
481	49	49
481	50	51
481	52	53
481	54	55
481	56	56
481	57	58
481	59	60
481	61	61
481	62	63
481	64	64

482	0	3
482	4	4
482	5	5
482	6	8
482	9	10
482	11	11
482	12	13
482	14	15
482	16	16
482	17	17
482	18	19
482	20	20
482	21	21
482	22	23
482	24	24
482	25	25
482	26	26
482	27	28
482	29	29
482	30	31
482	32	33
482	34	34
482	35	36
482	37	38
482	39	39
482	40	40
482	41	42
482	43	43
482	44	44
482	45	46
482	48	49
482	50	50
482	51	52
482	53	54
482	55	55
482	56	57
482	58	59
482	60	60
482	61	62
482	63	63

483	0	1
483	2	2

484	0	0
484	1	3
484	4	5
484	6	6

485	0	1
485	2	3
485	4	5
485	6	7
485	8	8
485	9	9
485	10	11
485	12	13
485	14	15
485	16	16
485	17	17
485	18	19
485	20	21
485	22	22
485	23	24

486	0	2
486	3	4

487	5	6
487	7	8
487	10	15
487	16	16
487	17	19
487	20	20
487	21	22
487	23	24
487	25	26
487	27	28
487	29	30
487	31	32
487	33	33
487	34	37
487	38	38
487	40	43
487	44	44
487	45	45
487	46	48
487	49	50
487	51	52
487	53	54
487	55	55
487	57	57
487	58	58
487	59	60
487	61	61
487	62	63
487	64	65
487	66	68
487	69	69
487	70	71
487	72	73
487	74	75
487	76	77
487	78	79
487	80	81
487	82	83
487	84	85
487	86	86
487	87	87
487	88	90
487	91	92
487	93	93
487	94	95
487	96	97
487	99	104
487	105	105
487	107	107
487	108	109
487	110	110
487	111	112
487	113	114
487	115	116
487	117	118
487	119	119
487	120	123
487	124	124
487	125	125
487	126	126
487	127	128
487	129	129
487	130	130
487	131	132
487	133	133
487	134	135
487	136	137
487	138	139
487	140	140
487	141	142
487	143	144
487	145	146
487	147	148
487	149	149
487	150	151
487	152	153
487	155	160
487	161	162
487	163	164
487	165	165
487	166	167
487	168	169
487	170	171
487	172	173
487	174	174
487	175	178
487	179	179
487	180	180
487	181	181
487	182	183
487	184	184
487	185	185
487	186	187
487	188	188
487	189	190
487	191	192
487	193	194
487	195	195
487	196	197
487	198	199
487	200	201
487	202	203
487	204	204
487	206	206
487	207	208
487	209	210
487	211	211
487	212	214
487	215	216
487	217	218
487	219	220
487	221	222
487	223	223
487	224	225
487	226	227
487	228	229
487	230	231
487	232	232
487	233	234
487	235	236
487	237	238
487	239	239
487	240	243
487	244	244

488	5	9
488	10	10
488	11	15
488	16	16
488	17	18
488	19	20
488	21	23
488	24	24
488	25	26
488	27	28
488	29	30
488	31	32
488	33	33
488	34	37
488	38	38
488	39	39
488	40	41
488	42	43
488	44	45
488	46	47
488	48	48
488	49	52
488	53	53
488	54	54
488	56	57
488	58	59
488	60	61
488	62	63
488	64	64
488	65	66
488	67	67
488	68	70
488	71	72
488	73	74
488	75	76
488	77	78
488	79	79
488	80	81
488	82	82
488	83	85
488	86	87
488	88	90
488	91	91
488	92	92
488	93	94
488	95	96
488	97	98
488	99	99
488	100	100
488	102	102
488	103	103
488	104	105
488	106	107
488	108	109
488	110	110
488	111	112
488	113	114
488	115	116
488	117	117
488	118	119
488	120	120
488	121	121

489	5	6
489	7	8
489	9	10
489	11	11
489	12	12
489	13	14
489	15	16
489	17	18
489	19	20
489	21	21
489	22	23
489	24	24
489	25	25
489	26	27
489	28	29
489	30	30
489	31	31
489	32	33
489	34	35
489	36	36
489	37	37
489	38	39
489	40	41
489	42	43
489	44	46
489	47	47
489	48	48
489	50	51
489	52	53
489	54	55
489	56	57
489	58	59
489	60	61
489	62	62
489	63	63
489	64	65
489	66	67
489	68	69
489	70	73
489	75	76
489	77	77
489	79	79
489	80	80
489	81	81
489	82	82
489	83	83
489	84	85
489	86	86
489	87	89
489	90	90

490	0	1
490	2	3

491	0	2
491	3	4
491	5	6
491	7	8
491	9	10
491	11	12
491	13	13
491	14	17
491	18	18

492	0	2
492	3	3
492	4	4
492	5	6
492	7	8
492	9	9
492	10	11

493	0	2
493	3	3
493	4	6
493	7	8
493	9	10
493	11	13
493	14	15
493	16	17
493	18	18
493	19	20

494	4	5
494	6	7
494	8	10
494	11	12
494	13	14
494	15	15
494	16	17
494	18	19
494	20	22
494	23	24
494	25	25

496	0	1
496	2	2

497	0	0
497	1	1
497	2	3
497	4	7
497	8	8
497	9	9
497	10	11
497	12	13
497	14	14
497	15	15

498	0	1
498	2	3
498	4	6
498	7	7

499	0	1
499	2	2
499	3	3
499	4	6
499	7	7

500	0	0
500	1	1
500	2	3
500	4	5
500	6	10

501	0	1
501	2	2
501	3	4
501	5	7
501	8	8

502	0	2
502	4	6
502	7	7
502	8	9
502	10	10
502	11	11

503	0	0
503	1	1
503	2	3
503	4	4
503	5	5
503	6	7
503	8	9
503	10	10
503	11	11
503	12	13
503	14	15
503	16	17
503	18	18
503	19	19

504	0	0
504	1	1
504	2	2
504	3	3
504	4	5
504	6	7
504	8	8
504	9	9

505	0	0
505	1	1
505	2	2
505	3	4
505	5	6
505	7	7

507	0	0
507	1	3
507	4	5
507	6	7
507	8	10
507	11	12
507	13	14
507	15	15
507	16	17

508	4	5
508	6	6
508	7	7
508	8	8
508	9	10
508	11	13
508	14	14
508	15	15
508	16	17
508	18	19
508	20	20
508	21	21
508	22	23
508	24	24
508	25	26
508	27	27
508	28	29
508	30	32
508	33	34
508	35	36
508	37	37
508	38	38
508	39	39
508	40	41
508	42	43
508	44	45
508	46	46
508	47	47

509	0	1
509	2	4
509	5	6
509	7	8
509	9	9
509	10	10
509	11	11
509	12	13
509	14	15
509	16	16
509	17	17
509	18	19
509	20	21
509	22	23
509	24	24
509	25	25
509	26	27
509	28	29
509	30	31
509	32	32
509	33	33
509	34	35
509	36	36
509	37	37
509	38	39
509	40	40
509	41	42
509	43	43
509	44	45
509	47	47
509	48	49
509	50	51
509	52	52
509	53	54
509	55	56
509	57	58
509	59	59
509	60	60
509	61	62
509	63	63
509	64	65
509	66	67
509	68	69
509	70	71
509	72	72

510	0	2
510	3	3
510	4	6
510	7	8
510	9	10
510	11	13
510	14	15
510	16	17
510	18	18
510	19	20

511	4	5
511	6	7
511	8	10
511	11	12
511	13	14
511	15	15
511	16	17
511	18	19
511	20	22
511	23	24
511	25	25

512	4	5
512	6	6
512	7	7
512	8	8
512	9	10
512	11	13
512	14	14
512	15	15
512	16	17
512	18	19
512	20	20
512	21	21
512	22	23
512	24	24
512	25	26
512	27	27
512	28	29
512	30	32
512	33	34
512	35	36
512	37	37
512	38	38
512	39	39
512	40	41
512	42	43
512	44	44
512	45	46
512	47	47
512	49	50
512	51	53
512	54	55
512	56	57
512	58	58
512	59	59
512	60	60
512	61	62
512	63	64
512	65	65
512	66	66
512	67	68
512	69	70
512	71	72
512	73	73
512	74	74
512	75	76
512	77	78
512	79	80
512	81	81
512	82	82
512	83	84
512	85	86
512	87	88
512	89	89
512	90	91
512	92	92
512	93	94
512	96	96
512	97	98
512	99	100
512	101	101
512	102	103
512	104	105
512	106	107
512	108	108
512	109	109
512	110	111
512	112	112
512	113	114
512	115	116
512	117	118
512	119	120
512	121	121

514	0	1
514	2	2

515	0	0
515	1	1
515	2	2
515	3	4
515	5	8
515	9	9
515	10	10
515	11	12
515	13	14
515	15	15
515	16	16

516	0	1
516	2	2
516	3	3
516	4	5
516	6	8
516	9	9

517	0	1
517	2	2
517	3	3
517	4	5
517	6	8
517	9	9

518	0	0
518	1	1
518	2	3
518	4	6
518	7	7
518	8	8

519	0	1
519	3	4
519	5	7
519	8	8

520	0	2
520	4	6
520	7	7
520	8	8
520	9	11
520	12	12

521	0	0
521	1	1
521	2	3
521	4	4
521	5	6
521	7	9
521	10	10
521	11	12
521	13	14
521	15	16
521	17	17
521	18	18
521	20	21
521	22	22
521	23	24
521	25	25

522	0	0
522	1	1
522	2	3
522	4	6
522	7	7

524	0	0
524	1	3
524	4	5
524	6	7
524	8	10
524	11	12
524	13	14
524	15	15
524	16	17

525	0	2
525	3	3
525	4	6
525	7	8
525	9	10
525	11	12
525	13	13
525	14	15
525	16	17
525	18	18
525	19	20

526	4	5
526	6	7
526	8	9
526	10	10
526	11	12
526	13	14
526	15	15
526	16	17
526	18	19
526	20	22
526	23	24
526	25	25

529	4	5
529	6	6

530	4	4
530	5	5
530	6	7
530	8	11
530	12	15
530	16	16

531	4	4
531	5	5
531	6	7
531	8	9
531	10	10
531	11	11

532	4	5
532	6	7
532	8	9
532	10	10

533	4	4
533	5	5
533	6	7
533	8	10
533	11	11
533	12	12

534	4	5
534	6	6
534	7	7
534	8	9
534	10	12
534	13	13

535	4	4
535	5	5
535	6	6
535	7	7
535	8	9
535	10	10

536	4	4
536	5	5
536	6	7
536	8	9
536	10	10

537	4	4
537	5	5
537	6	6
537	7	8
537	9	10
537	11	13
537	14	14

538	0	0
538	1	3
538	4	5
538	6	7
538	8	9
538	10	10
538	11	12
538	13	14
538	15	15
538	16	17

540	4	5
540	6	6
540	7	7
540	8	8
540	9	10
540	11	12
540	13	13
540	14	15
540	16	16
540	17	18
540	19	19
540	20	21
540	22	23
540	24	26
540	27	28
540	29	30
540	31	31
540	32	32
540	33	33
540	34	35
540	36	37
540	38	38
540	39	40
540	41	42
540	43	44
540	45	46
540	47	47
540	49	50
540	51	53
540	54	54
540	55	55
540	56	57
540	58	60
540	61	61
540	62	62
540	63	64
540	65	65
540	66	67
540	68	69
540	70	70
540	71	72
540	73	73
540	74	75
540	76	77
540	78	78
540	79	80
540	81	82
540	83	84
540	85	85
540	86	86
540	87	88
540	89	89
540	90	91
540	92	92
540	94	95
540	96	97
540	98	99
540	100	100

541	0	2
541	3	3
541	4	4
541	5	6
541	7	8
541	9	9
541	10	11

542	4	4
542	5	6
542	7	7
542	8	9
542	10	11
542	12	13
542	14	14
542	15	15
542	16	17
542	18	20
542	21	22
542	23	23
542	24	25
542	26	27
542	28	29
542	30	31
542	32	33
542	34	35
542	36	36

543	4	5
543	6	6
543	7	7
543	8	9
543	10	10
543	11	12
543	13	14
543	15	15
543	16	16
543	17	17
543	18	18
543	19	19

544	4	4
544	5	5
544	6	6
544	7	7
544	8	9
544	10	10
544	11	11
544	12	12
544	13	13
544	14	15
544	16	16
544	17	18
544	19	20
544	21	21

545	4	4
545	5	5
545	6	7
545	8	8
545	9	9
545	11	11
545	12	12
545	13	13
545	15	16
545	17	20
545	21	21
545	22	23
545	24	25
545	26	27
545	28	28
545	29	29

546	4	4
546	5	5
546	6	7
546	8	8
546	9	9
546	10	10
546	11	11
546	12	16
546	17	17
546	18	19
546	20	23
546	24	24
546	25	26
546	27	28
546	29	30
546	31	31
546	32	32

547	4	4
547	5	5
547	6	7
547	8	8
547	9	9
547	10	10
547	11	11
547	12	13
547	14	15
547	16	17
547	18	18
547	19	21
547	22	23
547	24	24

548	4	4
548	5	5
548	6	7
548	8	9
548	10	10
548	11	13
548	14	14
548	15	16
548	17	17
548	18	18
548	19	19
548	20	20
548	21	22
548	23	24
548	25	28
548	29	29
548	30	31
548	32	33
548	34	35
548	36	37
548	38	38
548	39	39

549	4	4
549	5	5
549	6	7
549	8	8
549	9	10
549	11	14
549	15	15
549	16	17
549	18	19
549	20	21
549	22	22
549	23	23

550	4	4
550	5	5
550	6	6
550	7	8
550	9	10
550	11	11
550	12	12
550	13	13
550	14	14
550	15	16
550	17	17
550	18	18
550	19	20
550	21	22
550	23	24
550	25	25

551	4	4
551	5	6
551	7	8
551	9	9
551	10	10
551	11	11
551	12	13
551	14	15
551	16	16
551	17	18
551	19	19
551	20	20
551	21	22
551	23	24
551	25	26
551	27	28
551	29	29
551	30	31
551	32	33
551	34	34
551	35	36
551	37	38
551	39	40
551	41	42
551	43	43
551	44	45
551	47	48
551	49	49
551	50	53
551	54	55
551	56	56
551	57	57
551	58	59
551	60	65

552	4	4
552	5	6
552	7	8
552	9	10
552	11	12
552	13	13
552	14	14
552	15	15
552	16	17
552	18	19
552	20	20

553	4	4
553	5	5
553	6	7
553	8	9
553	10	10
553	11	12
553	13	14
553	15	16
553	17	17

554	4	4
554	5	5
554	6	6
554	7	7
554	8	10
554	11	11
554	12	12
554	13	13
554	14	14
554	15	15
554	16	18
554	19	22
554	23	23
554	24	24
554	25	25
554	26	28
554	29	29
554	30	31
554	32	32
554	33	34
554	35	35
554	36	36
554	37	38
554	39	40
554	41	41
554	42	43
554	44	48
554	49	49

555	4	4
555	5	5
555	6	7
555	8	9
555	10	11
555	12	12
555	13	16
555	17	17
555	18	19
555	20	20

556	4	4
556	5	5
556	6	6
556	7	7
556	8	9
556	10	10
556	11	12
556	13	13
556	14	14
556	15	15
556	16	17
556	18	18
556	19	19
556	20	21
556	22	23
556	24	24
556	25	26
556	27	32
556	34	34

560	5	6
560	7	7

561	5	6
561	7	7
561	8	8
561	9	9
561	10	10
561	11	11
561	12	12
561	13	16
561	17	17

562	0	1
562	2	3
562	4	4

563	5	5
563	6	6
563	7	8
563	9	10
563	11	11
563	12	12
563	13	13
563	14	15
563	16	16
563	17	17
563	18	18
563	19	19
563	20	20
563	21	22
563	23	24
563	25	26
563	27	27
563	28	29
563	30	31
563	32	34
563	35	35
563	36	36
563	37	38
563	39	39
563	40	41
563	42	42
563	43	43
563	44	46
563	47	47
563	48	48
563	49	49
563	50	50
563	51	51
563	52	56
563	58	58

564	0	0
564	1	3
564	4	5
564	6	7
564	8	9
564	10	11
564	12	13
564	14	14
564	15	15
564	16	17
564	18	19
564	20	20
564	21	22
564	23	24

565	0	2
565	3	4
565	5	6
565	7	8
565	9	10
565	11	12
565	13	13
565	14	17
565	18	18

566	0	0
566	1	1
566	3	5
566	6	7
566	8	9
566	10	10
566	11	12

567	5	6
567	7	8
567	9	9
567	10	11
567	12	12
567	13	15
567	16	16
567	17	17
567	18	19
567	20	20

568	0	1
568	2	3

569	0	0
569	1	2
569	3	3
569	4	5
569	6	7
569	8	9
569	10	10
569	11	11
569	12	13
569	14	16
569	17	18
569	19	20
569	21	22
569	23	23
569	24	25
569	26	27
569	28	29
569	30	31
569	32	32
569	34	35
569	36	36
569	37	37
569	38	39
569	40	40
569	41	42
569	43	44
569	45	45
569	46	46
569	47	47
569	48	48
569	49	49

570	0	0
570	1	1
570	2	2
570	3	3
570	4	5
570	6	7
570	8	8
570	9	10
570	11	11
570	12	13
570	14	15
570	16	16

571	4	4
571	5	5
571	6	7
571	8	8
571	9	11
571	12	13
571	14	14
571	15	16
571	17	20
571	21	21
571	22	23
571	24	25
571	26	27
571	28	28
571	29	29

572	4	4
572	5	5
572	6	7
572	8	8
572	9	9
572	10	10
572	11	11
572	12	15
572	16	16
572	17	17
572	18	18
572	19	20
572	21	24
572	25	25
572	26	27
572	28	29
572	30	31
572	32	32
572	33	33

573	4	4
573	5	5
573	6	7
573	8	8
573	9	9
573	10	10
573	11	11
573	12	12
573	13	15
573	16	16
573	17	17
573	18	18
573	19	19
573	20	20
573	21	21
573	22	23
573	24	25
573	26	27
573	28	28
573	29	31
573	32	33
573	34	34

574	4	4
574	5	5
574	6	7
574	8	8
574	9	10
574	11	13
574	14	14
574	15	16
574	17	17
574	18	18
574	19	19
574	20	20
574	21	21
574	22	24
574	25	25
574	26	26
574	27	27
574	28	28
574	29	29
574	30	31
574	32	33
574	34	38
574	39	39
574	40	41
574	42	43
574	44	45
574	46	47
574	48	48
574	49	49

575	4	4
575	5	5
575	6	7
575	8	8
575	9	11
575	12	13
575	14	14
575	15	15
575	16	17
575	18	21
575	22	22
575	23	24
575	25	26
575	27	28
575	29	29
575	30	30

576	4	4
576	5	5
576	6	6
576	7	8
576	9	10
576	11	11
576	12	13
576	14	15
576	16	16
576	17	17
576	18	19
576	20	21
576	22	23
576	24	24

577	0	0
577	1	1
577	3	4
577	5	8
577	9	9
577	10	11
577	12	13
577	14	15
577	16	16
577	17	17
577	18	19
577	20	20
577	21	21
577	22	22
577	23	24
577	25	26
577	27	28
577	29	29

578	0	0
578	1	1
578	3	3
578	4	5
578	6	7
578	8	9
578	10	10
578	11	12
578	13	14
578	15	15
578	16	16
578	17	18
578	19	20
578	21	22
578	23	23
578	24	24

579	0	0
579	1	1
579	3	3
579	4	5
579	6	7
579	8	9
579	10	11
579	12	12
579	13	13
579	14	14
579	15	16
579	17	18
579	19	19

580	4	4
580	5	5
580	6	7
580	8	9
580	10	10
580	11	12
580	13	14
580	15	16
580	17	17

581	4	4
581	5	5
581	6	6
581	7	9
581	10	10
581	11	11
581	12	14
581	15	16
581	17	17
581	18	18
581	19	21
581	22	22
581	23	24
581	25	25
581	26	27
581	28	28
581	29	29
581	30	31
581	32	33
581	34	34
581	35	36
581	37	41
581	42	42

582	4	4
582	5	5
582	6	7
582	8	9
582	10	11
582	12	12
582	13	16
582	17	17
582	18	19
582	20	20
582	21	22
582	23	24
582	25	25
582	26	26
582	27	27
582	28	29
582	30	31
582	32	33
582	34	34

583	4	4
583	5	5
583	6	6
583	7	9
583	10	11
583	12	13
583	14	14
583	15	15
583	16	16
583	17	18
583	19	19
583	20	20
583	21	22
583	23	24
583	25	25
583	26	27
583	28	32
583	33	33

586	0	1
586	2	2

587	0	0
587	1	1
587	2	2
587	3	3
587	4	8

588	0	0
588	1	1
588	2	3
588	4	5
588	6	6

589	0	7

590	0	0
590	1	3
590	4	5
590	6	7
590	8	9
590	10	11
590	12	12
590	13	13
590	14	15
590	16	17
590	18	18
590	19	20
590	21	22

591	0	3

592	1	1
592	2	2
592	3	3
592	4	10
592	11	12
592	13	15
592	16	17
592	18	18
592	19	20
592	21	22

593	1	1
593	2	2
593	3	3
593	4	5
593	6	6
593	7	10
593	11	11
593	12	13
593	14	15
593	16	18
593	19	22
593	23	23
593	24	25

594	1	1
594	2	2
594	3	3
594	4	11
594	12	14
594	15	16
594	17	18
594	19	20
594	21	22
594	23	23
594	24	25
594	26	27

595	1	1
595	2	2
595	3	3
595	4	7
595	9	13
595	14	15
595	16	18
595	19	20
595	21	22

596	1	1
596	2	2
596	3	3
596	4	11
596	13	17
596	18	18
596	19	23
596	24	24
596	25	26
596	27	28
596	29	31
596	32	35
596	36	36
596	37	38

597	1	1
597	2	2
597	3	3
597	4	5
597	7	11
597	12	13
597	14	15
597	16	17
597	18	19
597	20	23
597	24	25
597	26	27
597	28	29
597	30	30

598	1	1
598	2	2
598	3	3
598	4	10
598	11	12
598	13	14
598	15	16
598	17	17
598	18	20
598	21	22
598	23	23
598	24	25
598	26	27
598	28	28

599	0	1

600	0	0

601	0	0

602	0	0

603	0	0

604	0	0

667	0	6

668	0	3
668	4	5

669	0	4
669	5	5
669	6	10
669	11	11
669	12	13
669	14	15
669	16	18

670	0	1
670	2	3
670	4	5
670	6	6

671	0	1
671	2	2
671	3	3
671	5	7
671	9	9
671	10	13

672	0	1
672	3	4
672	6	8
672	10	10
672	12	15

673	0	0

674	0	1
674	2	3
674	4	6
674	7	7
674	8	8
674	9	9
674	10	11

675	0	0
675	1	3
675	4	6
675	7	9
675	10	11
675	12	13
675	14	14
675	15	20
675	22	25
675	26	26
675	27	27
675	28	30
675	31	31
675	32	35
675	36	36
675	37	40
675	42	44
675	45	45
675	46	47
675	48	48

676	0	1
676	2	3
676	4	5
676	6	7
676	8	11
676	12	13

677	0	0

678	0	3
678	4	4
678	5	5
678	6	6
678	7	9
678	11	14
678	15	15
678	16	16
678	17	17
678	18	19
678	20	22
678	23	24

679	0	2
679	3	4
679	5	5
679	7	10
679	11	11
679	12	12
679	13	14
679	15	16
679	17	19
679	20	21
679	22	23
679	24	25

680	0	1
680	2	5
680	6	6
680	7	10
680	11	11

681	0	0

682	0	1
682	2	3
682	4	9
682	11	11
682	13	15
682	16	17
682	18	22
682	23	23

683	0	1
683	2	3

684	0	1
684	2	3
684	4	4
684	5	5
684	6	7
684	8	9
684	10	10
684	11	12
684	13	14
684	15	15
684	16	16
684	17	17
684	18	19

685	0	1
685	2	3
685	4	5
685	6	7
685	8	9
685	10	10
685	11	12
685	13	15
685	16	17
685	18	19

686	0	1
686	2	3
686	4	7

