1	0	4
1	5	5
1	6	8
1	10	12

7	0	0
7	2	2
7	4	4
7	6	6
7	8	8
7	10	10
7	12	12
7	14	14
7	16	16
7	18	18
7	20	20

8	0	1
8	2	2
8	3	4
8	5	5
8	6	8
8	10	10
8	11	11
8	12	12
8	13	15

17	0	4
17	5	6
17	7	8
17	9	10
17	11	12
17	13	14
17	15	17

18	0	3

19	0	27
19	28	28
19	29	63

27	0	3
27	4	4
27	5	6
27	7	7
27	8	9
27	10	11
27	13	16
27	17	17
27	18	19
27	20	20
27	21	22
27	23	24

29	0	0
29	2	2
29	4	4
29	6	6
29	8	8
29	10	10
29	12	12
29	14	14
29	16	16
29	18	18
29	20	20
29	22	22

30	0	1
30	2	3
30	4	6
30	7	8
30	9	11

32	0	1
32	2	2
32	3	7
32	9	9
32	10	13

36	0	0
36	2	2

38	0	1
38	3	3

40	0	0
40	1	2

42	0	0
42	1	1
42	2	2
42	3	3
42	4	4
42	5	5
42	6	6
42	7	7
42	8	8
42	9	9
42	10	10
42	11	11
42	12	12
42	13	13
42	14	14
42	15	15
42	16	16
42	17	17
42	18	18
42	19	19
42	20	20
42	21	21
42	22	22
42	23	23
42	24	24
42	25	25
42	26	26
42	27	27
42	28	28
42	29	29
42	30	30
42	31	31
42	32	32
42	33	33
42	34	34
42	35	35
42	36	36
42	37	37
42	38	38
42	40	40

44	0	0
44	1	3
44	4	5
44	6	7

46	0	0
46	1	1
46	2	2
46	3	3
46	4	4
46	5	5
46	6	6
46	7	7
46	8	8
46	9	9
46	10	10
46	11	11
46	12	12
46	13	13
46	14	14
46	15	15
46	16	16
46	17	17
46	18	18
46	19	19
46	20	20
46	21	21
46	22	22
46	23	23
46	24	24
46	25	25
46	26	26
46	27	27
46	28	28
46	29	29
46	30	30
46	31	31
46	32	32
46	33	33
46	35	35

48	0	0
48	1	2
48	3	3
48	4	5

50	0	0
50	1	1
50	2	2
50	3	3
50	4	4
50	5	5
50	6	6
50	7	7
50	8	8
50	9	9
50	10	10
50	11	11
50	12	12
50	13	13
50	14	14
50	15	15
50	16	16
50	17	17
50	18	18
50	19	19
50	20	20
50	21	21
50	22	22
50	23	23
50	24	24
50	25	25
50	26	26
50	27	27
50	28	28
50	29	29
50	30	30
50	31	31
50	32	32
50	33	33
50	34	34
50	35	35
50	37	37

52	0	0
52	1	2
52	3	4

53	0	0
53	1	4

54	0	0
54	1	2
54	3	4

56	0	0
56	1	1
56	2	2
56	3	3
56	4	4
56	5	5
56	6	6
56	7	7
56	8	8
56	9	9
56	10	10
56	11	11
56	12	12
56	13	13
56	14	14
56	15	15
56	16	16
56	17	17
56	18	18
56	19	19
56	20	20
56	21	21
56	22	22
56	23	23
56	24	24
56	25	25
56	26	26
56	27	27
56	28	28
56	29	29
56	30	30
56	31	31
56	32	32
56	33	33
56	34	34
56	35	35
56	36	36
56	40	40

57	0	0
57	1	1
57	2	2
57	3	3
57	4	4
57	5	5
57	6	6
57	7	7
57	8	8
57	9	9
57	10	10
57	11	11
57	12	12
57	13	13
57	14	14
57	15	15
57	16	16
57	17	17
57	18	18
57	19	19
57	20	20
57	21	21
57	22	22
57	23	23
57	24	24
57	25	25
57	26	26
57	27	27
57	28	28
57	29	29
57	30	30
57	31	31
57	32	32
57	33	33
57	34	34
57	35	35
57	36	36
57	40	40

58	0	0
58	1	1
58	2	2
58	3	3
58	4	4
58	5	5
58	6	6
58	7	7
58	8	8
58	9	9
58	10	10
58	11	11
58	12	12
58	13	13
58	14	14
58	15	15
58	16	16
58	17	17
58	18	18
58	19	19
58	20	20
58	21	21
58	22	22
58	23	23
58	24	24
58	25	25
58	26	26
58	27	27
58	28	28
58	29	29
58	30	30
58	31	31
58	32	32
58	33	33
58	34	34
58	35	35
58	36	36
58	40	40

60	0	0
60	1	2

62	0	0
62	1	1
62	2	2
62	3	3
62	4	4
62	5	5
62	6	6
62	7	7
62	8	8
62	9	9
62	10	10
62	11	11
62	12	12
62	13	13
62	14	14
62	15	15
62	16	16
62	17	17
62	18	18
62	19	19
62	20	20
62	21	21
62	22	22
62	23	23
62	24	24
62	25	25
62	26	26
62	27	27
62	28	28
62	29	29
62	30	30
62	31	31
62	32	32
62	33	33
62	34	34
62	35	35
62	36	36
62	37	37
62	38	38
62	40	40

64	0	0
64	1	2
64	3	3
64	4	5
64	6	6
64	7	8

66	0	0
66	1	1
66	2	2
66	3	3
66	4	4
66	5	5
66	6	6
66	7	7
66	8	8
66	9	9
66	10	10
66	11	11
66	12	12
66	13	13
66	14	14
66	15	15
66	16	16
66	17	17
66	18	18
66	19	19
66	20	20
66	21	21
66	22	22
66	23	23
66	24	24
66	25	25
66	26	26
66	27	27
66	28	28
66	29	29
66	30	30
66	31	31
66	32	32
66	33	33
66	35	35

68	0	1
68	3	3
68	5	5
68	6	8
68	9	10
68	11	11
68	13	17
68	19	20
68	21	21
68	22	23
68	24	25
68	26	28
68	29	30
68	31	31
68	32	34
68	35	36
68	37	39

70	0	0
70	1	1
70	2	2
70	3	3
70	4	4
70	5	5
70	7	8

72	0	3

74	0	0
74	1	1
74	2	2
74	3	3
74	4	4
74	5	5
74	6	6
74	7	7
74	8	8
74	9	9
74	10	10
74	11	11
74	12	12
74	13	13
74	14	14
74	15	15
74	16	16
74	17	17
74	18	18
74	19	19
74	20	20
74	21	21
74	22	22
74	23	23
74	24	24
74	25	25
74	26	26
74	27	27
74	28	28
74	29	29
74	30	30
74	31	31
74	32	32
74	33	33
74	34	34
74	35	35
74	36	36
74	37	37
74	39	40

104	0	0

106	0	1
106	2	2
106	3	7
106	9	9
106	10	13

110	0	0
110	2	2

112	0	0
112	1	2
112	3	4
112	6	7
112	8	8
112	9	10
112	11	11
112	12	12
112	13	13
112	14	16
112	17	18
112	19	19
112	20	21
112	22	23
112	24	24

113	0	0
113	1	2
113	4	4
113	6	6
113	8	9
113	10	10
113	11	15
113	17	17
113	18	20
113	21	21
113	22	26
113	28	28
113	30	30
113	32	32
113	34	34
113	36	36
113	38	38
113	40	40
113	42	42
113	44	44
113	46	46
113	48	48
113	50	50
113	52	52
113	54	54
113	56	56
113	58	58
113	60	60
113	61	61
113	62	62
113	63	63

114	0	1
114	2	2
114	3	7
114	9	9
114	10	12
114	13	14
114	15	15
114	16	17
114	18	19
114	20	21
114	22	23
114	24	24

115	0	1
115	2	2
115	3	5
115	6	7
115	8	9
115	10	10
115	11	12
115	13	13
115	14	14
115	15	16
115	17	17
115	18	19
115	20	20
115	21	21
115	22	23
115	24	24
115	25	26
115	27	27
115	28	28
115	29	29
115	30	30
115	31	31
115	32	32
115	33	35
115	36	37
115	38	38
115	39	39
115	40	40
115	41	41
115	42	42
115	43	43

116	0	1
116	2	2
116	3	9
116	10	10
116	11	15
116	17	17
116	18	24
116	25	25
116	26	30
116	32	33
116	34	36
116	37	37
116	38	41
116	42	42
116	43	43
116	44	44
116	45	45
116	46	46
116	47	47
116	48	48
116	49	50
116	51	51
116	52	56
116	58	59
116	60	62
116	63	65
116	66	67
116	68	69
116	70	70
116	71	72
116	73	74
116	75	75
116	76	76
116	77	77
116	78	78
116	79	79
116	80	80
116	81	81

117	0	1
117	2	2
117	3	7
117	9	10
117	11	13
117	14	15
117	16	17
117	18	19
117	20	21
117	22	23
117	24	24
117	25	25
117	26	27
117	28	28
117	29	29
117	30	32
117	33	34
117	35	35
117	36	36
117	37	37
117	38	38
117	39	39
117	40	40
117	41	41
117	42	42

118	0	1
118	2	2
118	3	7
118	9	10
118	11	13
118	14	15
118	16	17
118	18	18
118	19	20
118	21	22
118	23	24
118	25	25
118	26	26
118	27	28
118	29	30
118	31	32
118	33	34
118	35	36
118	37	37
118	38	38
118	39	41
118	42	43
118	44	45
118	46	47
118	48	49
118	50	51
118	52	53
118	54	54
118	55	55
118	56	56
118	57	57
118	58	58
118	59	59
118	60	60
118	61	62
118	63	64
118	65	65
118	66	67
118	68	68
118	69	69
118	70	70
118	71	72
118	73	73
118	74	74
118	75	76
118	77	78
118	79	79
118	80	81
118	82	82
118	83	83
118	84	86
118	87	88
118	89	90
118	91	92
118	93	93
118	94	94
118	95	95
118	96	96
118	97	98
118	99	100
118	101	102
118	103	104
118	105	105
118	106	107
118	108	108
118	109	109
118	110	111
118	112	113
118	114	115
118	116	117
118	118	118
118	119	119
118	120	121
118	122	123
118	124	125
118	126	126
118	127	127
118	128	128
118	129	129
118	130	132
118	133	134
118	135	136
118	137	138
118	139	139
118	140	142
118	143	144
118	145	146
118	147	148
118	149	150
118	151	152
118	153	154
118	155	155
118	156	156
118	157	157
118	158	158
118	159	159
118	160	160
118	161	163
118	164	165
118	166	166
118	167	167
118	168	168
118	169	169
118	170	170
118	171	171

119	0	1
119	2	2
119	3	3
119	4	5
119	6	7
119	8	9
119	10	11
119	12	12
119	13	13
119	14	15
119	16	17
119	18	18
119	19	20
119	21	21
119	22	23
119	24	24
119	25	25
119	26	26
119	27	28
119	29	29
119	30	31
119	33	33
119	34	34
119	35	36
119	37	37
119	38	38
119	39	39
119	40	41

120	0	0
120	1	2
120	3	3
120	4	4
120	5	5
120	6	6
120	7	7
120	8	8
120	9	9
120	10	10
120	11	11
120	12	12
120	13	15
120	16	17
120	18	18
120	19	19
120	20	20
120	21	21
120	22	22
120	23	23
120	24	24
120	25	25

121	0	1
121	2	2
121	3	4
121	5	6
121	7	8
121	9	10
121	11	12
121	13	13
121	14	15
121	16	16
121	17	17
121	18	20
121	21	22
121	23	23
121	24	24
121	25	25
121	26	26
121	27	27
121	28	28
121	29	29
121	30	30
121	31	32
121	33	33
121	34	36
121	37	38
121	39	41
121	42	43
121	44	45
121	46	47
121	48	48
121	49	49
121	51	51
121	52	52
121	53	53
121	54	54
121	55	55
121	56	56
121	57	57

122	0	1
122	2	2
122	3	5
122	6	7
122	8	10
122	11	12
122	13	13
122	14	15
122	16	17
122	18	18
122	19	19
122	21	21
122	22	22
122	23	23
122	24	24
122	25	25
122	26	26
122	27	29
122	30	31
122	32	32
122	34	34
122	35	35
122	36	36
122	37	37
122	38	38
122	39	39
122	40	40

123	0	1
123	2	2
123	3	5
123	6	7
123	8	10
123	11	11
123	12	13
123	14	15
123	16	17
123	18	19
123	20	20
123	21	22
123	23	23
123	24	24
123	26	26
123	27	27
123	28	28
123	29	29
123	30	30
123	31	31
123	32	32

124	0	1
124	2	2
124	3	5
124	6	7
124	8	10
124	11	11
124	12	13
124	14	15
124	16	16
124	17	17
124	19	19
124	20	20
124	21	21
124	22	22
124	23	23

125	0	0
125	1	2
125	3	3
125	4	5
125	6	6
125	7	8
125	9	10
125	11	12
125	13	14
125	15	16
125	17	17
125	18	18
125	19	20
125	21	21
125	22	23
125	24	25
125	26	26
125	27	28
125	29	30
125	31	32
125	33	34
125	35	35
125	36	37
125	38	38
125	40	40
125	41	42
125	43	43
125	44	52
125	53	54
125	55	55

126	0	0
126	1	2
126	3	3
126	4	5
126	6	8
126	9	10
126	11	12
126	13	15
126	16	17
126	18	20
126	21	21
126	22	24
126	25	25
126	26	30
126	31	31
126	32	33
126	34	34

127	2	2
127	3	4
127	5	6
127	7	8
127	9	9
127	10	13
127	14	15
127	16	16
127	17	18
127	19	20
127	21	22
127	23	25
127	26	29
127	30	30
127	31	32
127	33	34
127	35	36
127	37	39
127	40	40
127	41	42
127	43	45
127	47	49
127	50	51
127	52	55
127	56	56
127	57	58
127	59	60
127	61	63
127	64	67
127	68	69
127	70	70
127	71	72
127	73	76
127	77	78
127	79	80
127	81	84
127	85	85
127	86	87
127	88	89
127	90	91
127	93	95
127	96	99
127	100	100
127	101	104
127	105	106
127	107	110
127	111	111
127	112	113
127	114	115
127	116	117
127	118	120
127	121	122
127	123	126
127	127	127

128	0	0
128	1	2
128	3	4
128	5	7
128	8	8
128	9	11
128	12	12
128	13	15
128	16	16
128	17	18
128	19	19
128	20	20
128	21	23
128	24	24
128	25	25
128	26	27
128	28	28
128	29	29
128	30	31
128	32	32
128	33	35
128	36	36
128	37	39
128	40	40
128	41	42
128	43	43
128	44	46
128	47	47

129	0	1
129	2	2
129	3	4
129	5	5
129	6	8
129	9	9
129	10	12
129	13	13
129	14	15
129	16	16
129	17	18
129	19	19

130	0	0
130	1	2
130	3	3
130	4	5
130	6	7
130	8	8
130	9	10
130	11	12
130	13	14
130	15	16
130	17	17
130	18	18

131	0	1
131	2	2
131	3	7
131	9	9
131	10	12
131	13	13

137	0	0

139	0	1
139	2	2
139	3	7
139	9	9
139	10	13

141	0	4
141	5	6
141	7	8
141	9	10
141	11	12
141	13	14
141	15	17
141	18	21

144	0	0
144	1	2

145	2	2
145	3	6
145	7	7
145	8	12
145	14	15
145	16	17
145	18	19
145	20	21
145	22	23
145	24	26
145	27	27
145	28	31
145	32	32
145	33	34
145	35	36
145	37	37
145	38	39
145	40	40
145	41	42
145	43	43
145	44	45
145	46	46
145	47	48
145	49	49
145	50	51
145	52	52
145	53	54
145	55	55

146	0	0
146	1	2
146	3	4
146	5	5
146	6	7
146	8	9
146	10	10
146	11	12
146	13	17
146	18	18
146	19	20
146	21	22
146	23	25
146	27	27
146	28	29
146	30	30
146	31	33
146	35	35
146	36	37
146	38	39
146	40	40
146	41	42
146	43	44
146	45	47

147	0	1
147	2	2
147	3	3
147	4	5
147	6	9
147	10	10
147	11	11
147	12	13
147	14	15
147	16	17
147	18	18
147	19	20
147	21	22
147	23	23
147	24	25
147	26	26
147	27	28
147	29	30
147	31	31

148	0	0
148	1	3
148	4	5
148	6	7

149	2	3
149	4	5
149	6	7
149	8	8
149	9	10
149	11	11
149	12	13
149	14	14
149	15	18
149	19	19
149	20	20
149	21	22
149	23	23
149	24	25
149	26	26
149	27	28
149	29	30
149	31	31
149	32	33
149	34	35
149	36	36
149	37	38
149	39	40
149	41	41
149	42	43
149	46	46
149	47	47
149	48	49
149	50	51
149	52	53
149	54	54
149	55	56
149	57	58
149	59	59
149	60	60
149	61	62
149	63	64
149	65	65
149	66	67
149	68	69
149	70	70
149	71	72
149	73	73
149	74	74
149	75	76
149	77	78
149	79	80
149	81	81

150	0	1
150	2	2
150	3	7
150	8	8
150	9	9
150	11	12
150	13	15
150	17	17
150	18	18
150	19	20
150	21	21
150	22	23

151	0	1
151	2	2
151	3	7
151	8	8
151	9	9
151	11	12
151	13	15
151	17	17
151	18	18
151	19	20
151	21	21
151	22	22
151	23	24
151	25	27
151	28	28
151	29	30

152	0	1
152	2	2
152	3	7
152	8	8
152	9	9
152	11	12
152	13	15
152	17	17
152	18	18
152	19	20
152	21	21
152	22	23
152	24	25
152	26	26
152	27	28
152	29	30
152	31	31
152	32	32
152	33	34
152	35	36
152	37	38

153	0	1
153	2	2
153	3	7
153	8	8
153	9	9
153	11	12
153	13	15
153	17	17
153	18	18
153	19	20
153	21	21
153	22	24

154	0	1
154	2	2
154	3	7
154	8	8
154	9	10
154	12	13
154	14	16
154	18	18
154	19	20
154	21	22
154	23	23
154	24	25
154	26	27

155	0	5
155	7	8
155	9	10
155	12	14
155	15	15
155	16	17
155	18	18
155	19	19
155	20	20
155	21	22
155	23	23
155	24	24
155	25	26
155	27	29
155	30	31
155	32	32
155	33	36
155	38	38
155	39	40
155	42	43
155	44	45
155	47	49
155	50	50
155	51	53
155	54	54
155	55	57
155	59	60
155	61	61
155	62	66
155	68	71
155	72	73
155	74	75
155	76	78

156	0	1
156	2	2
156	3	7
156	9	10
156	11	13
156	14	14
156	15	17
156	18	19
156	20	21

157	0	1
157	2	2
157	3	6
157	8	9
157	10	12
157	13	14
157	15	16

158	0	0
158	1	2
158	3	3
158	4	5

159	0	1
159	2	2
159	3	6
159	8	8
159	9	10
159	11	11
159	13	14
159	15	15
159	16	20
159	21	21
159	22	22
159	23	24
159	25	25
159	26	27
159	28	28
159	29	30
159	31	32
159	33	34
159	35	36
159	37	37

160	0	0
160	1	2
160	3	4

161	0	0
161	1	1
161	2	2
161	5	6
161	7	8
161	9	10

162	0	0
162	1	1
162	2	2
162	3	3
162	4	4
162	7	8
162	9	10

163	0	1
163	2	3
163	4	5
163	6	6

164	0	0
164	1	1
164	3	4
164	5	5
164	6	7
164	8	11
164	12	12

165	0	0
165	1	1
165	3	6
165	7	7

166	0	0
166	1	1
166	3	4
166	5	6
166	7	7
166	8	8
166	9	10
166	11	11
166	12	12

167	0	0
167	1	1
167	2	3
167	4	4
167	5	8
167	9	9
167	10	10
167	11	12
167	13	13
167	14	14

168	0	0
168	1	1
168	2	3
168	4	4
168	5	8
168	9	9
168	10	10
168	11	12
168	13	13
168	14	14

169	0	0

171	0	1
171	2	2
171	3	7
171	9	9
171	10	13

172	0	0
172	1	1
172	2	5
172	6	6
172	7	7
172	8	9
172	10	10
172	11	11

173	0	0
173	1	1
173	2	3
173	4	4
173	5	6
173	7	7
173	8	10
173	11	11

174	0	0
174	1	1
174	3	4
174	5	6
174	7	7
174	8	9
174	10	12
174	13	13
174	14	14
174	15	15
174	16	16
174	17	18
174	19	19
174	20	22
174	24	24
174	25	25
174	26	27
174	28	32
174	33	33
174	34	35
174	37	37
174	38	39
174	40	41
174	42	42
174	43	43
174	44	45
174	46	47
174	48	49
174	50	51
174	52	53
174	54	55
174	56	56
174	57	57

175	0	0
175	1	1
175	2	3
175	4	5
175	6	6
175	7	7
175	8	8
175	9	9

176	0	0
176	1	1
176	2	2
176	3	4
176	6	6
176	7	7
176	8	9
176	10	11
176	12	14
176	15	16
176	17	17
176	18	19
176	20	20
176	21	22
176	23	24
176	25	27
176	28	28
176	29	29
176	30	31
176	32	32
176	33	34
176	35	35

177	0	0
177	1	1
177	2	2
177	3	3
177	4	4
177	7	8
177	9	10

178	0	1
178	3	4
178	5	6
178	7	7

179	0	0
179	1	1
179	2	2
179	3	3
179	4	5
179	6	6
179	7	10
179	11	11

180	1	1
180	2	2
180	3	4
180	5	5
180	6	6
180	7	7
180	8	8
180	9	9
180	10	14
180	15	15
180	18	18
180	19	19
180	21	22
180	23	24
180	26	26
180	27	27
180	28	28
180	29	29
180	30	32
180	34	35
180	36	36
180	38	38
180	39	39
180	41	42
180	43	44
180	45	45
180	46	46
180	47	47
180	48	48
180	49	50
180	51	53
180	54	54
180	55	55

181	0	0
181	1	1
181	3	4
181	5	5
181	6	6
181	7	7
181	9	10
181	11	12
181	13	13
181	14	14
181	17	17
181	18	18

182	0	0
182	1	1
182	2	2
182	5	6
182	7	8
182	9	10

183	2	3
183	5	5
183	7	8
183	9	9
183	10	10
183	11	15
183	19	20
183	22	22
183	23	23
183	25	25
183	26	26
183	27	27
183	28	28
183	30	30
183	31	31
183	34	35
183	37	37
183	38	38
183	39	39
183	40	41
183	42	42
183	43	43
183	44	45
183	46	47
183	48	49
183	50	50
183	52	53
183	54	54
183	55	55

184	0	0
184	1	1
184	2	2
184	3	3
184	4	4
184	5	8
184	9	9
184	10	10
184	11	12
184	13	14
184	15	15
184	16	16
184	17	18
184	19	19
184	20	21
184	22	22
184	24	25
184	26	26
184	27	31
184	32	32
184	33	33
184	34	34
184	35	36
184	37	37
184	38	38

185	0	0
185	1	1
185	2	2
185	3	3
185	4	5
185	6	7
185	8	8
185	9	9
185	10	10
185	11	12
185	13	13
185	15	16
185	17	17
185	18	22
185	23	23
185	24	24
185	25	25
185	26	27
185	28	28
185	29	29

186	0	0
186	1	1
186	3	3
186	4	5
186	6	7
186	9	9
186	10	10
186	11	11
186	13	13
186	14	14
186	15	17
186	18	18
186	19	20
186	21	23
186	24	24
186	25	26
186	27	28
186	29	29
186	30	32
186	34	34
186	35	35

187	0	1
187	2	2
187	3	4
187	5	5
187	6	6
187	7	9
187	10	10
187	11	11
187	12	13
187	15	15
187	17	18
187	19	20
187	21	21
187	22	23
187	25	25
187	27	28
187	29	29
187	30	30
187	31	31
187	32	33
187	34	34
187	35	36
187	37	37
187	38	39
187	40	40

188	0	0
188	1	4

189	0	0
189	1	1
189	2	2
189	5	8

190	0	0
190	2	2
190	3	3
190	4	4
190	5	6
190	7	7
190	8	8
190	9	9
190	10	11
190	12	12
190	13	13
190	14	14
190	15	15
190	16	16
190	17	17
190	18	18
190	19	20
190	21	22
190	23	23
190	24	25
190	26	26
190	27	28
190	29	29
190	30	31
190	32	32
190	33	33
190	34	34
190	35	36
190	37	37
190	38	38

191	0	0
191	1	1
191	3	7
191	8	8
191	9	10
191	11	12
191	13	15
191	16	19

194	0	0
194	1	2
194	4	4
194	5	5
194	6	7

195	0	3
195	5	5
195	6	6
195	7	7
195	8	8

196	0	1
196	3	3
196	4	4
196	5	5

197	0	0
197	2	3

198	0	1

199	0	0
199	1	2
199	3	4

200	0	1
200	2	2
200	3	4

203	0	1

204	2	3
204	5	7

205	0	2
205	3	3
205	4	4
205	5	5
205	7	10
205	12	12
205	13	14

207	0	1
207	3	3
207	5	5
207	7	7
207	9	9

208	0	0
208	2	2
208	3	3
208	5	5
208	7	7
208	9	9

209	2	2
209	4	4
209	7	7

210	1	1
210	2	2

211	0	1
211	2	2
211	3	3

212	0	0

213	0	1
213	2	2
213	3	3

214	1	2
214	5	8
214	10	10
214	11	12

215	1	3
215	6	9
215	11	11
215	12	14

216	1	3
216	6	8
216	10	10
216	11	13

217	1	3
217	6	9
217	11	11
217	12	13

218	0	0
218	1	1
218	2	2
218	3	4
218	5	6
218	7	7
218	8	8
218	9	9
218	10	10
218	11	11
218	12	12
218	13	14
218	15	15
218	16	16
218	17	18
218	19	19
218	20	21
218	22	22
218	23	23
218	24	24
218	25	25
218	26	27
218	28	28

219	0	0
219	1	1
219	2	2
219	3	4
219	5	6
219	7	7
219	8	9
219	10	10
219	11	12
219	13	14
219	16	16

220	0	0
220	2	2
220	3	3
220	4	4
220	6	6
220	7	7
220	9	9
220	10	10
220	12	13
220	15	15
220	16	19
220	21	21
220	22	22

222	0	0

224	0	0
224	1	1
224	2	2
224	3	3
224	4	7
224	9	9
224	10	13

225	0	2
225	3	4
225	5	6

226	0	0
226	1	1
226	2	2
226	3	3
226	4	4
226	6	6
226	7	8
226	9	10
226	11	13
226	14	15
226	16	16
226	17	18
226	19	20
226	21	22
226	23	23
226	24	24

227	0	0
227	1	1
227	3	5
227	6	6
227	7	7
227	8	8
227	9	9
227	10	10
227	11	12
227	13	15
227	16	17
227	18	18
227	19	20
227	21	22
227	24	25
227	26	26
227	27	28

231	0	1
231	2	3
231	5	6
231	7	8
231	9	10
231	11	12
231	13	14

232	0	0
232	1	2
232	3	3
232	5	6
232	7	8
232	9	10
232	11	12
232	13	14

233	0	0
233	1	2
233	3	3
233	5	6
233	7	8
233	9	10
233	11	11
233	12	13
233	14	15
233	16	17

234	0	0
234	1	3
234	4	4
234	5	5

235	2	3
235	5	6

236	0	1
236	2	2
236	4	4
236	5	5
236	6	6
236	8	8
236	9	9
236	10	10
236	11	11
236	13	13
236	14	14
236	15	15
236	17	17
236	18	18
236	19	19
236	21	21
236	22	22
236	23	23
236	24	24
236	25	25
236	26	26

239	0	2
239	3	3
239	5	5
239	7	7
239	8	8
239	9	9
239	11	11
239	12	12
239	13	13
239	14	14
239	16	16
239	17	17
239	18	18
239	19	19
239	20	20
239	21	21
239	22	22
239	23	23
239	24	24
239	25	25

240	2	2
240	3	3
240	4	4
240	6	6
240	7	7
240	8	8
240	10	10
240	11	11
240	12	12
240	13	13
240	14	14
240	15	15
240	16	16
240	17	17
240	18	18

241	2	2
241	3	3
241	4	4
241	6	6
241	7	7
241	8	8
241	10	10
241	11	11
241	12	12
241	13	13
241	14	14
241	15	15
241	16	16
241	17	17
241	18	18

242	0	0
242	2	3
242	4	4
242	5	5
242	6	8
242	9	9
242	10	11
242	12	12
242	13	14
242	15	17
242	18	19
242	20	21
242	22	23
242	24	25
242	26	27
242	28	29
242	30	30

243	0	2
243	3	3
243	4	5
243	6	6

244	0	0
244	1	1
244	2	2
244	3	3
244	4	4
244	5	6
244	7	8
244	9	9
244	10	11
244	12	13
244	14	14
244	15	15
244	16	17
244	18	18
244	19	19
244	20	21
244	22	23
244	24	25
244	26	26
244	27	27
244	28	28
244	29	30
244	31	31

245	0	0
245	1	1
245	3	5
245	6	6
245	7	8
245	9	10
245	11	11
245	12	13
245	14	15
245	16	16
245	17	17
245	18	18
245	19	20
245	21	21
245	23	24
245	25	26

247	0	1
247	3	3
247	4	5
247	6	6

248	0	1
248	2	2
248	4	4

249	0	1
249	2	2
249	3	4
249	5	5
249	7	7
249	8	8

250	0	1
250	2	3
250	5	5
250	6	6

251	0	1
251	2	2
251	3	4
251	5	7
251	9	9
251	10	10

252	0	1
252	3	3
252	4	4

253	0	0
253	1	1
253	2	2
253	3	4
253	5	5
253	6	8
253	9	10
253	11	13
253	14	14
253	15	16
253	17	18
253	19	20
253	21	23
253	24	24
253	25	26
253	27	27
253	28	29
253	30	30

254	0	2
254	3	3
254	4	5
254	6	7

255	0	0
255	1	2
255	3	4
255	5	5
255	6	6
255	7	9
255	10	10
255	11	11
255	12	13
255	14	15
255	16	16
255	17	18
255	19	19
255	20	20
255	21	21
255	22	23
255	24	24

256	0	0
256	1	1
256	4	6
256	7	7
256	8	8
256	9	10
256	11	12

258	0	1
258	2	3
258	5	8

259	0	0
259	1	1
259	2	2
259	3	3
259	4	4
259	6	6
259	7	7
259	8	8

260	0	0
260	1	1
260	2	2
260	3	3
260	4	4
260	6	6
260	7	7
260	8	8
260	9	9

261	0	0
261	1	1
261	2	2
261	3	3
261	4	4
261	6	6
261	7	7
261	8	8
261	9	9
261	10	10

262	0	0
262	1	1
262	2	2
262	3	3
262	4	4
262	5	5
262	7	7
262	8	8
262	9	9
262	10	10
262	11	11

263	0	0
263	1	1
263	2	2
263	3	3
263	4	4
263	5	5
263	7	7
263	8	10
263	11	12
263	13	14
263	15	15

265	0	0

267	0	1
267	2	2
267	3	3
267	4	4
267	5	7
267	9	9
267	10	10
267	11	11
267	12	12
267	13	13

268	0	0
268	1	1
268	2	2
268	5	6
268	7	8

269	3	3
269	4	4
269	5	5
269	6	6
269	7	7
269	8	9
269	10	11
269	12	13
269	14	14
269	15	15
269	16	18
269	19	20
269	21	22
269	23	24
269	25	26
269	28	28
269	29	31
269	32	32
269	33	35
269	36	37
269	38	39
269	40	40
269	41	41
269	42	42
269	43	43
269	44	44
269	45	45
269	46	46
269	47	48
269	49	50
269	51	51
269	52	54
269	55	55
269	56	58
269	59	59
269	60	60
269	61	61
269	62	62
269	63	63
269	64	67
269	68	69
269	70	70
269	71	71
269	72	73
269	74	74
269	75	75
269	77	77
269	78	79
269	80	81
269	82	83
269	84	84
269	85	85
269	86	87
269	88	88
269	89	89
269	90	90
269	91	91
269	92	92
269	93	93
269	95	95
269	96	96
269	97	97
269	98	98
269	99	100
269	101	102
269	103	103
269	104	105
269	106	107
269	108	109
269	110	110
269	111	112
269	113	115
269	116	117
269	118	119
269	120	121
269	122	123
269	124	124
269	125	125
269	126	126
269	127	127

270	0	1
270	2	3
270	4	5
270	6	6
270	7	7
270	8	10
270	11	11
270	12	13
270	14	15
270	16	17
270	18	20
270	21	22
270	23	24
270	25	26
270	27	27
270	28	29
270	30	30
270	31	31
270	32	32
270	33	33
270	34	34

271	0	0
271	1	1
271	2	2
271	5	6
271	7	8
271	9	10

272	2	2
272	3	4
272	5	5
272	6	7
272	8	9
272	10	10
272	11	11
272	12	14
272	15	15
272	16	17
272	18	20
272	21	22
272	23	23
272	24	25
272	26	26
272	27	28
272	29	30
272	31	31
272	32	32
272	34	34
272	35	35
272	36	36
272	37	39
272	40	40
272	41	42
272	43	43
272	44	45
272	46	46
272	47	48
272	49	50
272	51	51
272	52	52
272	54	54
272	55	55

273	0	0
273	1	1
273	2	2
273	5	7
273	8	9
273	10	11

274	0	0
274	1	1
274	2	2
274	3	3
274	4	4
274	5	6
274	7	8
274	9	11
274	12	12
274	13	13
274	14	16
274	17	18
274	19	20
274	21	21
274	22	22
274	23	24
274	25	25
274	26	26
274	28	28
274	29	29

275	0	0
275	1	1
275	2	2
275	5	6

276	0	2
276	3	3
276	4	5
276	6	9
276	10	11
276	12	12
276	13	13
276	14	15
276	16	16
276	17	20
276	21	22
276	23	23
276	24	25
276	26	26
276	27	27
276	28	28
276	29	30

277	0	0
277	1	1
277	4	6
277	7	8
277	9	10
277	11	12
277	14	15
277	16	16
277	17	18

280	0	1
280	3	4
280	5	5

281	0	1

282	1	3
282	5	7

283	0	1
283	2	2
283	3	4
283	5	5
283	6	7
283	8	8
283	10	10
283	11	11
283	12	12
283	14	14
283	15	15
283	16	16
283	18	18
283	19	19
283	20	20

284	0	0
284	1	1
284	2	2
284	5	6
284	7	8

285	2	3
285	4	5
285	6	6
285	7	8
285	9	10
285	11	11
285	12	14
285	15	15
285	16	16
285	17	18
285	19	19
285	20	20
285	21	21
285	22	22
285	23	23
285	24	24
285	25	25
285	27	28
285	29	30
285	31	31
285	32	32
285	33	33
285	34	34
285	35	35
285	36	36
285	37	37
285	38	38
285	39	39
285	40	40
285	41	42
285	43	44
285	45	45
285	46	47
285	48	49
285	50	51

286	0	0
286	2	2
286	3	4
286	5	6
286	7	7
286	8	10
286	11	12
286	13	14
286	15	18
286	20	21
286	22	23
286	24	24
286	25	26
286	27	28
286	29	30
286	31	32
286	33	33
286	34	35
286	36	37
286	38	39
286	40	40
286	41	41
286	42	42
286	43	43
286	44	44
286	45	45
286	46	46

287	0	0
287	1	1
287	2	2
287	3	3
287	6	7
287	8	9

288	2	2
288	3	4
288	5	6
288	7	7
288	8	9
288	10	11
288	12	14
288	15	15
288	16	16
288	17	18
288	19	19
288	20	20
288	21	22
288	23	24
288	25	25
288	26	26
288	27	28
288	29	29
288	30	30
288	31	31
288	32	32
288	33	33
288	34	34
288	35	35
288	36	36
288	37	37
288	38	38
288	39	39
288	40	40
288	41	42
288	43	43
288	45	46
288	47	48
288	49	50
288	51	52
288	53	55
288	56	56
288	57	57
288	58	58
288	59	60
288	61	61
288	62	63
288	64	65
288	66	68
288	69	69
288	70	70
288	71	72
288	73	73
288	74	74
288	75	76
288	77	77
288	78	78
288	79	79

289	0	0
289	1	1
289	2	2
289	4	5
289	6	7

290	2	2
290	3	5
290	6	7
290	8	10
290	11	12
290	13	14
290	15	15
290	16	16
290	17	19
290	20	21
290	22	22
290	23	24
290	25	26
290	27	28
290	29	30
290	31	32
290	33	33
290	34	35
290	36	37
290	38	39
290	40	41
290	42	42
290	43	43
290	44	44

291	0	0
291	1	1
291	2	2
291	3	3
291	6	8
291	9	10
291	11	12

292	0	0
292	1	2
292	3	3
292	4	5
292	6	7
292	8	8
292	9	9
292	10	12
292	13	13
292	14	15
292	16	17
292	18	18
292	19	20
292	21	21
292	22	22
292	23	23

293	0	0
293	2	3
293	4	5

294	0	0
294	1	1
294	2	2
294	5	6
294	7	8

295	0	0
295	1	2
295	3	4
295	5	6
295	7	7
295	8	10
295	11	11
295	12	13
295	15	15
295	16	16
295	17	17
295	18	18
295	19	19
295	20	20
295	21	21
295	22	22
295	23	23
295	24	24
295	25	25
295	26	26
295	27	27
295	28	28
295	29	29
295	30	30
295	31	31
295	32	32
295	33	33
295	34	34
295	35	35
295	36	36
295	37	37
295	38	38
295	39	39
295	40	40
295	41	41
295	42	42
295	43	43
295	44	44
295	45	45
295	46	46
295	48	48
295	50	50
295	51	51
295	52	52
295	53	53
295	54	54
295	55	55
295	56	56
295	57	57
295	58	58
295	59	59
295	61	61

297	0	1
297	2	2
297	3	3
297	4	4
297	5	7
297	9	9
297	10	10
297	11	11
297	12	12
297	13	13

298	0	1
298	2	2

299	0	0
299	1	1
299	2	2
299	5	6
299	7	7
299	8	9

300	0	0
300	1	1
300	2	2
300	3	3
300	4	4
300	7	8
300	9	9
300	10	11
300	12	12
300	13	14
300	15	15
300	16	16
300	17	17
300	18	19
300	20	21
300	22	23
300	24	25
300	26	26
300	27	28
300	29	30
300	31	31
300	32	34
300	35	36
300	37	38
300	39	39
300	40	41
300	42	42
300	43	44
300	45	45
300	46	48
300	49	49
300	50	51
300	52	53
300	54	55
300	56	56

301	0	0
301	1	1
301	2	2
301	3	3
301	4	4
301	7	8
301	9	10
301	11	11
301	12	13
301	14	14
301	15	16
301	17	18
301	19	20
301	21	21
301	22	23
301	24	25
301	26	27
301	28	28
301	29	30
301	31	32
301	33	34
301	35	35
301	36	37
301	38	38
301	39	40
301	41	41
301	42	43
301	44	45
301	46	46
301	47	48
301	49	49
301	51	51
301	52	52
301	53	53
301	54	54
301	55	55
301	58	60
301	61	62
301	63	64
301	65	65
301	66	67
301	68	69
301	70	70
301	71	71
301	72	73
301	74	75
301	76	76
301	77	78
301	79	80
301	81	81
301	82	83
301	84	84
301	85	88
301	89	89
301	90	91
301	92	93
301	94	94
301	95	96
301	97	98
301	99	99

302	0	0
302	1	1
302	2	2
302	5	6

303	0	0
303	1	1
303	2	2
303	3	3
303	4	4
303	7	9
303	10	11
303	12	13
303	14	16
303	17	18
303	19	20
303	21	22
303	23	24
303	25	25
303	26	26
303	27	27
303	28	29
303	30	32
303	33	33
303	34	34
303	35	35
303	36	36
303	37	37
303	38	38
303	39	39
303	40	40
303	41	42
303	43	43
303	44	44
303	45	45
303	46	46
303	47	47
303	48	48
303	49	49
303	50	50
303	51	52

304	0	1
304	2	3
304	4	4
304	5	6
304	7	8
304	9	9
304	10	11
304	12	12
304	13	13
304	14	15
304	16	16
304	17	18
304	19	20
304	21	21

305	0	0
305	1	1
305	2	2
305	3	3
305	4	4
305	7	8
305	9	10
305	11	11
305	12	12
305	13	14
305	15	16
305	17	18
305	19	19
305	20	21
305	22	23
305	24	25
305	26	26
305	27	28
305	29	31
305	32	32
305	33	33
305	34	35
305	36	36
305	37	38
305	39	40
305	41	42
305	43	45
305	46	46
305	47	47

306	0	1
306	2	3
306	4	4
306	5	6
306	7	8
306	9	10
306	11	11
306	12	12
306	13	13
306	14	16
306	17	18
306	19	19
306	20	21
306	22	23
306	24	24
306	25	26
306	27	27
306	28	29
306	30	31
306	32	32
306	33	33
306	34	34
306	35	36
306	37	39
306	40	40

307	0	0
307	1	1
307	2	2
307	3	3
307	4	4
307	7	7
307	8	9
307	10	10
307	11	12
307	13	14
307	15	15
307	16	17
307	18	19
307	20	20
307	21	22
307	23	23
307	24	24
307	25	27
307	28	29
307	30	30

308	0	0
308	1	1
308	2	2
308	3	3
308	4	4
308	7	8
308	9	11
308	12	13
308	14	15
308	16	17
308	18	19
308	20	21
308	22	22
308	23	24
308	25	25

309	0	0
309	1	1
309	2	2
309	5	6
309	7	7

310	0	0
310	1	1
310	2	2
310	3	3
310	4	4
310	7	8
310	9	11
310	12	13
310	14	14
310	15	16
310	17	18
310	19	19
310	20	21
310	22	22
310	23	24
310	25	25
310	26	27
310	28	28
310	29	29

311	0	0
311	1	1
311	2	2
311	3	3
311	4	4
311	7	8
311	9	9
311	10	11
311	12	13
311	14	15
311	16	17
311	18	18
311	19	19

312	0	0
312	1	1
312	2	2
312	3	3
312	4	4
312	7	8
312	9	9
312	10	11
312	12	13
312	14	14
312	15	16
312	17	17
312	18	19
312	20	20
312	21	22
312	23	24
312	25	25

313	0	0
313	1	1
313	2	2
313	3	3
313	4	4
313	7	8
313	9	9
313	10	10
313	11	12
313	13	15
313	16	16
313	17	17
313	18	19
313	20	20
313	21	24
313	25	26
313	27	27

314	0	0
314	1	1
314	2	2
314	3	3
314	4	4
314	7	8
314	9	10
314	11	12
314	13	14
314	15	15
314	16	17
314	18	18
314	19	19
314	20	22
314	23	23
314	24	25
314	26	27
314	28	28

315	0	0
315	1	1
315	2	2
315	5	7

316	0	2
316	3	3
316	4	6
316	7	7
316	8	9
316	10	11
316	12	13
316	14	16
316	17	18
316	19	20
316	21	22
316	23	23
316	24	25
316	26	27
316	28	28
316	29	30
316	31	33
316	34	34
316	35	35
316	36	37
316	38	39
316	40	41
316	42	42

317	0	0
317	1	3
317	4	4

318	0	0
318	1	1
318	2	2
318	5	6
318	7	10

319	0	0
319	1	1
319	2	2
319	3	3
319	4	4
319	7	9
319	10	10
319	11	12
319	13	14
319	15	17
319	18	18
319	19	19
319	20	21
319	22	23
319	24	24
319	25	26
319	27	27
319	29	29
319	30	30
319	31	31
319	32	33
319	34	35
319	36	37
319	38	38
319	39	39
319	40	40
319	41	42
319	43	43
319	44	44
319	46	46
319	47	47
319	48	49
319	50	52
319	53	53
319	54	55
319	56	57
319	58	58
319	59	59
319	60	60
319	61	62
319	63	64
319	65	66
319	67	67
319	68	69
319	70	70
319	71	72
319	73	74
319	75	75
319	76	76

320	0	1
320	2	2
320	3	3
320	4	5
320	6	6
320	7	8
320	9	9
320	10	10
320	11	12
320	13	13
320	14	16
320	17	17
320	18	18
320	19	19
320	20	20
320	21	21
320	22	22
320	23	23
320	24	25
320	26	27
320	28	28
320	29	31
320	32	32
320	33	34
320	35	35
320	36	37
320	38	39
320	40	40
320	41	42
320	43	43

321	0	1
321	2	3
321	4	4
321	5	6
321	7	8
321	9	10
321	11	11

322	0	0
322	1	1
322	2	2
322	3	3
322	4	4
322	7	9
322	10	10
322	11	12
322	13	13
322	14	15
322	16	17
322	18	18
322	19	21
322	22	23
322	24	26
322	27	27
322	28	28
322	29	31
322	32	33
322	34	34
322	35	35
322	36	37
322	38	39
322	40	41
322	42	43
322	44	44
322	45	45
322	46	46
322	47	48
322	49	50
322	51	52
322	53	54
322	55	55
322	56	57
322	58	59
322	60	61
322	62	63
322	64	65
322	66	66
322	67	68
322	69	70
322	71	72
322	73	74
322	75	75
322	76	76
322	77	78
322	79	80
322	81	82
322	83	84
322	85	86
322	87	87
322	88	88
322	89	90
322	91	91
322	92	92
322	94	94
322	95	96
322	97	97
322	98	99
322	100	101
322	102	104
322	105	105
322	106	106
322	107	108
322	109	110
322	111	112
322	113	113

323	0	0
323	1	1
323	2	2
323	5	6
323	7	8
323	9	10

324	0	2
324	3	3
324	4	5
324	6	7
324	8	9
324	10	11
324	12	14
324	15	15
324	16	17
324	18	19
324	20	20
324	21	22
324	23	24
324	25	25
324	26	27
324	28	29
324	30	30
324	31	32
324	33	34
324	35	36
324	37	39
324	40	40

325	0	0
325	1	1
325	2	2
325	5	6

326	0	0
326	1	1
326	2	2
326	3	3
326	4	4
326	7	8
326	9	9
326	10	11
326	12	13

327	0	1
327	2	2
327	3	3
327	4	4
327	5	5
327	6	6
327	8	9
327	10	10
327	11	13
327	14	15
327	16	16
327	17	17
327	18	19
327	20	21
327	22	23
327	24	25
327	26	26
327	27	27

328	0	0

330	0	1
330	2	2
330	3	7
330	9	9
330	10	13

331	0	0
331	1	1
331	3	7
331	8	9
331	10	11
331	12	13
331	14	15
331	17	18
331	19	19
331	20	21

334	0	1
334	3	4
334	5	6
334	7	8
334	9	10
334	11	12
334	13	14
334	15	15
334	16	17
334	18	18
334	20	21
334	22	23
334	24	25
334	26	27
334	28	29

335	0	0
335	1	2
335	3	3
335	5	6
335	7	8
335	9	10
335	11	12
335	13	14

336	0	0
336	1	3
336	4	4
336	5	5

337	1	2
337	4	5

338	0	1
338	2	3
338	5	7
338	9	12
338	14	17
338	19	21
338	23	23
338	24	27
338	28	28

340	0	0
340	1	1
340	2	2
340	3	3
340	4	4
340	7	8
340	9	10
340	11	12

341	0	1
341	2	3
341	4	5
341	6	6
341	7	7
341	8	9
341	10	11
341	12	12
341	13	14
341	15	16
341	17	17
341	18	19
341	20	20
341	21	21
341	22	22
341	23	24
341	25	25
341	26	26
341	27	27
341	28	28
341	29	32
341	33	33
341	34	34
341	35	35
341	36	37
341	38	38
341	39	39
341	40	41
341	42	45
341	46	46

342	0	0
342	1	1
342	2	2
342	3	7
342	8	8
342	9	9
342	10	10
342	11	12
342	13	13
342	14	14
342	15	16
342	17	19
342	20	20
342	21	21
342	22	23
342	24	25
342	26	27
342	28	29
342	30	30
342	31	31
342	32	33
342	34	35
342	36	37
342	38	38

343	0	0
343	1	1
343	2	3
343	5	5
343	6	7
343	8	9
343	10	11
343	12	12

344	0	0
344	1	1
344	2	2
344	3	3
344	4	4
344	7	7
344	8	10

345	0	0
345	1	3
345	4	4
345	5	6
345	7	10
345	11	11
345	12	13
345	14	14

346	0	0
346	1	1
346	2	2
346	3	3
346	4	4
346	7	8
346	9	9
346	10	11
346	12	13

347	0	4
347	6	7
347	8	9
347	10	10
347	11	12
347	13	14
347	15	15
347	16	17
347	18	18
347	19	19
347	20	20
347	21	21
347	22	24
347	25	25

348	0	0
348	1	1
348	3	7
348	8	9
348	10	11
348	12	13
348	14	15
348	17	18
348	19	19
348	20	20

350	0	1
350	2	3
350	5	6
350	7	8
350	9	10
350	12	13
350	14	15
350	16	17
350	19	20
350	21	22

351	0	1
351	2	2
351	4	6
351	8	10
351	12	14

352	0	1
352	2	5
352	6	6
352	7	8
352	9	9
352	10	10
352	11	12
352	13	13
352	14	15
352	16	16
352	17	17
352	18	21
352	22	22
352	23	24
352	25	25
352	26	26
352	27	28
352	29	29
352	30	32
352	33	34
352	35	36
352	37	38
352	39	39
352	40	41
352	42	42
352	43	44

353	0	1
353	2	2
353	3	7
353	8	8
353	9	9
353	10	11
353	12	13
353	14	14

354	0	0
354	1	1
354	2	2
354	5	7

355	0	0
355	1	1
355	2	2
355	3	3
355	4	4
355	7	7
355	8	9
355	10	10
355	11	13
355	14	14
355	15	17
355	18	19
355	20	20
355	21	22
355	23	24
355	25	25
355	26	26
355	27	28
355	30	35
355	36	36
355	38	39
355	40	40
355	41	45
355	46	46
355	47	48
355	49	49

356	0	0
356	1	1
356	2	2
356	3	3
356	4	4
356	7	8
356	9	10
356	11	11
356	12	12
356	13	13
356	14	15
356	16	17
356	18	18
356	19	19
356	20	20
356	22	22
356	23	24
356	25	25
356	26	26
356	27	28
356	29	31
356	32	32
356	33	33
356	34	35
356	37	38
356	39	39

357	0	0
357	2	2
357	4	4

358	0	0
358	1	1
358	2	2
358	5	6
358	7	8

359	0	0
359	1	1
359	2	2
359	3	3
359	4	4
359	7	8
359	9	10
359	11	12
359	13	14
359	15	15
359	17	17
359	18	18
359	20	21
359	22	24
359	25	25
359	26	27
359	28	28
359	30	30
359	31	31
359	33	34
359	35	36
359	37	37

360	0	0
360	1	1
360	2	3
360	4	5
360	6	6

361	0	0
361	1	1
361	2	3
361	4	4
361	5	5
361	6	7
361	8	9
361	10	10
361	11	12
361	13	13
361	14	14
361	15	16
361	17	18
361	19	20
361	21	21

362	0	0
362	1	1
362	2	3
362	4	4
362	5	6
362	7	8
362	9	10
362	11	12
362	13	13

363	0	0
363	1	1
363	2	3
363	4	5
363	6	7
363	8	9
363	10	10

364	0	0
364	1	1
364	2	3
364	4	4
364	5	5
364	6	7
364	8	8
364	9	10
364	11	12
364	13	14
364	15	18
364	20	21
364	22	22

365	0	0

367	0	1
367	2	2
367	3	7
367	9	9
367	10	13

368	0	0
368	1	1
368	2	3
368	4	5
368	6	7
368	8	9
368	10	10

369	0	0
369	1	1
369	2	3
369	4	5
369	6	7
369	8	9
369	10	11
369	12	12

370	0	0
370	1	1
370	2	3
370	4	5
370	6	7
370	8	9
370	10	10
370	11	11
370	12	13
370	14	15
370	16	17
370	18	18
370	19	19

371	0	0
371	1	1
371	2	3
371	4	5
371	6	7
371	8	9
371	10	10
371	11	14
371	15	15
371	16	16

372	0	0
372	1	1
372	2	3
372	4	5
372	6	7
372	8	8

373	0	0
373	1	1
373	2	4
373	5	6
373	7	7

374	0	0
374	1	1
374	2	4
374	5	5
374	6	7
374	8	9
374	10	11
374	12	12

375	0	0
375	1	1
375	2	3
375	4	5
375	6	7
375	8	9
375	10	10
375	11	13
375	14	14
375	15	16
375	17	17

376	0	0
376	1	1
376	2	3
376	4	6
376	7	9
376	10	11
376	12	12

377	0	0
377	1	1
377	2	3
377	4	5
377	6	6
377	7	8
377	9	9
377	10	11
377	12	13
377	14	14
377	15	16
377	17	17
377	18	19
377	20	20

378	0	0
378	1	1
378	2	3
378	4	6
378	7	8
378	9	9

379	0	0
379	1	1
379	2	3
379	4	5
379	6	7
379	8	8

380	0	0
380	1	1
380	2	3
380	4	5
380	6	7
380	8	8

381	0	0
381	1	1
381	2	3
381	4	5
381	6	7
381	8	9
381	10	10

382	0	0
382	1	1
382	2	3
382	4	5
382	6	6

383	0	0
383	1	1
383	3	4
383	5	6
383	7	7

384	0	0
384	1	1
384	3	3
384	4	4
384	5	6
384	7	7
384	8	8
384	9	10
384	11	12
384	13	13
384	14	14
384	15	15
384	16	17
384	18	19
384	20	20
384	21	22
384	23	23
384	24	24

385	0	0
385	1	1
385	2	2
385	3	3
385	4	4
385	7	8
385	9	10
385	11	12
385	13	14
385	15	15

386	1	1
386	2	2
386	4	5
386	6	7
386	8	9
386	10	11
386	12	12
386	14	14
386	15	15
386	17	18
386	19	20
386	21	22
386	23	24
386	25	26
386	27	27
386	29	29
386	30	30
386	32	33
386	34	35
386	36	37
386	38	39
386	40	41
386	42	42
386	44	44
386	45	45
386	47	48
386	49	50
386	51	52
386	53	54
386	55	56
386	57	57
386	59	59
386	60	60
386	62	63
386	64	65
386	66	67
386	68	68

387	0	0
387	1	1
387	2	3
387	4	4
387	5	6
387	7	8
387	9	9

388	0	0
388	1	1
388	2	3
388	4	5
388	6	6

389	0	0
389	1	1
389	2	3
389	4	5
389	6	6
389	7	8
389	9	10
389	11	11
389	12	13
389	14	14

390	0	0
390	1	1
390	2	2
390	3	3
390	4	4
390	7	8
390	9	10
390	11	12
390	13	14
390	15	15

391	0	1
391	2	3
391	4	4
391	5	7
391	8	9
391	10	11
391	12	12
391	13	14
391	15	15

392	0	0
392	1	1
392	2	2
392	5	6
392	7	8

393	0	0
393	1	1
393	2	2
393	3	3
393	4	4
393	7	8
393	9	10

394	2	2
394	3	4
394	5	6
394	7	8
394	9	9
394	10	10
394	11	11
394	12	12
394	13	13
394	14	16
394	17	18
394	19	20
394	21	22
394	23	24
394	26	27
394	28	28
394	29	33
394	34	34
394	35	35
394	36	36
394	37	38
394	39	39
394	40	44
394	45	45
394	46	46
394	47	47
394	48	49
394	50	50
394	51	54
394	55	55
394	56	57
394	58	58
394	59	60
394	61	62
394	63	63

395	0	0
395	1	1
395	2	2
395	3	3
395	4	4
395	7	8
395	9	10
395	11	12
395	13	14
395	15	15
395	16	16
395	17	18
395	19	20
395	21	22
395	23	23

396	2	2
396	3	4
396	5	6
396	7	7
396	8	9
396	10	10
396	11	13
396	14	15
396	16	16
396	17	17
396	18	18
396	19	20
396	21	21
396	22	23
396	24	24
396	25	26
396	27	27
396	28	29
396	30	30
396	31	31
396	32	33
396	34	34
396	35	36
396	37	37
396	38	39
396	40	40
396	41	42
396	43	43
396	44	44
396	46	47
396	48	49
396	50	50

397	2	3
397	4	5
397	6	7
397	8	11
397	12	12
397	13	13
397	14	15
397	16	18
397	19	19
397	20	22
397	23	23
397	24	24
397	25	26
397	27	28
397	29	29
397	30	31
397	32	32
397	33	34
397	35	36
397	37	38
397	39	40
397	41	42
397	43	43
397	44	45
397	46	47
397	48	48
397	49	49
397	50	50
397	51	52
397	53	53
397	54	54
397	55	56
397	57	58
397	59	59
397	60	61
397	62	63
397	64	65
397	66	66
397	67	68
397	69	69

399	0	0

401	0	1
401	2	2
401	3	7
401	9	9
401	10	13

403	0	1
403	2	2

404	1	1
404	2	2
404	3	6
404	7	7
404	9	9
404	10	10
404	11	13
404	14	14

405	0	0
405	1	1
405	3	6
405	7	7

406	0	0
406	1	1
406	3	4
406	5	6
406	7	8
406	9	10
406	11	11
406	12	12
406	13	14
406	15	16
406	17	18
406	19	19

407	2	3
407	4	5
407	7	8
407	9	9
407	10	10
407	11	12
407	13	13
407	14	16
407	17	17
407	18	19
407	20	21
407	22	23
407	24	24
407	25	25
407	26	27
407	29	30
407	31	33
407	34	34
407	35	36
407	37	38
407	39	40
407	41	41
407	42	42
407	43	45
407	46	47
407	48	49
407	50	51
407	52	53
407	54	58
407	60	60
407	61	61
407	62	63
407	64	64
407	65	69
407	70	70
407	71	71
407	72	74
407	75	76
407	77	78
407	79	80
407	81	82
407	83	87
407	89	89
407	90	90
407	91	92
407	93	93
407	94	98
407	99	99
407	100	100
407	101	103
407	104	105
407	106	107
407	108	109
407	110	111
407	112	116
407	118	118
407	119	119
407	120	121
407	122	122
407	123	127
407	128	128

408	0	0
408	1	2
408	3	4
408	6	6
408	7	7
408	8	10
408	11	12
408	13	14
408	15	15
408	16	17
408	18	19
408	20	21
408	23	24
408	25	25

409	0	0
409	1	1
409	2	2
409	3	3
409	4	4
409	7	8
409	9	10
409	11	12
409	13	14
409	15	15
409	16	19
409	20	20

410	2	3
410	4	5
410	6	7
410	8	8
410	9	10
410	12	13
410	14	14
410	15	16
410	17	18
410	19	20
410	21	21
410	22	23
410	24	24
410	25	26
410	27	28
410	29	30
410	31	31
410	32	32
410	33	33
410	34	36
410	37	37
410	38	38
410	39	39
410	40	40
410	41	42
410	44	44
410	45	47
410	49	50
410	51	51
410	52	52
410	53	53
410	54	55
410	56	57
410	58	59
410	60	61
410	62	62
410	63	64
410	65	65
410	66	67
410	68	69
410	70	71
410	72	72
410	73	74
410	75	76
410	77	77
410	78	79
410	80	81
410	82	82
410	83	83
410	84	84

411	0	1
411	2	3
411	4	5
411	6	7
411	8	9
411	10	10
411	11	11
411	12	13
411	14	14

413	0	1
413	2	2

414	1	1
414	2	2
414	3	6
414	7	7
414	9	9
414	10	10
414	11	14
414	15	15

415	0	0
415	1	1
415	2	3
415	4	5
415	6	6
415	7	7
415	8	9
415	10	11
415	12	12

416	1	1
416	2	2
416	3	7
416	8	8
416	10	10
416	11	11
416	12	15
416	16	16

417	0	0
417	1	1
417	3	7
417	8	8
417	9	10
417	11	12
417	13	15
417	17	20
417	21	22
417	23	24
417	25	25

418	0	1
418	2	3
418	5	5
418	6	7
418	8	9
418	10	11
418	12	13
418	14	14

419	0	0
419	1	1
419	2	3
419	4	5
419	6	6
419	7	10
419	11	11

420	0	0
420	1	1
420	2	3
420	4	5
420	6	6
420	7	8
420	10	10
420	11	12
420	13	14
420	15	15
420	16	16
420	17	17
420	18	18

421	0	0

423	0	0
423	1	1
423	2	2
423	3	3
423	4	7
423	9	9
423	10	13

424	0	0
424	1	2
424	4	5
424	6	6
424	7	7
424	8	9
424	10	11
424	12	12
424	13	13
424	14	15
424	16	16
424	17	17
424	18	18
424	19	19
424	20	21
424	22	22

425	0	0
425	1	1
425	2	2
425	3	3
425	4	4
425	7	8
425	9	10

426	0	1
426	2	3
426	4	4
426	5	5
426	6	8
426	9	10
426	11	12
426	13	13
426	14	14
426	15	16
426	17	17
426	18	18
426	19	19
426	21	22
426	23	24
426	25	25
426	26	27
426	28	29
426	30	30
426	31	32
426	33	33
426	34	37
426	38	38

427	0	1
427	2	2
427	3	7
427	8	8
427	9	10
427	11	12
427	13	13

428	2	5
428	7	8
428	9	10
428	11	11
428	12	12
428	13	15
428	16	16
428	17	18
428	19	20
428	21	21
428	22	22
428	23	23
428	24	25
428	26	26
428	27	30
428	31	32
428	33	34
428	35	35
428	36	36
428	37	38
428	39	40
428	41	42
428	43	43
428	44	46
428	47	47
428	48	49
428	50	51
428	52	52
428	53	54
428	55	55
428	56	57
428	58	59
428	60	61
428	62	62
428	63	65
428	66	66
428	67	68
428	69	70
428	71	71
428	72	72
428	73	73
428	74	75
428	76	76
428	77	78
428	79	80
428	81	82
428	83	83
428	84	84
428	85	86
428	87	88
428	89	90
428	91	91
428	92	93
428	94	94
428	95	96
428	97	98
428	99	99
428	100	102
428	103	103
428	104	105
428	106	107
428	108	108
428	109	109
428	110	110
428	111	112
428	113	113

429	0	0
429	1	1
429	2	2
429	3	3
429	4	4
429	7	8
429	9	10
429	11	12

430	0	0
430	1	2
430	3	3
430	5	6
430	7	7
430	8	12
430	13	13
430	14	14
430	15	15
430	16	16
430	17	18
430	19	20
430	21	21
430	22	23
430	24	24
430	25	26
430	27	28
430	29	29
430	30	30
430	31	33
430	34	34
430	35	35
430	36	36
430	37	39
430	40	40
430	41	41
430	42	42
430	43	45
430	46	46
430	47	47
430	48	48
430	49	51
430	52	52
430	53	53
430	54	54
430	55	57
430	58	58

431	0	0
431	1	1
431	2	4
431	5	5
431	6	6
431	7	7
431	8	10
431	11	11
431	12	12
431	13	13
431	14	16
431	17	17
431	18	18
431	19	19
431	20	22
431	23	23
431	24	24
431	25	25
431	26	28
431	29	29
431	30	30
431	31	31
431	32	34
431	35	35
431	36	36
431	37	37
431	38	40
431	41	41
431	42	42
431	43	43
431	44	46
431	47	47
431	48	48
431	49	49
431	50	52
431	53	53
431	54	55
431	56	57
431	58	59
431	60	60
431	61	62
431	63	63
431	64	65
431	66	66
431	67	67
431	68	69
431	70	71
431	72	73
431	74	75
431	76	78
431	79	80
431	81	81
431	82	83
431	84	85
431	86	87
431	88	88
431	89	89
431	90	91
431	92	93
431	94	94
431	95	95
431	96	98
431	100	100
431	101	102
431	103	104
431	105	105

432	0	0
432	1	1
432	2	2
432	3	3
432	4	4
432	6	6
432	7	7
432	8	9
432	10	10
432	11	11
432	12	13
432	14	15

433	2	3
433	4	4
433	5	6
433	7	8
433	9	10
433	11	11
433	12	14
433	15	15
433	16	16
433	17	18
433	19	19
433	20	20
433	21	22
433	23	23
433	24	27
433	28	28
433	29	29
433	30	31
433	32	33
433	34	34
433	35	35
433	36	37
433	38	39
433	40	40
433	41	42
433	43	44
433	45	47
433	48	48
433	49	50
433	51	52
433	53	56
433	57	57
433	58	58
433	59	60
433	61	62
433	63	63

434	0	0
434	3	4
434	5	5
434	6	7
434	8	8
434	9	10

435	0	0
435	1	1
435	2	2
435	5	6
435	7	7
435	8	9
435	10	11

436	0	0
436	1	1
436	2	2
436	3	3
436	4	4
436	7	9
436	10	11
436	12	13
436	14	14
436	15	16
436	17	17
436	18	18
436	19	20
436	21	21
436	22	23
436	24	25
436	26	26
436	27	28
436	29	29
436	30	31
436	32	33
436	34	34
436	35	36
436	37	37
436	38	38
436	39	40
436	41	41
436	42	43
436	44	45
436	46	46
436	47	48
436	49	49
436	50	51
436	52	53
436	54	54
436	55	56
436	57	58
436	59	59

437	0	0
437	1	1
437	2	2
437	3	3
437	4	4
437	7	8
437	9	10
437	11	11
437	12	13
437	14	14
437	15	16
437	17	17
437	18	18
437	19	20
437	21	21
437	22	23
437	24	26
437	27	27
437	28	30
437	31	31
437	32	34
437	35	35
437	36	36
437	37	37
437	38	39
437	40	41
437	42	42
437	43	43
437	44	45
437	46	47
437	48	49
437	50	50
437	51	52
437	53	54
437	55	56
437	57	57
437	58	58
437	59	60
437	61	61
437	62	62
437	63	64
437	65	65
437	66	67
437	68	68
437	69	70
437	71	72
437	73	73
437	74	75
437	76	76
437	77	77
437	78	79
437	80	81
437	82	83
437	84	84

438	0	0
438	1	1
438	2	2
438	3	3
438	4	4
438	7	8
438	9	10
438	11	11
438	12	12
438	13	14
438	15	15
438	16	16
438	17	18
438	19	19
438	20	20
438	21	21
438	22	23
438	24	24
438	25	26
438	27	28
438	29	29
438	30	31
438	32	33
438	34	34
438	35	36
438	37	37
438	38	38
438	39	40
438	41	42
438	43	43
438	44	45
438	46	47
438	48	48
438	49	50
438	51	52
438	53	53
438	54	55
438	56	56

439	0	0
439	1	1
439	2	2
439	3	3
439	4	4
439	7	9
439	10	10
439	11	12
439	13	14
439	15	15
439	16	17
439	18	19
439	20	21
439	22	23
439	24	24
439	25	25
439	26	26
439	27	28
439	29	30
439	31	31
439	32	34
439	35	35
439	36	37
439	38	38
439	39	39

440	0	0
440	1	1
440	2	2
440	3	3
440	4	4
440	7	10
440	11	11
440	12	15
440	16	16
440	17	18
440	19	19
440	20	21
440	22	23
440	24	24
440	25	25
440	26	27
440	28	29
440	30	30

441	0	0
441	1	1
441	2	2
441	5	6
441	7	8

442	0	0
442	1	1
442	2	2
442	3	3
442	4	4
442	7	8
442	9	9
442	10	11
442	12	12
442	13	13
442	14	14
442	16	16
442	17	18
442	19	19
442	20	21
442	22	22
442	23	24
442	25	25
442	26	27
442	28	28
442	29	30
442	31	32
442	33	34
442	35	36
442	37	38
442	39	39
442	40	40
442	42	43
442	44	44
442	45	46

443	0	4
443	5	5
443	6	10
443	11	12
443	13	13
443	14	15
443	16	17
443	18	18
443	19	21
443	22	23
443	24	24
443	25	26
443	27	28
443	29	29
443	30	31
443	32	33
443	34	34
443	35	35
443	36	36
443	37	39
443	40	41
443	42	43
443	44	44
443	45	46
443	47	47
443	51	51
443	52	52
443	53	54
443	55	56
443	57	58
443	59	59
443	60	60
443	61	62
443	63	65
443	66	67
443	68	69
443	70	70
443	71	71
443	72	73
443	74	74
443	75	78
443	79	79
443	80	80
443	81	81
443	82	83
443	84	85
443	86	87
443	88	89
443	90	90
443	91	92
443	93	94
443	95	95
443	99	99
443	100	101
443	102	102
443	103	104
443	105	106
443	107	108
443	109	109
443	110	111
443	112	112
443	113	114
443	115	115
443	116	116

444	0	0
444	1	1
444	2	2
444	3	3
444	4	4
444	7	9
444	10	10
444	11	12
444	13	14
444	15	16
444	17	18
444	19	20
444	21	23
444	24	24

445	0	0
445	1	1
445	2	2
445	3	3
445	4	4
445	7	9
445	10	10
445	11	12
445	13	14
445	15	16
445	17	17
445	18	19
445	20	20
445	21	24
445	25	25
445	26	27
445	28	30
445	31	31
445	32	33
445	34	35
445	36	36
445	37	37
445	38	39
445	40	41
445	42	42
445	43	44
445	45	45
445	46	46
445	47	48
445	49	49
445	50	50
445	51	52
445	53	55
445	56	56
445	57	58
445	59	60
445	62	62
445	63	63
445	64	64
445	65	65
445	66	67
445	68	69
445	70	70
445	71	72
445	73	73
445	74	75
445	76	76
445	77	77
445	78	79
445	80	82
445	83	83
445	84	85
445	86	86
445	87	87
445	88	89
445	90	91
445	92	93
445	94	95
445	96	97
445	98	98

448	0	0

450	0	1
450	2	2
450	3	7
450	9	9
450	10	13

457	0	2
457	3	4

459	0	0
459	2	2
459	5	5

460	0	0
460	1	3
460	4	5
460	6	6

461	0	4
461	5	6
461	7	7
461	8	9
461	10	11
461	12	14
461	15	16
461	17	17
461	18	20
461	21	22
461	23	25

463	0	0
463	1	1
463	2	2
463	3	3
463	4	4
463	6	7
463	8	8
463	9	10
463	11	12
463	13	15
463	16	17
463	18	18
463	19	21
463	22	23
463	24	26
463	27	28
463	29	29
463	30	31
463	32	32
463	33	33
463	34	34
463	35	35
463	36	36
463	38	39
463	40	41
463	42	44

464	0	0
464	1	1
464	2	4
464	5	5
464	6	7
464	8	9
464	10	10
464	11	12
464	13	14
464	15	16
464	17	18
464	19	19
464	20	21
464	22	22
464	23	24
464	25	25
464	26	26
464	27	28
464	29	30
464	31	31
464	32	32
464	33	34
464	35	36
464	37	39
464	40	40

465	0	2
465	3	6

466	0	2
466	3	3
466	4	4
466	5	6
466	7	7
466	8	9
466	10	10
466	11	12
466	13	13
466	14	14
466	15	16
466	17	17
466	18	19
466	20	21
466	22	22
466	24	24
466	25	25
466	26	26
466	27	27
466	28	28

467	0	2
467	3	3
467	4	4
467	5	7
467	8	9
467	10	12
467	13	14
467	15	15
467	16	17
467	18	19
467	20	21
467	23	23
467	24	24
467	25	25
467	26	26

468	0	0
468	2	2
468	3	3
468	4	4
468	7	9
468	10	11
468	12	14
468	15	16
468	17	17
468	18	19
468	20	21
468	23	24
468	25	25
468	26	27

471	0	1
471	3	4
471	5	6
471	7	8
471	9	10
471	11	12
471	13	14

472	0	0
472	1	2
472	3	3
472	5	6
472	7	8
472	9	10
472	11	12
472	13	14
472	15	16

473	0	0
473	1	2
473	3	3
473	5	6
473	7	8
473	9	10
473	11	12
473	13	14

474	0	0
474	1	3
474	4	4
474	5	5

477	0	1
477	2	2
477	4	4
477	5	5
477	7	7
477	8	8
477	9	9
477	11	11
477	12	12
477	13	13

478	1	1
478	2	2
478	3	3
478	5	5
478	6	6
478	7	7
478	9	9
478	10	10
478	11	11

479	1	1
479	2	2
479	3	3
479	5	5
479	6	6
479	7	7
479	9	9
479	10	10
479	11	11

480	0	1
480	2	2
480	4	4
480	5	5
480	7	7
480	9	9
480	10	10

481	0	0
481	1	1
481	2	3
481	4	5
481	6	7
481	8	10
481	11	12
481	13	15
481	16	16
481	17	18
481	19	20
481	21	21
481	22	23
481	24	25
481	26	26
481	27	28
481	29	30
481	31	31
481	32	33
481	34	35
481	36	36

482	0	2
482	3	3
482	4	4
482	5	6
482	7	7
482	8	9
482	10	11
482	12	12
482	13	15
482	16	16
482	17	17
482	18	18
482	19	19
482	20	20
482	22	22
482	23	23
482	24	27
482	28	28
482	29	29
482	30	30
482	31	31

483	0	2
483	3	3
483	4	4
483	5	6
483	7	8
483	9	10
483	11	12
483	13	13
483	14	15
483	16	16
483	17	17
483	18	18
483	19	19
483	20	20
483	21	21
483	22	22
483	23	23

484	0	2
484	3	3
484	4	4
484	5	6
484	7	8
484	9	10
484	11	11
484	12	13
484	14	15
484	16	17
484	18	19
484	20	20

485	0	2
485	3	3
485	4	4
485	5	6
485	7	8
485	9	10
485	11	11
485	12	15
485	16	16
485	17	18
485	19	20
485	21	21

486	0	0
486	1	1
486	2	3
486	4	5
486	6	7
486	8	8
486	9	10
486	11	12
486	13	14
486	15	15
486	16	17
486	18	19
486	20	20
486	21	22
486	23	24
486	25	25
486	26	27
486	28	29
486	30	31
486	32	35
486	36	36
486	37	40
486	41	42
486	43	44
486	45	45
486	46	47
486	48	48
486	52	53
486	54	55
486	56	57
486	58	58
486	59	60
486	61	62
486	63	63
486	64	64
486	65	66
486	67	68
486	69	70
486	71	71
486	72	73
486	74	74

487	0	2
487	3	3
487	4	4
487	5	7
487	8	9
487	10	12
487	13	13
487	14	14
487	15	16
487	17	17
487	18	19
487	20	21
487	22	22
487	23	24
487	25	26
487	27	28
487	29	30
487	31	32
487	33	33
487	34	34
487	35	35
487	36	36
487	37	37
487	38	38
487	39	39
487	40	41
487	42	43
487	44	45
487	46	46

488	0	0
488	1	1
488	2	3
488	4	5
488	6	7
488	8	8

489	0	2
489	3	3
489	4	4
489	5	6
489	7	8
489	9	10
489	11	11
489	12	12
489	13	13
489	14	15
489	16	16
489	17	18
489	19	19
489	20	20
489	21	22
489	23	24
489	25	25

490	0	2
490	3	3
490	4	4
490	5	7
490	8	9
490	10	12
490	13	14
490	15	15
490	16	17
490	18	18
490	19	20
490	21	21
490	22	23
490	24	25
490	26	26
490	27	27
490	29	29
490	30	30
490	31	31

491	0	2
491	3	3
491	4	5
491	6	7
491	8	9
491	10	11
491	12	12
491	13	14
491	15	15
491	16	16
491	17	18
491	19	20
491	21	21
491	22	22
491	23	24
491	25	25
491	26	26
491	27	27
491	28	28
491	29	30
491	31	31
491	32	33
491	34	34
491	35	36
491	37	37
491	38	38
491	39	39
491	40	40
491	41	42
491	43	44
491	45	46
491	47	47
491	48	48
491	50	51
491	52	53
491	54	54
491	55	55
491	56	57
491	58	58
491	59	59
491	60	60
491	61	61
491	62	63
491	64	65
491	66	66
491	67	68
491	69	69
491	70	70
491	71	71
491	72	72

492	0	0
492	1	1
492	2	2
492	3	3
492	4	4
492	6	7
492	8	9
492	10	11
492	12	12
492	13	13
492	14	15
492	16	17
492	18	18
492	19	20
492	21	21
492	22	22
492	23	23
492	24	24
492	25	25
492	26	26
492	27	27
492	28	28

493	0	0
493	1	1
493	2	2
493	3	3
493	4	5
493	8	9
493	10	11
493	12	13
493	14	14
493	15	15
493	16	17
493	18	18
493	19	20
493	21	21
493	22	22
493	24	24
493	25	25
493	26	26

494	0	2
494	3	4
494	5	6

495	0	2
495	3	3
495	4	4
495	5	6
495	7	8
495	9	10
495	11	12
495	13	13

496	0	0
496	1	1

498	0	0
498	1	1
498	2	2
498	3	3
498	4	4
498	5	7
498	9	9
498	10	10
498	11	11
498	12	12
498	13	13

499	0	0
499	1	1
499	3	4
499	5	7
499	8	8
499	9	10
499	11	11

500	1	1
500	2	2
500	4	5
500	6	7
500	8	9
500	10	10
500	11	11
500	12	13
500	14	15
500	16	16
500	18	18
500	19	19
500	21	24
500	25	25
500	26	26
500	27	28
500	29	30
500	31	31
500	33	33
500	34	34
500	36	37
500	38	40
500	41	42
500	43	43

501	0	0
501	1	1
501	3	4
501	5	5
501	6	6
501	7	8
501	9	10
501	11	12
501	13	13

502	0	0
502	1	1
502	3	4
502	5	5
502	6	6
502	7	8
502	9	9
502	10	11
502	12	13
502	14	15
502	16	17
502	18	18

503	0	0
503	1	1
503	3	4
503	5	6
503	7	8
503	9	10
503	11	12
503	13	13

504	0	0
504	1	1
504	3	4
504	5	6
504	7	8
504	9	10
504	11	11
504	12	12
504	13	14
504	15	16
504	17	18
504	19	19
504	20	20

505	0	0
505	1	1
505	3	4
505	5	6
505	7	8
505	9	9
505	11	11
505	12	12
505	14	15
505	16	17
505	18	19
505	20	20
505	22	22
505	23	23
505	25	27
505	28	29
505	30	30

506	0	0
506	1	1
506	3	5
506	6	6
506	7	8
506	9	10
506	11	12
506	13	13

507	0	0
507	1	1
507	2	2
507	3	3
507	4	4
507	6	7
507	8	9
507	10	11
507	12	13
507	14	14

508	0	0
508	1	1
508	3	4
508	5	6
508	7	8
508	9	9
508	10	10
508	11	12
508	13	14
508	15	15

509	0	0
509	1	1
509	3	4
509	5	6
509	7	8
509	9	10
509	11	12
509	13	13

510	0	0
510	1	1
510	2	2
510	3	3
510	4	4
510	6	7
510	8	9
510	10	11
510	12	13
510	14	14

511	0	0
511	1	1
511	3	4
511	5	6
511	7	7

512	1	1
512	2	2
512	4	5
512	6	7
512	8	8
512	9	9
512	10	11
512	12	13
512	14	14
512	16	16
512	17	17
512	19	20
512	21	22
512	23	24
512	25	25
512	26	26
512	27	28
512	29	30
512	31	31
512	33	33
512	34	34
512	36	37
512	38	39
512	40	40
512	41	41
512	42	43
512	44	45
512	46	46

540	0	0

542	0	0
542	1	1
542	2	2
542	3	3
542	4	4
542	5	7
542	9	9
542	10	10
542	11	11
542	12	12
542	13	13

546	0	0
546	2	2
546	4	4
546	6	6

547	0	0
547	1	1
547	2	2
547	4	4
547	5	5
547	6	6
547	7	7
547	8	8
547	9	9
547	10	10
547	11	11
547	12	12
547	13	13
547	15	16
547	17	19
547	21	21
547	22	22
547	23	24
547	25	25
547	26	27
547	28	30
547	31	31
547	32	34
547	35	36
547	37	38
547	39	39
547	40	41
547	42	43
547	44	45
547	46	47

548	0	0
548	1	1
548	2	2
548	4	4
548	5	5
548	6	6
548	7	7
548	8	8
548	9	9
548	10	10
548	11	11
548	13	14
548	15	16
548	17	18
548	19	19
548	20	20
548	21	21
548	22	22
548	23	23
548	24	25
548	26	27

549	0	0
549	1	1
549	2	2
549	4	4
549	5	5
549	6	6
549	7	7
549	8	8
549	9	9
549	10	10
549	11	11
549	13	15
549	16	17
549	18	19
549	20	21
549	22	23
549	24	24
549	25	26
549	27	28

550	0	0
550	1	1
550	2	2
550	4	4
550	5	5
550	6	6
550	7	7
550	8	8
550	9	9
550	10	10
550	11	11
550	13	14
550	15	16
550	17	18

551	0	0
551	1	1
551	2	2
551	4	4
551	5	5
551	6	6
551	7	7
551	8	8
551	9	9
551	10	10
551	11	11
551	13	14
551	15	18
551	19	21
551	22	25
551	26	27

552	0	0
552	1	1
552	2	2
552	4	4
552	5	5
552	6	6
552	7	7
552	8	8
552	9	9
552	10	10
552	11	11
552	12	12
552	13	13
552	14	14
552	16	17
552	18	19
552	20	20
552	21	22
552	23	23
552	24	25
552	26	28
552	29	29
552	30	31
552	32	32
552	33	34
552	35	36
552	38	38
552	39	39
552	40	41
552	42	42
552	43	44
552	45	45
552	46	47
552	48	48

553	0	1
553	2	3

554	0	0
554	1	1
554	2	2
554	4	4
554	5	5
554	6	6
554	7	7
554	8	8
554	9	9
554	10	10
554	11	11
554	12	12
554	13	13
554	14	14
554	16	17
554	18	19
554	20	20
554	21	22
554	23	23
554	24	25
554	26	28
554	29	29
554	30	31
554	32	32
554	33	34
554	35	36
554	38	38
554	39	39
554	40	41
554	42	42
554	43	44
554	45	46
554	47	47

555	0	0
555	1	1
555	2	3
555	4	6

593	0	0
593	1	1

