1	2	4
1	6	11

2	2	4

3	2	8
3	9	12
3	13	14

4	0	1
4	2	2
4	3	3
4	5	8
4	9	9
4	10	13

5	0	1
5	3	4
5	5	5
5	6	6
5	8	11
5	12	12
5	13	16

6	0	2
6	3	3
6	4	5
6	6	8

7	0	4
7	5	5
7	6	9
7	11	19
7	21	23
7	25	36

8	0	3
8	4	4
8	5	6
8	7	7
8	8	9
8	11	12

9	0	6
9	7	8
9	9	9
9	10	12
9	13	13
9	15	16

10	0	1
10	3	4

11	0	0
11	2	3
11	5	5

12	0	0
12	1	3
12	4	5
12	6	7
12	9	9

13	0	0
13	1	2
13	3	3
13	4	5
13	7	7

14	0	0
14	1	2
14	3	4
14	5	5
14	6	9
14	11	11

15	0	2
15	3	4
15	5	6
15	8	8

16	0	2
16	3	6
16	8	8

17	0	0
17	1	2
17	3	4
17	5	6
17	8	8

18	0	2
18	3	3
18	4	4
18	6	6

19	0	2
19	3	4
19	5	5
19	7	7

20	0	0
20	1	2
20	3	4
20	6	6

21	0	0
21	1	2
21	3	4
21	5	5
21	6	7
21	8	9
21	11	11

22	0	2
22	3	4
22	5	6
22	8	8

23	0	2
23	3	4
23	5	6
23	8	8

24	0	0
24	1	2
24	3	4
24	5	5
24	6	7
24	8	9
24	11	11

25	0	2
25	3	4
25	5	6
25	8	8

26	0	2
26	3	4
26	5	6
26	8	8

27	0	2
27	3	4
27	5	6
27	7	8
27	10	10

28	0	2
28	3	4
28	5	6
28	7	8
28	10	10

29	0	2
29	3	4
29	5	6
29	7	8
29	9	9
29	10	11
29	12	14
29	15	15
29	16	17
29	18	19
29	21	21

30	0	2
30	3	4
30	5	5
30	6	7
30	8	9
30	10	10
30	11	12
30	13	14
30	15	15
30	16	16
30	17	18
30	19	19
30	20	21
30	23	23

31	0	2
31	4	5
31	6	7
31	9	9

32	0	0
32	2	3
32	4	4
32	5	6
32	7	7
32	8	9
32	10	10
32	11	12
32	13	13
32	14	15
32	16	17
32	19	19

33	0	2
33	3	4
33	6	6

34	0	2
34	3	4
34	6	6

35	0	2
35	3	4
35	6	7

36	0	2
36	3	4
36	6	7

37	0	2
37	3	4
37	5	6
37	8	9

38	0	0
38	1	1
38	2	2
38	3	4
38	5	6
38	7	9
38	11	11
38	12	12
38	13	14
38	15	17
38	18	20
38	21	22
38	23	24
38	25	26
38	27	28
38	29	30
38	32	32
38	33	33
38	34	36
38	37	37
38	38	39
38	40	42
38	43	45
38	46	46
38	47	50
38	51	53
38	55	55
38	56	56
38	57	58
38	59	61
38	62	64
38	65	65
38	66	69
38	70	72

39	0	1
39	2	4
39	5	7
39	8	8
39	9	12
39	13	15

40	0	0
40	1	1
40	2	2
40	3	4
40	5	6
40	7	8
40	10	10

41	0	0
41	1	1
41	2	3
41	4	5
41	6	7
41	9	9
41	11	11
41	12	13
41	14	15
41	16	17
41	18	18
41	19	19
41	21	23
41	24	24
41	25	28
41	29	30
41	31	31
41	32	33
41	34	35
41	36	36

42	0	0
42	1	2
42	3	4
42	5	6
42	7	7
42	8	12
42	13	13
42	14	17
42	18	18
42	19	21
42	22	22
42	23	24
42	25	27
42	28	28
42	29	29
42	30	30
42	31	32
42	33	33
42	34	38
42	39	39
42	40	43
42	44	45
42	46	47
42	48	49
42	50	51
42	52	53
42	54	54

43	0	0
43	1	1
43	2	4
43	5	6
43	7	8
43	9	9
43	10	11
43	12	12
43	13	13
43	14	15
43	16	17
43	18	18
43	19	20
43	21	21

44	1	1
44	2	2
44	3	4
44	5	6
44	7	7
44	8	8
44	9	9
44	10	11
44	12	13
44	14	15
44	16	17
44	18	19
44	20	20
44	21	21
44	22	22
44	23	24
44	25	26
44	27	27
44	28	29
44	30	30
44	31	32
44	33	34
44	35	35
44	36	37
44	38	39
44	40	40
44	42	42
44	43	43
44	44	44
44	45	46
44	47	47
44	48	50
44	51	53
44	54	57
44	58	60
44	61	62
44	63	63
44	64	65
44	66	67
44	68	68
44	69	70
44	71	71
44	72	73
44	74	74
44	75	75
44	76	77
44	78	78
44	79	80
44	81	81
44	82	82

45	0	0
45	1	1
45	2	3
45	4	4
45	5	6
45	7	9
45	10	11
45	12	12
45	13	13
45	14	15
45	16	16
45	17	17
45	18	19
45	20	22
45	23	24
45	25	25
45	26	27
45	28	28
45	29	30
45	31	31

46	0	1
46	2	3
46	4	4
46	5	6
46	7	7
46	8	8
46	9	10
46	11	13
46	14	15
46	16	17
46	18	19
46	20	20
46	21	22
46	23	23

47	1	2
47	3	3
47	4	5
47	6	8
47	9	10
47	11	11
47	12	13
47	14	15
47	16	16
47	17	18
47	19	20
47	21	21

48	0	0
48	1	1
48	2	3
48	4	4
48	5	6
48	7	9
48	10	11
48	12	13
48	14	14
48	15	16
48	17	18
48	19	19
48	20	21
48	22	25
48	26	26

50	0	0
50	1	1
50	2	2
50	3	3
50	4	5
50	6	6
50	7	7
50	8	8
50	9	10
50	11	12
50	13	13
50	14	14
50	15	15
50	16	17
50	18	19
50	20	20
50	21	21
50	22	22
50	23	24
50	25	26
50	27	27
50	28	29
50	30	31
50	32	32
50	33	33
50	34	34
50	35	36
50	37	38
50	39	39
50	40	41
50	43	44
50	45	45
50	46	47
50	48	48
50	49	50
50	51	52
50	53	53
50	54	54
50	55	55
50	56	57
50	58	59
50	60	61
50	62	62
50	63	64
50	65	66
50	67	67

51	0	0
51	1	1
51	2	2
51	3	3
51	4	5
51	6	7
51	8	8
51	9	10
51	11	12
51	13	13
51	15	16
51	17	17
51	18	19
51	20	20
51	21	21
51	22	23
51	24	25
51	26	26
51	27	28
51	29	29

52	0	0
52	1	1
52	2	3
52	4	6
52	7	8
52	9	10
52	11	11
52	12	15
52	16	16
52	17	18
52	19	19
52	20	21
52	22	22
52	23	24
52	25	26
52	27	27
52	28	29
52	30	32
52	33	33
52	34	34
52	35	36
52	37	38
52	39	40
52	41	42
52	44	44
52	45	46
52	47	47
52	48	49
52	50	50
52	51	52
52	53	53
52	54	55
52	56	56

53	0	0
53	1	1
53	2	2
53	3	4
53	5	5
53	6	7
53	8	8
53	9	10
53	11	11
53	12	13
53	14	14
53	15	16
53	17	18
53	19	19
53	21	22
53	23	23
53	24	25
53	26	26
53	27	27
53	28	29
53	30	31
53	32	32
53	33	34
53	35	35

54	0	0
54	1	1
54	2	2
54	3	3
54	4	5
54	6	7
54	8	8
54	9	9
54	10	11
54	12	13
54	14	15
54	16	16
54	17	17
54	18	19
54	20	20
54	21	22
54	23	23
54	24	25
54	26	26
54	27	27

55	0	0
55	1	2
55	3	3
55	4	5
55	6	7
55	8	9
55	10	12
55	13	14
55	15	15

56	0	0
56	1	2
56	3	3
56	4	5
56	6	8
56	9	11
56	12	13
56	14	16
56	17	17
56	18	20
56	21	21
56	22	25
56	26	26
56	27	28
56	29	29

57	9	9
57	10	11
57	12	13
57	14	15
57	16	16
57	17	18
57	19	21
57	22	24
57	25	26
57	27	30
57	31	31
57	32	33
57	34	35
57	36	37
57	38	41
57	42	42
57	43	44
57	45	46
57	47	50
57	51	51
57	53	53
57	54	55
57	56	56
57	57	58
57	59	60
57	61	62
57	63	64
57	65	68
57	69	69
57	70	71
57	72	72
57	73	74
57	75	75
57	76	77
57	78	81
57	82	82
57	83	84
57	85	86
57	87	88
57	89	90
57	91	94
57	95	95
57	96	97
57	99	100
57	101	102
57	103	105
57	106	107
57	108	111
57	112	112
57	113	114
57	115	116
57	117	118
57	119	120
57	121	124
57	125	125
57	126	127
57	128	129
57	130	132
57	133	136
57	137	138
57	139	139
57	140	141
57	142	143
57	145	145
57	146	147
57	148	150
57	151	151
57	152	153
57	154	155
57	156	157
57	158	161
57	162	162
57	163	165
57	166	167
57	168	170
57	171	174
57	175	176
57	177	177
57	178	179
57	180	183
57	184	187
57	188	189
57	191	192
57	193	193
57	194	195
57	196	197
57	198	199
57	200	201
57	202	203
57	204	207
57	208	208
57	209	211
57	212	213
57	214	216
57	217	218
57	219	222
57	223	223

58	9	9
58	10	11
58	12	13
58	14	16
58	17	17
58	18	19
58	20	20
58	21	23
58	24	24
58	25	27
58	28	28
58	29	30
58	31	31
58	32	34
58	35	35
58	36	38
58	39	39
58	40	42
58	43	43
58	44	45
58	46	46
58	47	48
58	49	49
58	50	50
58	51	51
58	53	53
58	54	54
58	55	57
58	58	58
58	59	60
58	61	61
58	62	62
58	63	65
58	66	66
58	67	68
58	69	69
58	70	71
58	72	72
58	73	75
58	76	76

59	0	0
59	1	2
59	3	3
59	4	7
59	8	8
59	9	10
59	11	12
59	13	13
59	14	17
59	18	18
59	19	21
59	22	23
59	24	24
59	25	26
59	27	27
59	28	30
59	31	32
59	33	33

60	0	2
60	3	3
60	4	5
60	6	8

61	0	0
61	1	2

62	10	10
62	11	14
62	15	15
62	16	17
62	18	20
62	21	21
62	22	23
62	24	24
62	25	26
62	27	27
62	28	29
62	30	31
62	32	32
62	33	36
62	37	37
62	38	39
62	40	41
62	42	43
62	44	44
62	45	46
62	47	48
62	49	49
62	50	51
62	52	52
62	54	55
62	56	57
62	58	59
62	60	60
62	61	62
62	63	64
62	65	65
62	66	67
62	68	69
62	70	70
62	71	72
62	73	73
62	74	75
62	76	76
62	77	78
62	79	79
62	80	81
62	82	82
62	83	84
62	85	86
62	87	87

63	0	0
63	1	2
63	3	4
63	5	5
63	6	8
63	9	11
63	12	12
63	13	14
63	15	17
63	18	18
63	19	20
63	21	22
63	23	25
63	26	26
63	27	27

64	0	0
64	1	3
64	4	5
64	6	7

65	10	11
65	12	13
65	14	15
65	16	16
65	17	18
65	19	19
65	20	21
65	22	22
65	23	26
65	27	27
65	28	28
65	29	30
65	31	31
65	32	33
65	34	34
65	35	36
65	37	38
65	39	39
65	40	41
65	42	43
65	44	44
65	45	46
65	47	48
65	49	50
65	51	52
65	53	53
65	55	56
65	57	58
65	59	60
65	61	61
65	62	63
65	64	65
65	66	66
65	67	67
65	68	69
65	70	71
65	72	72
65	73	74
65	75	76
65	77	77
65	78	79
65	80	80
65	81	81
65	82	83
65	84	85
65	86	87
65	88	88

66	0	1
66	2	2
66	3	3
66	5	7
66	9	10
66	11	12
66	13	14
66	15	16

67	0	1
67	2	2
67	3	3
67	5	10
67	11	11
67	12	15
67	16	17
67	18	19
67	20	23
67	24	25
67	26	27

68	0	1
68	2	2
68	3	3
68	5	10
68	11	12
68	13	14
68	15	16
68	17	18
68	20	20
68	21	21
68	22	23
68	24	24
68	25	25
68	26	27
68	28	29
68	30	30
68	31	31
68	32	34
68	35	35
68	36	37
68	38	38
68	39	40
68	41	42
68	43	44
68	45	46

69	0	1
69	2	2
69	3	3
69	5	9
69	11	12

70	0	0
70	1	2
70	3	3
70	4	5

71	0	1
71	2	3
71	4	4
71	5	6
71	7	8
71	9	10
71	11	12
71	13	13

72	0	2

73	0	1
73	2	4
73	6	10
73	11	11
73	12	15
73	17	24

74	0	2
74	3	5
74	6	7
74	8	8
74	9	10
74	11	14
74	15	15
74	16	17
74	18	19
74	20	20
74	21	23
74	24	25
74	26	26

75	0	0
75	1	2
75	3	4
75	5	5
75	6	9

76	0	2
76	3	4
76	5	6

77	0	2
77	3	3
77	4	4
77	5	5
77	6	7
77	8	9
77	10	11
77	12	12

78	0	0
78	1	1
78	3	5
78	6	6
78	7	8
78	9	9
78	10	10
78	11	13
78	14	15
78	16	17
78	18	18

79	0	0
79	1	1
79	3	3
79	4	5
79	6	6
79	7	7
79	8	9
79	10	10
79	11	13
79	14	15
79	16	17
79	18	18

80	0	2
80	3	3
80	4	4
80	5	5
80	6	7
80	8	9
80	10	11
80	12	12

81	0	0
81	1	1
81	3	5
81	6	6
81	7	10
81	11	11
81	12	12

82	0	0
82	1	1
82	3	5
82	6	6
82	7	10
82	11	11
82	12	12

83	0	0
83	1	1
83	3	4
83	5	7
83	8	8
83	9	12
83	13	13
83	14	14

84	0	2
84	3	3
84	4	4
84	5	5
84	6	7
84	8	9
84	10	10

85	0	0
85	1	1
85	3	4
85	5	6
85	7	8
85	9	9

86	0	0
86	1	1
86	3	4
86	5	6
86	7	8
86	9	9
86	10	11
86	12	13
86	14	15
86	16	17
86	18	18

87	0	2
87	3	3
87	4	4
87	5	6
87	7	7
87	8	9
87	10	10

88	0	0
88	1	1
88	3	4
88	5	5
88	6	6
88	7	7
88	8	13
88	14	14

89	0	0
89	1	1
89	3	4
89	5	5
89	6	6
89	7	7
89	8	8
89	9	11
89	13	15

90	0	2
90	3	3
90	4	4
90	5	5
90	6	7
90	8	9
90	10	10

91	0	0
91	1	1
91	3	5
91	6	6

92	0	0
92	1	1
92	3	5
92	6	6

93	0	2
93	3	3
93	4	4
93	5	5
93	6	7
93	8	9
93	10	11
93	12	12

94	0	0
94	1	1
94	3	4
94	5	5
94	6	6

95	0	0
95	1	1
95	3	4
95	5	6
95	7	7
95	8	8

96	0	0
96	1	1
96	3	4
96	5	6
96	7	8
96	9	9
96	10	10

97	0	2
97	3	6

98	0	2
98	3	3
98	4	4
98	5	7
98	8	10
98	11	14
98	15	15
98	16	17
98	18	18
98	19	19

99	0	0
99	2	2
99	3	3
99	4	4
99	6	6
99	8	8

100	1	2
100	3	4
100	5	6
100	7	8
100	9	9
100	10	10
100	11	14
100	15	15
100	16	16
100	17	18
100	19	19
100	20	20
100	21	24
100	25	25
100	26	26
100	27	28
100	29	29
100	31	31
100	32	32
100	33	33
100	34	37
100	38	39
100	40	40
100	41	41
100	42	42
100	43	43
100	45	46
100	47	48
100	49	49
100	50	51
100	52	52

101	1	1
101	2	2
101	3	3
101	4	5
101	6	6
101	7	8
101	9	9
101	10	11
101	12	12

102	1	2

103	1	1
103	2	3
103	4	4
103	5	6
103	7	7
103	8	9
103	10	10
103	11	12
103	13	13

104	1	2
104	3	3
104	4	5
104	6	7
104	8	8
104	9	9
104	11	12
104	13	13
104	14	14
104	15	16
104	17	17

105	1	2
105	3	4
105	5	5
105	6	8
105	9	9
105	10	10
105	11	11
105	12	12
105	13	14
105	15	15
105	16	16
105	17	17

106	1	2
106	3	5

107	0	1
107	2	2
107	3	3

108	0	1
108	2	3
108	4	4
108	6	8
108	10	11
108	12	12
108	13	14
108	15	15
108	16	17
108	18	18
108	19	19
108	20	20
108	21	21
108	22	22
108	23	25
108	27	28
108	29	29
108	30	31
108	32	32
108	33	36
108	37	37
108	38	38
108	39	40
108	41	42
108	43	43
108	44	45
108	46	48
108	49	49
108	50	53
108	54	54
108	55	55

109	0	5
109	6	6
109	7	8
109	9	9
109	10	15

110	0	1
110	2	2
110	3	3

111	0	1
111	2	3
111	4	6
111	8	9
111	10	10
111	11	12
111	13	13
111	14	14
111	15	15
111	16	16
111	17	17
111	18	18
111	19	19
111	20	22
111	24	25
111	26	26
111	27	28
111	29	30
111	31	32
111	33	33
111	34	35
111	36	37
111	38	39
111	40	40
111	41	43
111	44	45
111	46	48
111	49	49
111	50	53
111	54	54
111	55	55

112	0	5
112	6	6
112	7	7
112	8	8
112	9	12

113	0	2
113	3	3
113	4	4
113	5	7
113	8	10
113	11	14
113	15	15
113	16	17
113	18	18
113	19	19

114	0	1
114	3	3
114	4	4
114	5	5
114	6	6
114	7	7
114	9	9
114	11	11
114	12	12
114	13	13
114	14	14
114	15	15
114	16	16
114	18	18

115	1	2
115	3	4
115	5	6
115	7	8
115	9	9
115	10	10
115	11	14
115	15	15
115	16	16
115	17	18
115	19	19

116	1	1
116	2	5
116	6	6
116	7	7
116	8	9
116	10	10
116	11	11
116	12	12
116	13	13
116	14	17
116	18	19
116	20	20
116	21	21
116	22	22
116	23	23
116	25	26
116	27	28
116	29	29
116	30	31
116	32	32

117	1	1
117	2	2
117	3	3
117	4	5
117	6	6
117	7	8
117	9	9
117	10	11
117	12	12

118	1	1
118	2	3
118	4	4

119	0	0
119	1	2
119	3	3

120	0	1
120	2	3
120	4	4
120	5	5
120	6	7
120	8	8
120	9	10
120	11	11
120	12	13
120	14	14

121	0	0
121	1	1
121	2	3
121	4	4
121	5	5
121	6	7
121	8	8
121	9	10
121	11	11
121	12	13
121	14	14

122	0	0
122	1	2
122	3	4
122	5	7

123	0	1
123	2	2

124	8	8
124	9	9
124	10	11
124	12	13
124	14	14
124	16	18
124	20	21
124	22	22
124	23	23
124	24	25
124	26	27
124	28	29
124	30	30
124	31	31
124	32	33
124	34	35
124	36	37
124	38	38
124	40	42
124	44	45
124	46	46
124	47	47
124	48	49
124	50	51
124	52	52
124	53	53
124	54	54
124	55	55
124	56	56
124	57	57
124	58	60
124	62	63
124	64	64
124	65	66
124	67	67
124	69	72
124	73	73
124	74	74
124	75	75
124	76	76
124	77	77
124	78	79
124	80	81
124	82	84
124	85	85
124	86	89
124	90	90
124	91	91
124	92	97
124	99	99
124	100	103
124	104	104
124	106	106
124	107	108
124	110	110
124	111	111
124	112	112
124	114	114
124	115	119
124	120	120

126	2	2
126	3	4
126	5	6
126	7	8

127	2	4
127	5	5
127	6	6

128	0	1
128	2	3
128	4	4
128	5	7
128	8	8
128	9	9
128	10	10
128	11	11
128	12	14
128	16	17
128	18	18
128	19	21
128	23	24
128	25	25
128	27	29
128	31	32
128	33	33
128	34	36
128	38	39
128	40	40
128	41	43
128	45	47

129	2	4
129	5	6
129	7	7

130	0	1
130	2	3
130	4	4
130	5	7
130	8	9
130	10	10
130	11	11
130	12	12
130	13	13
130	14	16
130	18	19
130	20	20
130	21	21
130	23	25
130	27	28
130	29	29

131	1	1
131	2	3
131	4	5

132	1	3
132	4	6
132	7	7
132	8	9
132	10	11
132	12	12
132	13	13
132	14	15
132	16	19
132	20	22
132	23	23
132	24	25
132	26	27
132	28	28
132	29	29
132	30	31
132	32	33
132	35	36
132	37	37

133	1	3
133	4	6
133	7	7
133	8	8
133	9	9
133	10	11
133	12	14
133	15	15
133	16	17
133	18	20
133	21	21
133	22	22
133	23	24
133	25	26
133	27	27
133	28	28
133	29	29
133	30	31
133	32	32
133	33	34
133	35	36
133	37	37
133	38	38
133	39	40
133	41	43
133	45	46
133	47	47
133	49	51
133	52	52
133	53	53
133	54	54
133	55	57
133	58	58
133	59	60
133	61	63
133	64	64
133	65	65
133	66	67
133	68	68
133	69	70
133	71	72
133	73	73
133	74	74
133	75	76
133	77	77
133	78	79
133	80	81
133	82	82
133	83	83
133	84	85
133	86	86
133	87	88
133	89	90
133	91	91
133	93	94
133	95	95
133	96	96

135	0	2
135	3	5
135	6	6
135	7	9
135	10	11
135	12	12
135	13	14
135	15	16
135	17	17
135	18	19
135	20	21
135	22	22
135	23	24
135	25	25
135	26	26
135	27	27
135	28	29
135	30	30
135	31	33
135	34	36
135	37	37
135	38	38
135	39	40
135	41	41
135	42	43
135	44	44

136	0	1
136	2	2
136	3	3
136	4	4
136	5	5
136	6	8
136	9	10
136	11	12
136	13	14
136	15	16
136	17	17
136	18	20
136	21	21
136	22	22
136	23	24
136	25	25
136	26	26
136	27	28
136	29	30
136	31	31
136	33	33
136	34	35
136	36	36
136	37	39
136	40	41
136	42	42
136	43	44
136	45	46
136	48	50
136	52	54
136	56	58
136	59	61
136	62	63
136	64	66
136	67	67
136	68	69
136	70	71
136	72	73
136	74	74

137	1	3
137	4	6
137	7	7
137	8	9
137	10	11
137	12	13
137	14	15
137	16	16
137	17	17
137	18	19
137	20	20
137	21	23
137	24	25
137	26	26
137	27	28
137	29	29
137	30	31
137	32	33
137	34	35
137	36	36
137	37	37
137	38	39
137	40	40
137	41	41
137	43	44
137	45	45
137	46	47
137	48	48
137	49	49
137	51	51
137	52	54
137	55	56
137	57	57
137	58	59
137	60	61
137	62	62
137	63	63
137	64	65
137	66	66
137	67	67
137	69	71

138	1	3
138	4	6
138	7	7
138	8	9
138	10	10
138	11	12
138	13	14
138	15	15
138	16	17
138	18	18
138	19	19
138	20	21
138	22	22
138	23	23
138	24	25
138	26	26
138	27	28
138	29	30
138	31	31
138	32	33
138	34	35
138	36	36
138	37	39
138	40	41
138	42	42
138	43	44
138	45	45
138	46	46
138	48	49
138	50	50
138	51	53
138	54	55
138	56	56
138	57	58
138	59	59
138	60	61
138	62	65
138	66	66
138	67	68
138	69	69
138	70	70
138	71	71
138	72	72
138	73	74
138	75	75
138	76	77
138	78	78
138	79	79
138	80	80
138	81	82
138	83	83

139	0	2
139	3	5
139	6	6
139	7	7
139	8	9
139	10	11
139	12	12
139	13	14
139	15	15
139	16	16
139	17	17
139	18	21
139	22	22
139	23	24
139	25	26
139	27	27
139	28	29
139	30	30
139	31	32
139	33	34
139	35	35
139	36	37
139	38	38
139	39	39
139	40	41
139	42	43
139	44	44

140	1	2
140	3	3
140	4	4
140	5	6
140	7	7
140	8	8
140	9	10
140	11	11
140	12	13
140	14	14
140	15	16
140	17	17
140	18	19
140	20	20
140	21	22
140	23	23
140	24	25
140	26	27
140	28	28
140	29	30
140	31	32
140	33	34
140	35	37
140	38	39
140	40	41
140	42	42
140	43	44
140	45	45
140	47	49
140	50	50
140	51	52
140	53	53
140	54	54

141	0	2
141	3	4
141	5	6
141	7	7
141	8	9
141	10	11
141	12	12
141	13	14
141	15	16
141	17	18
141	19	19
141	20	21
141	22	23
141	24	25
141	26	26
141	27	28
141	29	31
141	32	32
141	33	34
141	35	36
141	37	37
141	38	38
141	39	40
141	41	42
141	43	43
141	44	44
141	45	45

142	0	0
142	1	1
142	2	3
142	4	4
142	5	5
142	6	7
142	8	9
142	10	10
142	11	11
142	12	13
142	14	15
142	16	17
142	18	18
142	19	20
142	21	21
142	22	22
142	23	24
142	25	27
142	29	31
142	33	35
142	36	38
142	39	39
142	40	40
142	41	42
142	43	48
142	49	50
142	51	51
142	52	53
142	54	54
142	55	58
142	59	59
142	60	64
142	65	65
142	66	66
142	67	69
142	70	70
142	71	73
142	74	75
142	76	76
142	77	79
142	80	81

143	0	1
143	2	3
143	4	4
143	5	6
143	7	9
143	10	11
143	12	13
143	14	14
143	15	16
143	17	18
143	19	19

144	1	4
144	5	7
144	8	8
144	9	9
144	10	10
144	11	12
144	13	14
144	15	15
144	16	17
144	18	19
144	20	21
144	22	22
144	23	24
144	25	25
144	26	28
144	29	29
144	30	30
144	31	32
144	33	34
144	36	37
144	38	38
144	39	42
144	43	43
144	44	45
144	47	47
144	48	48
144	49	50
144	52	53
144	54	54
144	55	57
144	58	59
144	60	60

145	1	4
145	5	7
145	8	8
145	9	10
145	11	12
145	13	14
145	15	16
145	17	17
145	18	18
145	19	20
145	21	22
145	23	24
145	25	26
145	27	27
145	28	29
145	30	31
145	32	33
145	34	34
145	35	36
145	37	38
145	39	39
145	40	41
145	42	42
145	43	43
145	44	45
145	46	46
145	48	48
145	49	49
145	50	51
145	52	53
145	54	54
145	55	56
145	57	58
145	59	59
145	60	61
145	62	63
145	64	64
145	66	68
145	70	71
145	72	73
145	74	74
145	75	77
145	78	78
145	79	80
145	81	82
145	83	84
145	85	85
145	86	86
145	87	88
145	89	92
145	93	93

146	1	4
146	5	6
146	7	8
146	9	9
146	11	15
146	16	16
146	17	18
146	19	20
146	21	22
146	23	24
146	25	26
146	27	28
146	29	29
146	30	33
146	34	36
146	37	37
146	38	38
146	39	40
146	41	42
146	43	45
146	46	46
146	47	49
146	50	50
146	52	54
146	55	56
146	57	58
146	59	60
146	61	62
146	63	63
146	64	65
146	66	68
146	69	69
146	70	70
146	71	72
146	73	74
146	75	75
146	76	78
146	79	80
146	81	82
146	83	83
146	84	84
146	85	86
146	87	88
146	89	90
146	91	91
146	92	93
146	94	94
146	95	96
146	98	99
146	100	101
146	102	102
146	103	104
146	105	106
146	107	107

147	0	3
147	4	5
147	6	7
147	8	9
147	10	10
147	11	13
147	14	15
147	16	17
147	18	19
147	20	21
147	22	22

148	0	0
148	1	1
148	2	2
148	3	4
148	5	6
148	7	7
148	8	9
148	10	11
148	12	12
148	13	14
148	15	16
148	17	17
148	18	18
148	20	21
148	22	22
148	23	24
148	25	25
148	26	26
148	27	28
148	29	30
148	31	32
148	33	34
148	35	36
148	37	38
148	39	39
148	40	41
148	42	42
148	44	44
148	45	45
148	46	47
148	48	48

149	0	0
149	1	1
149	3	3
149	4	5
149	6	7
149	8	8
149	9	10
149	11	12
149	13	14
149	15	16
149	18	20
149	21	21
149	22	22
149	23	24
149	25	26
149	27	27
149	28	29
149	30	30
149	31	33
149	34	34
149	35	37
149	38	38
149	39	40
149	41	42
149	43	43

150	0	0
150	1	1
150	3	4
150	5	5
150	6	6
150	7	8
150	9	9
150	10	10
150	11	14
150	15	15
150	16	17
150	18	19
150	20	20
150	21	22
150	23	24
150	25	25
150	26	26
150	28	33
150	34	34
150	35	36
150	37	37

151	0	0
151	1	2
151	3	4
151	5	5
151	6	7
151	8	9

152	0	2
152	3	4
152	5	6

153	0	2
153	3	3
153	4	4
153	5	6
153	7	8

154	0	0
154	1	2
154	3	5
154	6	6
154	7	8
154	9	10
154	11	11
154	12	13
154	14	14

155	0	2
155	3	3
155	4	4
155	5	6
155	7	8

156	9	9
156	10	11
156	12	14
156	15	15
156	16	17
156	18	19
156	20	20
156	21	23
156	24	24
156	25	25
156	26	26
156	27	27
156	28	29
156	30	30
156	31	32
156	33	34
156	35	35
156	36	36
156	37	37
156	38	39
156	40	40
156	41	42
156	43	46
156	47	48
156	49	49
156	50	52
156	53	53
156	55	55
156	56	57
156	58	58
156	59	60
156	61	62
156	63	64
156	65	66
156	67	67
156	68	69
156	70	70

157	9	10
157	11	12
157	13	13
157	14	14
157	15	17
157	18	18
157	19	20
157	21	22
157	23	23
157	24	25
157	26	26
157	27	28
157	29	30
157	31	32
157	33	33
157	34	35
157	36	36
157	37	38
157	39	40
157	41	42
157	43	44
157	45	46
157	47	47
157	48	48
157	49	50
157	51	51
157	53	53
157	54	55
157	56	57
157	58	58

158	0	0
158	1	1
158	3	3
158	4	5
158	6	6
158	7	8
158	9	10
158	11	12
158	13	14
158	15	15
158	16	17
158	18	19
158	20	21
158	22	22

159	0	0
159	1	1
159	3	4
159	5	6
159	7	7
159	8	9
159	10	10
159	11	12
159	13	13
159	14	15
159	16	17
159	18	18
159	19	19
159	20	21
159	22	23
159	24	25
159	26	27
159	28	28

160	0	0
160	1	1
160	3	4
160	5	5
160	6	7
160	8	10
160	11	11
160	12	13
160	14	15
160	16	16

161	0	0
161	1	1
161	3	4
161	5	6
161	7	8
161	9	9
161	10	11
161	12	13
161	14	15
161	16	17
161	18	18
161	19	20
161	21	22
161	23	23

162	0	0
162	1	1
162	3	4
162	5	6
162	7	10
162	11	12
162	13	14
162	15	15

163	0	1
163	2	3
163	4	5
163	6	7
163	8	9
163	10	11
163	12	14
163	15	15
163	16	17
163	19	19
163	20	21
163	22	22
163	23	24
163	25	26
163	27	27

164	9	10
164	11	12
164	13	13
164	14	15
164	16	17
164	18	18
164	19	20
164	21	21
164	22	22
164	24	29
164	30	30
164	31	32
164	33	34
164	35	36
164	37	38
164	39	40
164	41	41
164	42	43
164	44	45
164	46	47
164	48	48
164	49	50
164	51	51
164	52	52
164	53	54
164	55	56
164	57	57
164	59	59
164	60	60
164	61	63
164	64	64
164	65	65
164	67	68
164	69	69

165	0	2
165	3	4
165	5	6
165	8	10
165	11	11
165	12	12
165	13	14
165	15	16

166	0	2
166	3	3
166	4	5
166	6	7
166	8	9
166	10	11
166	12	12

167	0	0
167	1	1
167	3	4
167	5	6
167	7	7
167	8	8
167	9	11
167	12	12
167	13	13

168	0	0
168	1	1
168	3	4
168	5	6
168	7	7
168	8	8
168	9	9
168	10	10
168	11	11
168	12	12
168	13	13

169	0	0
169	1	1
169	3	4
169	5	6
169	7	8
169	9	9
169	10	10
169	11	13
169	14	14
169	15	15

170	0	2
170	3	3
170	4	4
170	5	6
170	7	8

171	0	2
171	3	4
171	5	6
171	7	9
171	10	10
171	11	11
171	12	12
171	13	14
171	15	16
171	17	18
171	19	19
171	20	20
171	21	22
171	23	24
171	25	26
171	27	28
171	29	30
171	31	31

172	0	0
172	1	1
172	3	4
172	5	6
172	7	8
172	9	9
172	10	10
172	11	13
172	14	14
172	15	15

173	0	0
173	1	1
173	3	4
173	5	6
173	7	8
173	9	9
173	10	10
173	11	13
173	14	14
173	15	15

174	0	0
174	1	1
174	3	4
174	5	7
174	8	8
174	9	10
174	11	12
174	13	13
174	14	14
174	15	17
174	18	18
174	19	19

175	0	0
175	1	1
175	3	4
175	5	5
175	6	7
175	8	9
175	10	10
175	11	12
175	13	14
175	15	15
175	16	16
175	17	18
175	19	19
175	20	21
175	22	22
175	23	23
175	24	26
175	27	27
175	28	28

176	0	0
176	1	1
176	3	4
176	5	6
176	7	7
176	8	8
176	9	11
176	12	12
176	13	13

177	0	0
177	1	2
177	3	4
177	5	5
177	6	7
177	8	9

178	0	2
178	4	5
178	6	7

179	0	1
179	2	2
179	3	4
179	5	6
179	7	8
179	9	10
179	11	12
179	13	15
179	16	16
179	17	17
179	18	19
179	20	20
179	21	22
179	23	24
179	25	26
179	27	27
179	28	29
179	30	32
179	33	33
179	34	36
179	37	37
179	38	39
179	40	40

186	0	2
186	3	4
186	5	6

187	9	11
187	12	12
187	13	14
187	15	16
187	17	17
187	18	18
187	19	20
187	21	22
187	23	23
187	24	25
187	26	29
187	30	30
187	31	32
187	33	34
187	35	36
187	37	37
187	38	39
187	40	40
187	41	41
187	42	42
187	43	43
187	44	45
187	46	48
187	49	49
187	50	51
187	52	53
187	54	57
187	58	58
187	59	59
187	60	60
187	62	63
187	64	64
187	65	65
187	66	67
187	68	68
187	69	69
187	70	70
187	72	72
187	73	73
187	74	76
187	77	77
187	78	79
187	80	81
187	82	83
187	84	84
187	85	86
187	87	88
187	89	90
187	91	91
187	92	92
187	93	94
187	95	97
187	99	99
187	100	100
187	101	101
187	102	102
187	103	104
187	105	106
187	107	108
187	109	110
187	111	111

188	0	1
188	2	3
188	4	4
188	5	6
188	7	8
188	9	9
188	10	11
188	12	12
188	13	13
188	14	14
188	15	16
188	17	18
188	19	19
188	20	21
188	22	23
188	24	26
188	27	27
188	28	29
188	30	31
188	32	33
188	34	34
188	35	36
188	37	38
188	39	39
188	40	41
188	42	43

189	0	1
189	2	2
189	3	3
189	4	4
189	5	5
189	6	7
189	8	9
189	10	10
189	11	12
189	13	14
189	15	16
189	17	17
189	18	18
189	19	21
189	22	22
189	23	24
189	25	27
189	28	29
189	30	31
189	32	32
189	33	35
189	36	36
189	37	38
189	39	39
189	40	40
189	41	43
189	45	45
189	46	46

190	0	0
190	1	1
190	2	3
190	4	5
190	7	8
190	9	9
190	10	10
190	11	12
190	13	14
190	15	17
190	18	19
190	20	20
190	21	22
190	23	23

191	0	1
191	2	2

192	0	0
192	1	1
192	2	2
192	3	5
192	6	6

193	0	0
193	1	1
193	2	2
193	3	4
193	5	5

194	0	0

195	0	0

196	0	0
196	1	1
196	2	2
196	3	3
196	4	4
196	5	5
196	6	6
196	7	7

197	0	0

198	0	0
198	1	1
198	2	2
198	3	5
198	6	6
198	7	8
198	9	10
198	11	11
198	12	12

199	0	0
199	1	1
199	2	2
199	3	5
199	6	6

200	0	0

201	0	0

202	0	0

203	0	0

204	0	0
204	1	1
204	2	2
204	3	4
204	5	6
204	7	9

205	0	0
205	1	1
205	2	3
205	4	5
205	6	7
205	8	8
205	9	10
205	11	12
205	13	13

206	0	2
206	3	4
206	5	6
206	7	8

207	0	2
207	3	3
207	4	4
207	5	6
207	7	7

208	9	11
208	12	12
208	13	14
208	15	15
208	16	18
208	19	19
208	20	22
208	23	23
208	24	25
208	26	27
208	28	28
208	29	29
208	30	32
208	33	34
208	35	36
208	37	37
208	38	39
208	40	41
208	42	42
208	43	43
208	44	45
208	46	47
208	48	49
208	50	51
208	53	53
208	54	55
208	56	56
208	57	57
208	58	59
208	60	60
208	61	63
208	64	64
208	65	68
208	69	69
208	70	71
208	72	73
208	74	74
208	75	76
208	77	77
208	78	79
208	80	81
208	82	82

209	0	2
209	3	3
209	4	4
209	5	6
209	7	7

210	0	1
210	2	3
210	4	4
210	5	5
210	6	6
210	7	8
210	9	10
210	11	13
210	14	14
210	15	15
210	16	17
210	18	19
210	20	20
210	21	21
210	22	23
210	24	25
210	26	27
210	28	29
210	30	30
210	31	32
210	33	33
210	34	35
210	36	37
210	38	38
210	39	39
210	40	41
210	42	42

211	0	1
211	2	4
211	5	6
211	7	7
211	8	9
211	10	10
211	11	14
211	15	15
211	16	16
211	17	18
211	19	19
211	20	20

212	0	2
212	3	4
212	5	6
212	7	8

213	0	0
213	1	3
213	4	5
213	6	8
213	9	9
213	10	11
213	12	13
213	14	15
213	16	17
213	18	20
213	21	21
213	22	23
213	24	24
213	25	25

214	0	0
214	1	2
214	3	4
214	5	6
214	7	9
214	10	10
214	11	12
214	13	13

215	0	2
215	3	4
215	5	6
215	7	8
215	9	9
215	10	11
215	12	14
215	15	15
215	16	17
215	18	19

216	0	2
216	3	3
216	4	4
216	5	6
216	7	8

217	9	10
217	11	12
217	13	14
217	15	15
217	16	16
217	17	17
217	18	19
217	20	20
217	21	21
217	22	23
217	24	25
217	26	27
217	28	29
217	30	30
217	31	31
217	32	34
217	35	35
217	37	37
217	38	39
217	40	40
217	41	41
217	42	42
217	43	44
217	45	46
217	47	47
217	48	48
217	49	50
217	51	52
217	53	54
217	55	56
217	57	59
217	60	61
217	62	63
217	65	65
217	66	69
217	70	70
217	71	71
217	72	73
217	74	74
217	75	76
217	77	77
217	78	79
217	80	80
217	81	83
217	84	84

218	0	0
218	2	3
218	4	4
218	5	5
218	6	6
218	8	8
218	9	9
218	10	10
218	12	16
218	18	18
218	19	19
218	20	20
218	21	21
218	22	22
218	24	24
218	25	25

219	2	3
219	4	5
219	6	6
219	7	9
219	10	10
219	11	12
219	13	14
219	15	16
219	17	18

220	0	2

374	0	1
374	2	4
374	5	5
374	6	8
374	9	9
374	10	11
374	12	12
374	13	13
374	15	15

375	0	2
375	3	3
375	4	6
375	7	7
375	8	8
375	9	9
375	10	10
375	11	12
375	13	13
375	14	14

376	0	0
376	1	2
376	3	3
376	4	5
376	6	7
376	8	8
376	9	9
376	10	10
376	12	12
376	13	13
376	14	15
376	16	17
376	18	18
376	19	19
376	20	20
376	21	22
376	23	24
376	25	25
376	26	28
376	29	29

377	0	1
377	2	2
377	3	4
377	5	5
377	6	6
377	7	8
377	9	9
377	10	11
377	12	12
377	13	14
377	15	15
377	16	16
377	17	17
377	18	19
377	20	21
377	22	23
377	24	24
377	25	26
377	27	27
377	28	28
377	29	29

378	0	0
378	1	1
378	2	2
378	3	3
378	4	4
378	5	5
378	6	6
378	7	7
378	8	8
378	9	9
378	10	10
378	11	11

379	0	0
379	1	1
379	2	2

380	0	0
380	1	1
380	2	3
380	4	5
380	6	6
380	7	8
380	9	9

381	0	0
381	1	1
381	2	2
381	3	4
381	5	7
381	8	8
381	9	10
381	11	12
381	13	14
381	15	15
381	16	17
381	18	18
381	19	21
381	22	22
381	23	23
381	24	24
381	25	25
381	26	26

382	0	1
382	2	2
382	3	3
382	4	5
382	6	8
382	9	9
382	10	11
382	12	12
382	13	13
382	14	15
382	16	16
382	17	18
382	19	19
382	20	22
382	23	23
382	24	24
382	25	25
382	26	26
382	27	27

383	0	1
383	2	2
383	3	3
383	4	7
383	8	8
383	9	10
383	11	11
383	12	14
383	15	15
383	16	16
383	17	17
383	18	18
383	19	19

384	0	1
384	2	2
384	3	3
384	4	4
384	5	7
384	8	8
384	9	10
384	11	12
384	13	13
384	14	15
384	16	17
384	18	18
384	19	19
384	20	20
384	21	21

385	0	1
385	2	2
385	3	3
385	5	5
385	6	7
385	8	8
385	9	10
385	11	11
385	12	13
385	14	15
385	16	16
385	17	17
385	18	18
385	19	19

386	0	0
386	1	1
386	2	3
386	4	6
386	7	7
386	8	9
386	10	10
386	11	12
386	13	13
386	14	15
386	16	17
386	18	18
386	19	20
386	21	22
386	23	24
386	25	25
386	26	27
386	28	28
386	29	31
386	32	32
386	33	33
386	34	34
386	35	35
386	36	36

387	10	11
387	12	14
387	15	17
387	18	18
387	19	20
387	21	22
387	23	24
387	25	25
387	26	27
387	28	29
387	30	31
387	32	33
387	34	34
387	35	35
387	36	37
387	38	39
387	40	41
387	42	42
387	43	43
387	44	44
387	45	45
387	46	46
387	47	48
387	49	49
387	50	51
387	52	52
387	53	53
387	54	54
387	56	57
387	58	58
387	59	60
387	61	62
387	63	63
387	64	64
387	65	65
387	66	67
387	68	70
387	71	71
387	72	73
387	74	75
387	76	77
387	78	79
387	80	81
387	82	82
387	83	83
387	84	84
387	85	86
387	87	87
387	88	88
387	89	90
387	91	91
387	92	92
387	93	94
387	95	95
387	96	97
387	99	100
387	101	102
387	103	103
387	104	105
387	106	106
387	107	107
387	108	108
387	109	110
387	111	111
387	112	113
387	114	114
387	115	115
387	116	116

392	0	2
392	3	3
392	4	4
392	5	8
392	9	9
392	10	11

393	9	11
393	12	12
393	13	14
393	15	17
393	18	18
393	19	20
393	21	21
393	22	22
393	23	23
393	24	24
393	25	25
393	26	26
393	27	27
393	28	29
393	30	32
393	33	35
393	36	36
393	37	38
393	39	40
393	41	44
393	45	46
393	47	47
393	48	48
393	49	49
393	50	50
393	51	51
393	53	53
393	54	54
393	55	56
393	57	57

394	9	11
394	12	14
394	15	16
394	17	18
394	19	20
394	21	22
394	23	23
394	24	25
394	26	26
394	27	27
394	28	28
394	29	29
394	30	30
394	31	31
394	32	32
394	33	35
394	36	37
394	38	39
394	40	41
394	42	43
394	44	44
394	45	47
394	49	49
394	50	50
394	51	53
394	55	56
394	57	57
394	58	58
394	59	59
394	60	61
394	62	62
394	63	64
394	65	68
394	69	69
394	70	71
394	72	73
394	74	74
394	75	75
394	76	78
394	79	79
394	80	80
394	81	82
394	83	84
394	85	85
394	86	88
394	89	89
394	90	92
394	93	95
394	96	96
394	97	98
394	99	99
394	101	102
394	103	104
394	105	105
394	106	107
394	108	108
394	109	109
394	110	111
394	112	113
394	114	115
394	116	119
394	120	120
394	121	121
394	122	123
394	124	124
394	125	126
394	127	129
394	130	130
394	131	134
394	135	136
394	137	137
394	138	139
394	140	141
394	142	142
394	143	143
394	144	145
394	147	147
394	148	149
394	150	150
394	151	152
394	153	154
394	155	155
394	156	157
394	158	158
394	159	160
394	161	162
394	163	165
394	166	167
394	168	169
394	170	170
394	171	172
394	173	175
394	176	178
394	179	180
394	181	182
394	183	185
394	186	187
394	188	188

395	9	10
395	11	11
395	12	12
395	13	13
395	14	14
395	15	16
395	17	17
395	18	18
395	19	20
395	21	22
395	23	23
395	24	24
395	25	26
395	27	27
395	28	29
395	30	31
395	32	32
395	33	34
395	35	37
395	38	40
395	41	42
395	43	43
395	44	44
395	45	46
395	47	47
395	48	49
395	50	51
395	53	53
395	54	54
395	55	56
395	57	58
395	59	59
395	60	60
395	61	62
395	63	63
395	64	65
395	66	66
395	67	68
395	69	70
395	71	71
395	72	72
395	73	73
395	74	75
395	76	77
395	78	79
395	80	80
395	81	82
395	83	84
395	85	85

396	0	0
396	1	2
396	3	4
396	5	6
396	7	7
396	8	9
396	10	10
396	11	12
396	13	14
396	15	15

397	0	0
397	1	1
397	3	5
397	6	6
397	7	8
397	9	10
397	11	11
397	12	13
397	14	16
397	17	17

398	0	0
398	1	1
398	3	5
398	6	6
398	7	8
398	9	9
398	10	10
398	11	12
398	13	14
398	15	15
398	16	17
398	18	19
398	20	22
398	23	23
398	24	24
398	25	26
398	27	28
398	29	31
398	32	32
398	33	34
398	35	37
398	38	39
398	40	42
398	43	43
398	44	45
398	47	47
398	48	49
398	50	51
398	52	52
398	53	54
398	55	58
398	59	59
398	60	60
398	62	62
398	63	63
398	64	66
398	67	69
398	70	71
398	72	73
398	74	74
398	75	76
398	77	78
398	79	79
398	80	80
398	81	81
398	82	83
398	84	85
398	86	87
398	88	88

400	0	1
400	2	4
400	5	7
400	8	8
400	9	12
400	13	15

401	0	2
401	3	3
401	4	4
401	5	6
401	7	8
401	9	10

402	0	2
402	3	3
402	4	6
402	7	8
402	9	10
402	11	12
402	13	13
402	14	15
402	16	16
402	17	17
402	18	18
402	19	20
402	21	21

403	0	1
403	2	2
403	3	11
403	15	15
403	16	16
403	17	17

404	0	0
404	1	1
404	2	2

405	0	1
405	3	4
405	5	6
405	7	8
405	9	9
405	10	11
405	12	12
405	13	15
405	16	16
405	17	17
405	18	18
405	19	19
405	20	20

406	0	1
406	3	3
406	4	4
406	5	6
406	7	8
406	9	9
406	10	11
406	12	12
406	13	14
406	15	15
406	16	17
406	18	18
406	19	19

407	0	0
407	1	1
407	2	2
407	3	3
407	4	5
407	6	6
407	7	8
407	9	9
407	10	11
407	12	12
407	13	14
407	15	15
407	16	16

408	0	0
408	1	1
408	2	2
408	3	3
408	4	5
408	6	6

409	0	2
409	3	3
409	4	6
409	7	8
409	9	10
409	11	12
409	13	13
409	14	15
409	16	16
409	17	17
409	18	18
409	19	20
409	21	21

410	0	1
410	3	3
410	4	4
410	5	8
410	10	10
410	12	13
410	14	14
410	15	16
410	17	17
410	19	19
410	20	20
410	21	21

411	0	0
411	1	1
411	2	2

412	0	0
412	1	1
412	2	2
412	3	4
412	5	6
412	7	8
412	9	9
412	10	11
412	12	12
412	13	15
412	16	16
412	17	18
412	19	19
412	20	20

413	0	0
413	2	2
413	3	3
413	4	4
413	5	6
413	7	7
413	8	9
413	10	10
413	11	12
413	13	13
413	14	14

414	0	0
414	1	1
414	2	2
414	3	3
414	4	5
414	6	6
414	7	8
414	9	9
414	10	11
414	12	12
414	13	14
414	15	15
414	16	16

415	0	2
415	3	3
415	4	6
415	7	8
415	9	10
415	11	11
415	12	12
415	13	13
415	14	17
415	18	18
415	19	21
415	22	23
415	24	24
415	25	26
415	27	27
415	28	29
415	30	30
415	31	31
415	32	32
415	33	33
415	34	35
415	36	36
415	37	37
415	38	38
415	39	40
415	41	41

416	0	2
416	3	3
416	5	6
416	7	7
416	8	11
416	12	12
416	13	16
416	17	17
416	18	18
416	19	23
416	27	27
416	28	28
416	29	29

417	0	2
417	3	3
417	5	5
417	6	6
417	7	7
417	8	11
417	12	12
417	13	16
417	17	17
417	18	18
417	19	23
417	28	28
417	29	29
417	30	30

419	0	4
419	5	6
419	7	8
419	9	10
419	11	12
419	13	13
419	14	15
419	16	17
419	18	19
419	20	20
419	21	22
419	23	24
419	25	26
419	27	27
419	28	29
419	30	30
419	31	31
419	32	33
419	34	35
419	36	37
419	38	39
419	40	40
419	41	41
419	42	43
419	44	45
419	47	48
419	49	50
419	51	51
419	52	52

420	0	0
420	1	1
420	2	2
420	3	4
420	5	6
420	7	8

421	0	0
421	1	1
421	2	2
421	4	4
421	6	6
421	8	8
421	10	10
421	12	12
421	14	14
421	16	16
421	18	18
421	20	21
421	23	24
421	26	27

422	0	0
422	2	5
422	7	10
422	12	15
422	17	20
422	22	25
422	27	30
422	32	35
422	37	40

423	0	0
423	1	1
423	2	3
423	4	5
423	6	7
423	8	9
423	10	10
423	11	11
423	12	13
423	14	14
423	15	15
423	16	17
423	18	18
423	19	20
423	21	21
423	22	23
423	24	24
423	25	25

426	0	0
426	1	1
426	2	3
426	4	5
426	6	7

427	0	1
427	3	3
427	5	5
427	7	7
427	9	9
427	10	10
427	11	12
427	14	15
427	17	18
427	20	20
427	21	22
427	24	25
427	27	28
427	30	31
427	33	34
427	36	37
427	39	40
427	42	43

428	0	0
428	2	4
428	6	9
428	11	14
428	16	16
428	18	21
428	23	26
428	28	31
428	33	36
428	38	41
428	43	46
428	48	51
428	53	56
428	58	61

429	0	0
429	1	1
429	2	3
429	4	5
429	6	7
429	8	9
429	10	10

431	0	2
431	3	3
431	4	6
431	7	8
431	9	10
431	11	12
431	13	14
431	15	15
431	16	17
431	18	18
431	19	19
431	20	20
431	21	21
431	22	23
431	24	24
431	25	25
431	26	26
431	27	28
431	29	29

432	2	2
432	3	4
432	5	5
432	6	6
432	7	7
432	9	12
432	15	15
432	16	16
432	17	17

433	0	0
433	1	2
433	3	3
433	4	4
433	5	6
433	7	8
433	11	11
433	12	12
433	13	13

435	0	0
435	1	1
435	2	2

436	1	1
436	2	3
436	4	4
436	5	5
436	6	8
436	9	10
436	11	12
436	13	13
436	14	15
436	16	16
436	17	19
436	20	20
436	21	21
436	22	22
436	23	23
436	24	24
436	26	26
436	27	28
436	29	29
436	30	30
436	31	33
436	34	35
436	36	37
436	38	38
436	39	40
436	41	41
436	42	44
436	45	45
436	46	46
436	47	47
436	48	48
436	49	49

438	2	4
438	5	5
438	6	6
438	7	8
438	9	10
438	11	11
438	12	13
438	14	15
438	16	16
438	17	18

439	0	1
439	2	3
439	4	4
439	5	6
439	7	8
439	9	9
439	10	11
439	12	12
439	13	16
439	17	17

440	2	4
440	5	5
440	6	6
440	7	8
440	9	10

441	0	2
441	3	3
441	4	6
441	7	8
441	9	11
441	12	12
441	13	14
441	15	16
441	17	18
441	19	19
441	20	21
441	22	22
441	23	24
441	25	26
441	27	28
441	29	30
441	31	31
441	33	34
441	35	35
441	36	37
441	39	41
441	43	44
441	45	45
441	46	46
441	47	47

442	0	1
442	2	2
442	3	4
442	6	7
442	8	8

443	0	1
443	2	2
443	3	6
443	7	7
443	8	11

444	2	4
444	5	5
444	6	8
444	9	10
444	11	13
444	14	14
444	15	16
444	17	18
444	19	20
444	21	22
444	23	23

445	0	1
445	2	2
445	3	3
445	5	7
445	9	10
445	11	11
445	12	12
445	13	13

446	0	1
446	2	2
446	3	4
446	6	7
446	8	8

447	0	1
447	2	2
447	3	5
447	7	7
447	8	8
447	9	11
447	13	13

448	2	4
448	5	5
448	6	6
448	7	8
448	9	9
448	10	12
448	13	13
448	14	15

449	0	1
449	2	4
449	5	5
449	6	7
449	9	10
449	11	11
449	12	13
449	14	14
449	15	16
449	17	18
449	19	19
449	20	21
449	22	22
449	23	23
449	24	24
449	25	25
449	26	26
449	27	27

450	0	1
450	2	4
450	5	5
450	6	8
450	10	12

454	9	10
454	11	11
454	12	13
454	14	15
454	16	16
454	17	18
454	19	20
454	21	21
454	22	22
454	24	25
454	26	26
454	27	27
454	28	29
454	30	32
454	33	34
454	35	35
454	36	36
454	37	39
454	40	41
454	42	43
454	44	44
454	45	45
454	46	48
454	49	49
454	50	51
454	53	54
454	56	57
454	58	58
454	59	59
454	60	61
454	62	63
454	64	65
454	66	66
454	67	68
454	69	70
454	71	73
454	74	74
454	75	79
454	81	83
454	84	84
454	85	86
454	88	90
454	91	91
454	92	93
454	94	94
454	95	98
454	99	99
454	100	100
454	102	104
454	105	105
454	107	107
454	109	111
454	112	112
454	113	113
454	115	117
454	118	118
454	120	120
454	122	124
454	125	125
454	126	127
454	129	131
454	132	132
454	133	133
454	135	137
454	139	139
454	140	140
454	141	142
454	143	144
454	145	146
454	147	147
454	148	149
454	150	150
454	151	152
454	153	154
454	155	155
454	156	156
454	157	158
454	159	159
454	160	161
454	162	162
454	163	164
454	165	165
454	166	166
454	167	168
454	169	170
454	171	171
454	172	175
454	176	176
454	178	179
454	181	183
454	184	184
454	186	186
454	188	190
454	191	191
454	192	192
454	194	196
454	197	197
454	198	198
454	200	202
454	203	203
454	204	204
454	206	208
454	209	209
454	210	210
454	212	214
454	215	215
454	216	218
454	219	219
454	220	221
454	223	225
454	226	226
454	227	231
454	233	235
454	236	237
454	238	239
454	240	240
454	241	242
454	243	243
454	244	244
454	246	247
454	249	249
454	250	250
454	251	252
454	253	254
454	255	255
454	256	257
454	258	259
454	260	260
454	261	263
454	264	264

455	0	2
455	3	4
455	5	6

456	9	10
456	11	11
456	12	12
456	13	16
456	17	17
456	18	19
456	20	20
456	21	22
456	23	24
456	25	25
456	26	27
456	28	28
456	29	29
456	30	31
456	32	32
456	33	33
456	34	36
456	37	37
456	38	39
456	40	41
456	42	43
456	44	44
456	45	45
456	46	50
456	51	51
456	52	52
456	53	53
456	55	55
456	56	57
456	58	59
456	60	60
456	61	61
456	62	63
456	64	65
456	66	66
456	67	67
456	68	69
456	70	71
456	72	73
456	74	75
456	76	77
456	78	79
456	80	81
456	82	83
456	84	84
456	85	88
456	89	89
456	90	92
456	93	94
456	95	95
456	96	97
456	99	100
456	102	104
456	106	106
456	107	107

457	0	1
457	2	3
457	4	4
457	5	5
457	6	7
457	8	9
457	10	11
457	12	13
457	14	14
457	15	15
457	16	17
457	18	19
457	20	20
457	21	22
457	23	26
457	27	27
457	28	28
457	29	29
457	30	31
457	32	33
457	34	35
457	36	37
457	38	38

458	0	0
458	1	2
458	3	3
458	4	5
458	6	6
458	7	8
458	9	9
458	10	11
458	12	12
458	13	14
458	15	16
458	18	20
458	21	22

459	0	1
459	2	4
459	5	5
459	6	6
459	7	8
459	9	9
459	10	11
459	12	12
459	13	14
459	15	15
459	16	17
459	18	19
459	20	21
459	22	22
459	23	24
459	25	25
459	26	27
459	28	29
459	30	30
459	31	31
459	33	37
459	38	38
459	39	40
459	41	41
459	42	42
459	43	44
459	45	46

460	0	1
460	2	2

461	9	9
461	10	10
461	12	13
461	14	17
461	18	18

462	9	9
462	10	10
462	12	13
462	14	15
462	16	16
462	17	20
462	21	21

463	9	9
463	10	10
463	12	15
463	16	16
463	17	18
463	19	20
463	21	21

464	0	2
464	3	4

465	9	11
465	12	12
465	13	14
465	15	16
465	17	17
465	18	19
465	20	21
465	22	23
465	24	24
465	25	26
465	27	28
465	29	29
465	30	31
465	32	32
465	33	34
465	35	35
465	36	37
465	38	39
465	40	40
465	41	42
465	43	43
465	44	45
465	46	47
465	48	48
465	49	50
465	51	51
465	53	53
465	54	55
465	56	56
465	57	57
465	58	59
465	60	60
465	61	61
465	62	63
465	64	64
465	65	66
465	67	68
465	69	69
465	70	70
465	72	74
465	75	75
465	76	77
465	78	78

466	0	2
466	3	4

467	0	2
467	3	3
467	4	5
467	6	7
467	8	8
467	9	9
467	10	10
467	11	12
467	13	14
467	15	15
467	16	17
467	18	18

468	0	2
468	3	4

469	0	1
469	2	3
469	4	5
469	6	6
469	7	7
469	8	10
469	11	11
469	12	13
469	14	16
469	17	17
469	18	19
469	20	20
469	21	23
469	24	24
469	25	26
469	27	28
469	29	29

470	0	2
470	3	4
470	5	6

471	0	1
471	2	3
471	4	7
471	8	8
471	9	10
471	11	12
471	13	14
471	15	17
471	18	18
471	19	20
471	21	22
471	23	25
471	26	26
471	27	28
471	29	30
471	31	32
471	33	35
471	36	37
471	38	39
471	40	41
471	42	42

472	0	6

473	0	3
473	4	5

474	0	2
474	3	3
474	4	5
474	6	8

475	0	1
475	2	2
475	3	3
475	5	8
475	9	9
475	10	13

476	0	1
476	2	3
476	4	6
476	7	10

477	0	2
477	3	5
477	6	7
477	8	9
477	10	10

478	0	3
478	4	4
478	5	10

479	0	5
479	7	11
479	13	13
479	15	15
479	17	18
479	19	19
479	21	22
479	24	25

480	0	3
480	4	4
480	5	5
480	6	6
480	7	7
480	8	8
480	9	9
480	10	10
480	11	11
480	12	14

481	0	0
481	1	1
481	2	2
481	3	6
481	7	7
481	9	13

482	0	0
482	2	2
482	3	3
482	4	7
482	8	8
482	10	10
482	11	11
482	12	14
482	15	15
482	16	22
482	23	23
482	24	26

483	0	2
483	3	4
483	5	5
483	6	6
483	7	9
483	10	10
483	12	19

484	0	1
484	2	3
484	4	5
484	6	6
484	7	7
484	8	10
484	11	11
484	13	20

485	0	1
485	2	2
485	3	4
485	5	6
485	7	7
485	8	9

486	0	1
486	2	3
486	4	5
486	6	7

