1	0	2
1	4	9

2	0	2

3	0	2
3	3	3
3	4	8
3	9	9
3	10	13

4	0	6
4	7	10
4	11	12

5	0	1
5	2	2
5	3	3
5	5	8
5	9	9
5	10	13

6	0	1
6	2	3
6	4	4
6	5	5
6	7	10
6	11	11
6	12	15

7	0	2
7	3	3
7	4	5
7	6	6
7	7	8
7	9	9
7	10	12

8	0	5
8	6	6
8	7	9
8	11	13
8	15	20
8	21	21
8	22	24
8	26	32
8	34	36
8	38	48

9	0	3
9	4	4
9	5	6
9	7	7
9	8	9
9	11	12
9	14	17
9	18	18
9	19	20
9	21	21
9	22	23
9	25	26

10	0	6
10	7	8
10	9	10
10	11	11
10	12	13
10	14	16
10	18	19

11	0	0
11	2	2

12	0	1
12	3	4

13	0	0
13	1	2
13	4	4

14	0	0
14	1	3
14	4	5
14	6	7
14	9	9

15	0	0
15	1	2
15	3	3
15	4	5
15	7	7

16	0	0
16	1	4
16	5	5
16	6	7
16	9	9

17	0	2
17	3	6
17	7	7
17	18	18

18	0	2
18	3	6
18	8	8

19	0	0
19	1	2
19	3	4
19	10	10

20	0	0
20	1	2
20	3	4
20	6	6

21	0	2
21	3	4
21	5	6
21	8	8

22	0	2
22	3	4
22	5	6
22	8	8

23	0	0
23	1	2
23	3	3
23	5	5

24	0	2
24	3	4
24	5	5
24	6	6
24	7	10
24	11	11
24	12	13
24	15	15

25	0	2
25	3	4
25	5	6
25	7	8
25	10	10

26	0	2
26	3	3
26	4	4
26	5	5
26	7	7

27	0	2
27	3	4
27	5	6
27	8	8

28	0	2
28	3	4
28	5	6
28	7	8
28	10	10

29	0	2
29	3	4
29	5	6
29	8	8

30	0	2
30	4	5
30	6	8
30	10	10

31	0	2
31	3	4
31	5	6
31	7	8
31	10	10

32	0	0
32	1	2
32	3	3
32	4	5
32	6	6
32	7	8
32	9	9
32	10	10
32	12	12

33	0	2
33	3	4
33	6	6

34	0	2
34	3	4
34	6	6

35	0	2
35	3	4
35	5	6
35	8	8

36	0	2
36	3	4
36	5	5
36	6	7
36	9	9

37	0	0
37	1	1
37	2	3
37	4	5
37	7	7

38	0	0
38	1	1
38	2	3
38	4	5
38	6	6
38	7	8
38	9	11
38	12	12
38	13	14
38	15	16
38	18	18

39	0	0
39	1	1
39	2	3
39	4	6
39	7	8
39	9	11
39	13	13

40	0	0
40	1	1
40	2	4
40	5	6
40	7	8
40	10	10

41	0	0
41	1	1
41	2	2

42	0	0
42	2	2

43	0	0
43	1	2
43	3	4
43	5	6
43	7	7
43	8	8
43	10	13
43	14	14
43	15	18
43	19	19
43	20	22
43	23	23
43	24	25
43	26	26
43	27	28
43	29	29
43	30	32
43	33	33
43	34	34

44	0	0
44	1	2
44	3	3
44	4	5
44	6	6
44	7	7
44	9	12
44	13	13
44	14	17
44	18	19
44	20	20
44	21	22
44	23	24
44	25	26
44	27	27

45	0	0
45	1	1
45	2	3
45	4	4
45	6	6
45	7	8
45	9	11
45	12	12
45	13	13
45	14	14
45	15	15
45	16	17
45	18	18
45	19	19
45	20	21
45	22	22
45	23	24
45	25	25
45	26	26
45	27	27
45	28	28
45	29	29
45	30	30
45	31	31

46	0	0
46	2	2
46	3	4
46	5	5
46	6	6
46	7	7
46	8	8
46	9	10
46	11	11
46	12	12
46	13	14
46	15	15
46	16	16
46	17	17
46	18	18
46	19	20
46	21	22
46	23	23
46	24	25
46	26	26
46	27	30
46	31	32
46	33	33
46	34	35
46	36	36
46	37	37
46	38	39
46	40	40
46	41	43
46	44	44
46	45	45

47	0	0
47	1	1
47	2	2
47	3	3
47	4	4
47	5	5
47	6	6
47	7	8
47	9	10
47	11	11
47	12	12
47	13	13
47	14	14
47	15	16
47	17	18
47	19	19
47	20	20
47	21	21
47	22	25
47	26	27
47	28	28
47	29	29
47	30	30
47	31	31
47	32	32
47	33	34
47	35	35
47	36	38
47	39	39
47	40	40

48	0	0
48	1	1
48	2	3
48	4	5
48	6	7
48	8	12
48	13	13
48	14	18
48	19	19
48	20	22
48	23	23
48	24	25
48	26	27
48	28	29
48	30	31
48	32	36
48	37	37
48	38	38
48	39	40
48	41	42
48	43	44
48	45	45
48	46	46
48	47	47
48	48	48
48	50	51
48	52	52
48	53	54
48	55	55
48	56	56
48	57	58
48	59	59
48	60	61
48	62	62
48	63	66
48	67	68
48	69	69
48	70	70
48	71	71
48	72	72
48	73	74
48	75	75
48	76	76
48	77	77
48	78	78
48	79	79

49	0	0
49	1	1
49	2	3
49	4	6
49	7	8
49	9	10
49	11	11
49	12	13
49	14	15
49	16	17
49	18	18
49	19	20
49	21	21
49	22	23
49	24	25
49	26	26
49	27	28
49	29	31
49	32	33
49	34	35
49	36	37
49	38	39
49	40	40
49	41	41
49	42	42
49	44	45
49	46	46
49	47	49
49	50	50
49	51	51
49	52	52
49	53	54
49	55	55
49	56	57
49	58	59
49	60	61
49	62	63
49	64	64
49	65	65
49	66	69
49	70	71
49	72	72
49	73	75
49	76	76
49	77	78
49	79	79
49	80	83
49	84	84
49	85	85

50	0	0
50	1	1
50	2	3
50	4	5
50	6	7
50	8	9
50	10	10
50	11	12
50	13	14
50	15	15
50	16	17
50	18	18
50	19	21
50	22	23
50	24	25
50	26	27
50	28	28
50	29	30
50	31	31
50	32	33
50	34	35
50	36	36
50	37	40
50	41	42
50	43	43
50	45	45
50	46	46
50	47	47
50	48	48
50	49	49
50	50	50
50	51	51
50	52	52
50	53	54
50	55	55
50	56	56
50	57	57
50	58	58
50	59	59
50	60	60
50	61	61
50	62	62
50	63	63
50	64	64

51	0	0
51	1	1
51	2	3
51	4	5
51	6	7
51	8	9
51	10	11
51	12	12
51	13	13
51	14	14
51	15	16
51	17	18
51	19	19

52	0	0
52	1	2
52	3	3
52	4	5
52	6	7
52	8	9
52	10	12
52	13	14
52	15	15

53	0	0
53	1	2
53	3	3
53	4	5
53	6	8
53	9	11
53	12	13
53	14	16
53	17	17
53	18	20
53	21	21
53	22	25
53	26	26
53	27	28
53	29	29

54	2	2
54	3	4
54	5	6
54	7	8
54	9	9
54	10	11
54	12	14
54	15	17
54	18	18
54	19	20
54	21	23
54	24	25
54	26	28
54	29	29
54	30	30
54	31	33
54	34	37
54	38	41
54	42	42
54	43	44
54	46	47
54	48	51
54	52	55
54	56	56
54	57	58
54	59	60
54	61	64
54	65	68
54	69	69
54	70	71
54	72	73
54	74	76
54	77	78
54	79	82
54	83	83
54	84	85
54	86	87
54	88	89
54	90	90
54	92	92
54	93	96
54	97	97

55	0	0
55	1	2
55	3	5
55	6	6
55	7	9
55	10	10
55	11	13
55	14	14
55	15	17
55	18	18
55	19	21
55	22	22
55	23	25
55	26	26
55	27	28
55	29	29
55	30	32
55	33	33

56	0	0
56	1	2
56	3	3
56	4	5
56	6	7
56	8	8
56	9	10
56	11	12
56	13	14
56	15	16
56	17	17

57	0	0
57	1	1
57	2	3
57	5	5
57	7	11
57	12	12
57	13	16
57	17	17
57	19	20
57	21	21
57	22	22
57	24	27
57	28	28
57	29	32
57	33	33

58	0	2
58	3	3
58	4	5
58	6	6
58	7	8
58	9	9
58	10	12

59	0	0
59	1	2

60	2	2
60	3	6
60	7	7
60	8	10
60	11	11
60	12	13
60	14	14
60	15	16
60	17	17
60	18	20
60	21	21
60	22	23
60	24	24
60	25	25
60	26	28
60	29	29
60	30	30
60	31	32
60	33	33
60	34	35
60	36	36
60	37	40
60	41	41
60	42	43
60	44	44
60	46	47
60	48	49
60	50	50
60	51	52
60	53	54
60	55	55
60	56	57
60	58	59
60	60	60
60	61	62
60	63	63
60	64	65
60	66	66
60	67	68
60	69	69
60	70	71
60	72	72

61	2	2
61	3	4
61	5	6
61	7	8
61	9	10
61	11	13
61	14	16
61	17	17
61	18	18
61	19	21
61	22	22

62	0	0
62	1	3
62	4	5
62	6	7

63	2	3
63	4	5
63	6	6
63	7	7
63	8	9
63	10	11
63	12	12
63	13	14
63	15	15
63	16	17
63	18	18
63	19	20
63	21	21
63	22	23
63	24	24
63	25	26
63	27	27
63	28	29
63	30	30
63	31	32
63	33	33
63	34	35
63	36	37
63	38	38
63	39	39
63	41	41
63	42	43
63	44	45
63	46	46
63	48	49
63	50	50
63	51	51
63	52	52
63	53	54
63	55	56
63	57	57
63	58	59
63	60	60
63	61	61
63	62	63
63	64	65
63	66	67
63	68	69
63	70	70
63	71	72
63	73	73
63	74	75
63	76	76
63	77	78
63	79	80
63	81	81
63	82	83
63	84	87
63	88	88
63	89	90
63	91	92
63	94	95
63	96	96
63	97	98
63	99	100
63	101	102
63	103	103
63	104	105
63	106	107
63	108	108
63	109	110
63	111	112
63	113	114
63	115	115
63	116	117
63	118	119
63	120	120
63	121	121
63	122	123
63	124	125
63	126	127
63	128	129
63	130	131
63	132	132

64	0	1
64	2	2
64	3	3
64	5	7
64	8	8
64	9	12
64	14	15
64	16	17
64	18	19
64	20	21
64	22	22
64	23	28
64	30	32
64	33	33
64	35	38
64	39	39

65	0	1
65	2	2
65	3	3
65	5	11
65	12	12
65	13	16
65	18	19
65	20	22
65	23	23
65	25	25
65	26	27
65	28	28
65	29	30
65	31	32
65	33	33
65	34	41
65	42	42
65	43	44
65	45	45
65	47	50
65	52	54
65	55	55

66	2	3
66	4	4
66	5	5
66	7	10
66	11	11
66	12	12
66	13	13
66	14	17
66	18	20
66	21	21
66	22	22
66	23	24
66	26	26
66	27	27
66	28	29
66	30	30
66	31	31
66	32	33
66	34	35
66	36	36
66	37	37
66	38	40
66	41	41
66	42	42
66	43	43
66	44	44
66	45	45
66	46	46
66	47	48
66	49	50
66	52	53
66	54	54
66	55	57
66	59	62
66	63	63
66	64	64
66	65	65
66	67	70
66	71	71
66	73	75
66	76	76

67	2	3
67	4	4
67	5	5
67	7	11
67	12	12
67	13	16
67	18	19

68	2	5
68	7	10
68	11	13
68	14	14
68	15	18
68	19	20
68	21	22

69	0	0
69	1	2
69	3	3
69	4	5

70	0	1
70	2	3
70	4	4
70	5	6
70	7	8
70	9	10
70	11	12
70	13	13

71	0	2

72	0	1
72	2	2
72	3	5
72	6	8
72	10	15
72	16	16
72	17	19
72	21	23
72	25	30
72	31	31
72	32	34
72	36	41

73	0	1
73	2	2
73	3	3
73	4	5
73	6	7
73	8	8
73	9	12
73	13	13

74	0	2

75	0	1
75	2	2
75	3	4
75	6	10
75	12	14
75	15	15
75	16	19
75	21	24

76	0	0
76	1	2
76	3	4
76	5	6
76	7	7
76	8	8
76	9	10
76	11	11

77	0	0
77	2	3
77	4	6
77	7	7
77	8	9
77	10	11
77	12	12
77	13	13
77	14	15
77	16	16
77	17	17
77	18	20
77	21	21
77	22	22
77	23	23
77	24	25
77	26	26
77	27	27

78	0	2

79	0	1
79	2	3
79	4	5
79	6	10
79	12	14
79	15	15
79	16	19
79	21	24

80	0	0
80	1	2
80	3	4
80	5	5
80	6	7
80	8	8
80	9	10
80	11	11

81	0	2

82	2	3
82	4	5
82	6	6
82	7	7
82	8	9
82	11	15
82	17	23
82	25	30
82	31	31

83	2	2
83	3	5
83	6	7
83	8	9
83	10	10
83	11	12
83	13	14
83	15	15
83	16	17
83	18	20
83	21	21
83	22	22
83	23	23
83	24	25
83	26	26
83	27	28
83	29	29
83	30	31
83	32	33
83	34	35
83	36	37
83	38	38
83	39	39
83	40	41
83	42	42
83	43	44
83	45	45
83	47	47

84	0	2

85	0	1
85	2	2
85	3	3
85	4	4
85	6	10
85	12	15
85	17	20
85	22	23
85	25	31
85	32	32
85	34	42

86	0	0
86	1	2
86	3	4
86	5	6
86	7	9
86	10	11
86	12	13
86	14	15
86	16	16
86	17	18
86	19	20
86	21	22
86	23	24
86	25	25
86	26	28
86	29	29

87	0	2

88	0	0
88	1	2
88	4	6
88	7	7
88	8	11
88	13	20

89	0	2
89	3	3
89	4	4
89	6	7
89	8	8
89	9	9
89	10	11
89	12	13
89	14	14

90	0	0
90	1	4
90	5	5
90	6	7

91	0	2
91	3	6

92	3	5
92	6	7
92	8	8
92	9	10
92	11	12
92	13	14
92	15	16
92	17	17
92	18	21
92	22	22
92	24	27
92	28	28
92	29	33
92	34	34
92	35	39
92	40	40
92	41	45
92	46	46
92	47	51
92	52	52
92	54	58
92	59	59
92	60	64
92	65	65
92	67	71
92	72	72

93	3	3
93	4	5
93	6	7
93	8	9
93	10	10
93	11	11
93	12	12
93	13	13
93	14	14
93	15	16
93	17	18
93	19	20
93	21	21
93	22	24
93	25	27
93	28	28
93	29	29
93	30	31
93	32	32
93	33	33
93	34	35
93	36	36
93	37	38
93	39	39
93	40	40
93	41	43
93	44	44
93	45	46
93	48	49
93	50	52
93	53	54
93	55	55
93	56	56
93	57	58
93	59	60
93	61	61
93	62	62
93	63	63
93	64	65
93	66	68
93	69	70
93	71	72
93	73	74
93	75	75
93	76	77
93	78	79
93	80	81
93	82	82
93	83	83
93	84	85
93	86	87
93	88	88

94	2	2
94	3	4
94	5	6
94	7	9
94	10	10
94	11	12
94	13	14
94	15	16
94	17	17
94	18	18
94	19	20
94	21	22
94	23	23
94	24	25
94	26	27
94	28	29
94	30	31
94	32	33
94	34	35
94	36	36
94	37	38
94	39	39

95	0	2
95	3	6

96	2	4
96	5	8
96	9	10
96	11	12
96	13	14
96	15	15
96	16	17
96	18	19
96	20	20
96	21	22
96	23	24
96	25	25
96	26	26
96	28	31
96	32	32
96	33	34
96	35	35

97	2	2
97	4	4
97	5	6
97	8	8

98	0	0
98	2	2
98	3	3
98	4	4
98	5	6
98	7	8
98	9	10
98	11	12
98	13	13
98	14	15
98	16	17
98	18	18
98	19	20
98	21	21
98	22	23
98	24	25
98	26	27
98	28	28
98	29	29
98	30	31
98	32	32
98	33	34

99	0	0
99	3	4
99	5	5
99	6	6
99	7	8
99	9	9
99	10	11
99	12	12
99	13	14

100	6	7
100	8	9

101	4	5

102	0	2
102	3	6
102	7	8
102	9	10
102	11	12
102	13	13
102	14	15
102	16	16
102	17	18
102	19	20
102	21	21
102	22	22

103	0	1
103	3	4
103	6	7
103	9	10
103	11	12

104	3	3
104	5	5
104	6	7
104	8	9
104	10	11
104	12	13
104	15	16
104	17	17
104	18	19
104	21	21

105	3	3
105	5	6
105	7	8
105	9	10
105	11	12
105	14	14
105	16	18
105	20	20

106	3	3
106	5	6
106	7	8
106	14	15
106	21	21
106	22	23

107	4	5
107	6	6

108	4	4
108	5	6
108	8	8

109	0	0

110	0	0

111	0	0

112	6	7
112	11	12
112	13	14
112	15	15
112	16	17
112	18	18

114	3	3
114	5	6
114	7	8
114	9	10
114	12	12
114	13	14
114	16	17
114	19	20
114	22	23

115	0	1
115	3	3
115	5	5

116	0	2
116	3	6
116	7	8
116	9	10
116	11	11

117	0	1
117	2	2
117	3	4
117	5	6
117	7	8
117	9	9
117	10	14
117	15	15
117	16	17
117	18	18
117	19	20
117	21	21
117	22	22
117	23	24
117	25	26
117	27	27
117	28	30
117	31	32
117	33	33
117	34	35
117	36	37
117	38	38
117	39	39
117	40	41
117	42	42
117	43	44
117	45	45
117	46	48
117	49	49
117	50	51
117	53	54
117	55	55
117	56	56

118	0	5
118	6	6
118	7	9

120	0	0
120	1	2
120	3	4

121	0	2
121	3	5
121	6	6
121	7	9
121	10	11
121	12	13
121	14	14
121	15	16
121	17	18
121	19	19
121	20	21
121	22	23
121	24	25
121	26	26

122	0	2
122	3	5
122	6	7
122	8	8
122	9	10
122	11	11
122	12	13
122	14	14
122	15	16
122	17	17
122	18	19
122	20	22
122	23	23
122	24	26
122	27	27
122	28	29
122	30	30
122	31	33
122	34	34
122	35	35
122	36	37
122	38	39
122	40	41
122	42	42
122	43	44
122	45	45
122	47	49
122	50	51
122	52	53
122	54	55
122	56	56

123	2	2
123	3	3
123	5	8
123	9	9
123	10	10
123	11	12
123	13	13
123	14	14
123	15	15
123	16	17
123	18	18
123	19	19
123	20	20

124	2	2
124	3	3
124	5	6
124	7	7
124	8	9
124	10	14
124	15	15

125	2	2
125	3	3
125	5	6
125	7	8
125	9	10
125	11	12
125	13	13
125	14	16
125	17	18
125	19	19
125	20	21
125	22	23
125	24	24
125	25	25
125	26	26
125	27	27
125	28	29
125	30	30

126	0	0
126	1	1
126	2	2
126	3	4
126	5	6
126	7	7
126	8	9
126	10	11
126	12	13
126	14	14
126	15	15
126	16	16
126	17	18
126	19	19
126	20	21
126	22	23
126	24	25
126	26	27
126	28	28

127	0	2
127	3	5
127	6	7
127	8	8
127	9	9
127	10	10
127	11	12
127	13	14
127	15	16
127	17	17
127	18	19
127	20	21
127	22	22
127	23	24
127	25	27
127	28	28
127	29	30
127	31	31
127	32	33
127	34	35
127	36	36
127	37	37
127	38	39
127	40	41
127	42	42
127	43	45
127	47	48
127	49	49
127	50	51
127	52	53
127	54	55
127	56	57
127	58	58
127	59	61
127	62	62

128	0	2
128	3	5
128	6	7
128	8	9
128	10	11
128	12	12
128	13	13
128	14	15
128	16	16
128	17	18
128	19	20
128	21	22
128	23	27
128	28	28
128	29	30
128	31	31
128	32	33
128	34	36
128	37	37
128	38	38
128	39	39
128	40	40
128	42	46
128	47	47
128	48	49
128	50	50
128	51	52
128	54	55
128	56	56
128	57	57
128	58	58

129	0	2
129	3	4
129	5	5
129	6	7
129	8	9
129	10	10

130	2	2
130	3	3
130	5	7
130	8	8
130	9	10
130	11	12
130	13	13
130	14	15
130	16	17
130	18	19
130	20	20

131	2	2
131	3	3
131	5	7
131	8	8
131	9	10
131	11	12
131	13	14
131	15	15
131	16	17
131	18	18

132	2	2
132	3	3
132	5	6
132	7	8
132	9	10
132	11	12
132	13	13
132	14	15
132	16	17
132	18	18
132	19	20
132	21	22
132	23	24
132	25	25
132	26	27
132	28	28
132	29	29
132	30	31
132	32	32
132	33	34
132	35	36
132	37	37

133	2	2
133	3	3
133	5	7
133	8	9
133	10	11
133	12	12
133	13	14
133	15	16
133	17	17

134	4	4
134	5	5
134	7	7
134	8	8
134	9	10
134	11	11
134	12	12
134	13	14
134	15	15
134	16	17
134	18	19
134	20	21
134	22	22
134	23	23
134	24	24
134	25	26
134	27	28
134	29	29
134	30	31
134	32	33
134	34	34

135	4	4
135	5	5
135	7	7
135	8	9
135	10	11
135	12	12
135	13	14
135	15	15
135	16	17
135	18	19
135	20	21
135	22	22

136	4	4
136	5	5
136	7	7
136	8	9
136	10	10
136	11	12
136	13	14
136	15	15
136	16	17
136	18	19
136	20	20
136	21	21
136	22	23
136	24	25
136	26	26
136	27	27

137	2	2
137	3	3
137	5	7
137	8	8
137	9	10
137	11	11
137	12	12
137	13	14
137	15	16
137	17	17
137	18	19
137	20	22
137	23	23
137	24	25
137	26	26
137	27	28
137	29	30
137	31	31
137	32	32

138	0	0
138	1	1
138	3	3
138	4	6
138	7	7
138	8	9
138	10	11
138	12	13
138	14	14
138	15	15
138	16	16
138	17	18
138	19	20
138	21	22
138	23	23
138	24	25
138	26	27
138	28	29
138	30	30
138	31	31
138	32	32
138	33	34
138	35	35
138	36	36
138	37	38
138	39	41
138	42	42
138	43	43
138	45	46
138	47	47

139	0	0
139	1	1
139	3	5
139	6	7
139	8	9
139	10	10
139	11	11
139	12	13
139	14	14
139	15	17
139	18	18
139	19	22
139	23	23
139	24	27
139	28	28
139	29	33
139	34	34
139	35	36
139	37	38
139	39	40
139	41	41
139	42	43
139	44	44
139	45	46
139	47	47
139	49	49
139	50	50
139	51	52
139	53	53

140	2	2
140	3	3
140	5	6
140	7	7
140	8	9
140	10	10
140	11	12
140	13	14
140	15	16
140	17	17
140	18	18
140	19	19
140	20	21
140	22	23
140	24	27
140	28	30
140	31	31
140	32	32

141	2	2
141	3	3
141	5	7
141	8	10
141	11	12
141	13	13
141	14	14
141	15	16
141	17	18
141	19	20
141	21	21
141	22	23
141	24	24
141	25	25
141	26	26
141	27	28
141	29	29

142	0	0
142	1	1

143	0	1
143	2	3
143	4	4
143	5	7

144	0	1
144	3	4
144	5	6
144	7	7

145	0	1
145	3	4
145	5	6
145	7	8

146	0	1
146	3	3
146	4	5
146	6	6
146	7	7
146	8	8
146	10	12
146	13	13

147	0	1
147	3	4

148	0	2
148	3	3
148	5	6
148	7	7
148	8	11
148	12	18
148	20	21
148	22	22
148	23	24
148	26	26
148	27	28
148	29	30
148	31	31
148	32	33
148	35	35
148	36	39
148	40	40
148	41	43
148	44	44
148	46	50
148	52	52
148	53	57
148	59	59
148	60	62

149	0	1

150	0	2

151	0	2

152	0	2
152	4	6

153	0	2
153	4	4
153	5	6
153	7	7
153	8	8
153	9	9
153	10	11

154	0	0
154	1	8

155	0	0
155	1	4
155	5	5
155	6	8
155	10	14

156	0	2

157	0	2

158	0	2

159	0	2

160	2	2
160	3	5
160	6	8
160	9	12
160	13	14
160	15	16
160	17	18
160	19	19
160	20	21
160	22	22
160	23	24
160	25	25
160	26	28
160	29	29
160	30	30
160	31	32
160	33	33
160	34	35
160	36	37
160	38	38
160	39	40
160	41	41

162	0	2
162	3	4
162	5	5
162	6	7
162	8	9
162	10	10

163	2	2
163	3	3
163	5	7
163	8	8
163	9	10
163	11	12
163	13	13
163	14	15
163	16	17
163	18	18
163	19	20
163	21	21
163	22	23
163	24	24
163	25	26
163	27	27
163	28	29
163	30	33
163	34	34

164	2	2
164	3	3
164	5	6
164	7	7
164	8	9
164	10	10
164	11	12
164	13	15
164	16	16
164	17	19
164	20	20
164	21	24
164	25	25
164	26	29
164	30	30
164	31	31
164	32	32
164	33	34
164	35	36
164	37	37

165	0	0
165	1	1
165	3	6
165	7	10
165	11	11
165	12	12
165	13	14
165	15	17
165	18	18
165	19	20
165	21	24
165	25	25
165	26	27
165	28	29
165	30	31
165	32	32
165	33	34
165	35	36
165	37	38
165	39	41
165	42	42
165	43	46
165	48	48
165	49	50
165	51	54
165	55	55
165	56	56

166	0	2
166	3	5
166	6	7
166	8	9
166	10	11
166	12	17
166	18	18
166	19	20
166	21	22
166	23	23
166	24	25
166	26	27
166	28	28
166	29	29
166	30	30
166	31	32
166	33	33
166	34	35
166	36	37
166	38	38
166	39	39
166	40	42
166	43	44
166	45	45
166	46	47
166	48	49
166	51	51
166	52	53
166	54	54
166	55	55
166	56	57
166	58	59
166	60	61
166	62	63
166	64	65
166	66	66
166	67	68
166	69	69

167	0	2
167	3	4
167	5	5
167	6	7
167	8	8
167	9	10
167	11	11
167	12	13
167	14	15
167	16	16

168	2	2
168	3	3
168	4	6
168	7	8
168	9	9
168	10	11
168	12	13
168	14	14
168	15	16
168	17	17
168	18	19
168	20	20
168	21	22
168	23	24
168	25	25

169	0	0
169	1	1
169	3	5
169	6	6
169	7	8
169	9	10
169	11	11
169	12	12
169	13	13
169	14	14
169	15	16
169	17	18
169	19	19
169	20	20
169	21	21
169	22	24
169	25	26
169	27	27
169	28	29
169	30	30
169	31	31
169	32	33
169	34	37
169	38	38
169	39	39
169	40	40
169	41	42
169	43	44
169	45	46
169	48	48
169	49	50
169	51	51
169	52	53
169	54	55
169	56	56
169	57	58
169	59	60
169	61	61
169	62	63
169	64	65
169	66	66
169	67	67
169	68	68
169	69	69
169	70	71
169	72	72
169	73	74
169	75	75

170	0	0
170	1	1
170	3	5
170	6	7
170	8	9
170	10	10
170	11	11
170	12	12
170	13	14
170	15	16
170	17	18
170	19	19
170	20	21
170	22	23
170	24	24
170	25	26
170	27	27
170	28	28
170	29	29
170	30	32
170	33	34
170	35	36
170	37	37
170	38	39
170	40	40
170	41	42
170	43	43
170	45	45
170	46	47
170	48	48
170	49	50
170	51	52
170	53	54
170	55	56
170	57	58
170	59	59
170	60	61
170	62	63
170	64	65
170	66	66
170	67	68
170	69	70
170	71	71
170	72	73
170	74	76
170	77	78
170	79	79
170	80	81
170	82	82
170	83	84
170	85	85
170	87	88
170	89	89
170	90	90
170	91	93
170	94	94
170	95	95
170	96	98
170	99	99
170	100	101
170	102	103
170	104	104
170	105	105
170	106	107
170	108	108
170	109	109

171	0	3
171	4	6
171	7	7
171	8	9
171	10	11
171	12	12

172	0	0
172	1	1
172	3	4
172	5	6
172	7	8
172	9	9
172	10	11
172	12	13
172	14	14
172	15	16
172	17	18
172	19	19

173	0	0
173	1	1
173	3	4
173	5	6
173	7	9
173	10	10

174	0	0
174	1	1
174	3	5
174	6	6
174	7	8
174	9	9
174	10	11
174	12	13
174	14	14
174	15	16
174	17	18
174	19	19
174	20	21
174	22	23
174	24	24
174	25	26
174	27	27

175	0	3
175	4	5
175	6	7
175	8	8
175	9	11
175	12	12
175	13	15
175	16	16
175	17	17
175	18	18
175	19	20
175	21	21
175	22	23
175	24	25
175	26	27
175	28	29
175	30	30

176	0	0
176	1	2
176	3	4

177	0	2
177	3	4
177	5	6

178	0	1
178	2	3
178	4	5
178	6	7
178	8	8

179	0	0
179	1	1
179	3	4
179	5	5
179	6	6
179	7	7
179	8	8
179	10	12
179	13	13
179	14	16
179	17	17
179	18	20
179	21	21
179	22	25
179	26	26
179	27	27

180	0	0
180	1	1
180	3	4
180	5	5
180	6	6
180	7	10
180	11	11
180	12	13
180	14	14
180	15	15
180	16	18
180	19	19
180	20	20

181	0	0
181	1	1
181	3	4
181	5	6
181	7	8
181	9	9
181	10	10
181	11	13
181	14	14
181	15	15

182	0	0
182	1	1
182	3	4
182	5	5
182	6	6
182	7	7
182	8	8
182	9	11
182	12	12
182	13	13

183	0	0
183	1	1
183	3	4
183	5	6
183	7	7
183	8	8
183	9	11
183	12	12
183	13	13

184	0	2
184	3	4
184	5	6

185	0	2
185	3	3
185	4	4
185	5	6
185	7	8
185	9	10
185	11	11
185	12	13
185	14	15
185	16	17
185	18	19
185	20	20
185	21	21
185	22	23
185	24	25
185	26	27
185	28	29
185	30	30

186	0	0
186	1	1
186	3	4
186	5	6
186	7	8
186	9	9
186	10	10
186	11	13
186	14	14
186	15	15

187	0	0
187	1	1
187	3	4
187	5	6
187	7	7
187	8	8
187	9	11
187	12	12
187	13	13

188	0	0
188	1	1
188	3	4
188	5	6
188	7	8
188	9	9
188	10	10
188	11	13
188	14	14
188	15	15

189	0	0
189	1	1
189	3	4
189	5	6
189	7	8
189	9	9
189	10	10
189	11	13
189	14	14
189	15	15

190	0	2
190	3	3
190	4	4
190	5	7
190	8	8
190	9	10
190	11	12
190	13	14
190	15	15
190	16	16
190	17	17
190	18	19
190	20	21
190	22	23
190	24	24

191	0	0
191	1	1
191	3	3
191	4	5
191	6	7
191	8	8
191	9	9

192	0	0
192	1	1
192	3	3
192	4	5
192	6	6
192	7	8
192	9	9
192	10	11
192	12	12
192	13	14
192	15	16
192	17	18
192	19	20
192	21	24
192	25	26
192	27	27
192	28	28

193	0	0
193	1	1
193	3	4
193	5	6
193	7	8
193	9	10
193	11	12
193	13	14
193	15	15
193	16	16

194	0	0
194	1	1
194	3	4
194	5	6
194	7	7
194	8	9
194	10	10
194	11	11
194	12	12
194	13	14
194	15	16
194	17	18
194	19	19

195	0	0
195	1	1
195	3	4
195	5	6
195	7	8
195	9	10
195	11	12
195	13	14
195	15	16
195	17	17
195	18	18

196	0	2
196	3	3
196	4	4
196	5	6
196	7	8
196	9	10
196	11	12
196	13	14
196	15	15

197	0	0
197	1	1
197	3	3
197	4	5
197	6	7
197	8	9
197	10	10

198	0	0
198	1	1
198	3	4
198	5	6
198	7	7
198	8	9
198	10	10
198	11	12
198	13	14
198	15	16
198	17	17
198	18	19
198	20	20
198	21	22
198	23	23
198	24	24
198	25	26
198	27	27
198	28	28
198	30	35
198	36	36
198	37	38
198	39	40
198	41	42
198	43	44
198	45	45
198	46	47
198	48	48
198	50	50
198	51	52
198	53	53
198	54	55
198	56	56
198	57	57
198	58	59
198	60	61
198	62	62
198	63	63
198	64	66
198	67	67
198	68	68
198	69	71
198	72	72

199	0	0
199	1	2
199	3	4

200	0	2
200	3	4
200	5	5
200	6	6
200	7	10
200	11	11
200	12	13

201	3	5
201	6	7
201	8	9
201	10	10
201	11	11
201	12	15
201	16	16
201	17	18
201	19	19
201	20	22
201	23	23
201	24	25
201	26	26
201	27	27
201	28	29
201	30	31
201	32	33
201	34	35
201	36	36
201	37	37
201	38	38
201	39	39
201	40	41
201	42	43
201	44	44
201	45	46
201	48	48
201	49	50
201	51	52
201	53	53
201	54	55
201	56	56

202	0	2
202	3	4
202	5	6
202	7	8

203	3	3
203	4	6
203	7	7
203	8	8
203	9	9
203	10	11
203	12	12
203	13	13
203	14	16
203	17	18
203	19	21
203	22	22
203	23	24
203	25	25
203	26	27
203	28	29
203	30	32
203	33	33
203	34	34
203	35	36
203	37	39
203	40	40
203	41	41
203	42	43
203	44	45
203	46	47
203	49	50
203	51	55
203	56	56
203	57	57
203	58	60
203	61	62
203	63	64
203	65	66
203	67	67
203	68	68
203	69	69
203	70	70
203	71	73
203	74	75
203	76	76
203	77	78
203	79	80
203	81	81
203	82	83
203	84	84

205	0	2
205	3	4
205	5	6

206	3	3
206	4	6
206	7	8
206	9	9
206	10	11
206	12	15
206	16	16
206	17	17
206	18	18
206	19	20
206	21	22
206	23	23
206	24	24
206	25	25
206	26	27
206	28	29
206	30	32
206	33	33
206	34	34
206	35	36
206	37	37
206	38	39
206	40	41
206	42	42

207	0	2
207	3	4
207	5	6

208	3	3
208	4	4
208	5	5
208	6	7
208	8	8
208	9	10
208	11	12
208	13	13
208	14	14
208	15	15
208	16	18
208	19	19
208	20	20
208	21	21
208	22	23
208	24	24
208	25	25
208	26	28
208	29	30
208	31	32
208	33	33
208	34	34
208	35	36
208	37	38
208	39	39
208	40	40
208	41	42
208	43	44
208	45	45
208	46	46
208	47	47
208	49	49
208	50	51
208	52	53
208	54	54
208	55	57
208	58	58
208	59	60
208	61	62
208	63	64
208	65	66
208	67	67
208	68	68
208	69	70
208	71	71
208	72	73
208	74	75
208	76	76

210	0	0
210	1	1
210	2	3
210	4	5

211	0	2
211	3	4
211	5	6
211	7	8

212	0	1
212	2	3
212	4	5
212	6	6
212	7	9
212	10	10
212	11	11
212	12	12
212	13	14
212	15	16
212	17	17

213	0	2
213	3	4
213	5	6

214	2	3
214	4	5
214	6	6
214	7	8
214	9	11
214	12	12
214	13	14
214	15	16
214	17	18
214	19	19
214	20	20
214	21	21
214	22	23
214	24	24
214	25	26
214	27	27
214	28	28
214	29	29
214	30	30
214	31	32
214	33	34
214	35	35
214	36	37
214	38	39
214	40	42
214	43	43
214	45	45
214	46	47
214	48	48
214	49	50
214	51	51
214	52	53
214	54	54
214	55	56
214	57	58
214	59	59
214	60	61
214	62	63
214	64	66
214	67	67
214	68	68
214	69	69
214	70	70
214	71	71
214	72	72
214	73	73
214	74	74
214	75	75
214	76	76
214	77	77
214	78	79
214	80	82
214	83	83
214	84	85
214	86	87
214	88	88
214	89	89
214	91	94
214	95	95
214	96	99
214	101	107
214	108	108
214	109	110
214	111	111

219	0	0
219	1	1
219	2	4
219	5	7
219	8	9
219	10	11
219	12	12
219	13	13
219	14	14
219	15	15
219	16	18
219	19	19
219	20	21
219	22	22

220	0	0
220	1	1
220	2	3
220	4	5
220	6	6
220	7	8
220	9	11
220	12	12
220	13	14
220	15	16

222	0	2
222	3	4
222	5	5
222	6	6
222	7	8

223	0	1
223	2	3
223	4	4
223	5	6
223	7	8
223	9	9
223	10	11
223	12	12
223	13	13
223	14	15
223	16	16
223	17	18
223	19	19
223	20	21
223	22	23
223	24	24
223	25	26
223	27	28
223	29	29
223	30	30
223	31	33
223	34	34
223	35	36
223	37	37
223	38	39
223	40	40

224	0	2
224	3	3
224	4	4
224	5	6
224	7	8
224	9	9
224	10	11
224	12	13

225	0	2
225	3	3
225	4	6
225	7	8
225	9	10
225	11	12
225	13	13
225	14	14

229	0	0
229	1	1
229	2	2
229	3	4
229	5	5
229	6	6
229	7	7
229	8	9
229	10	11
229	12	12
229	13	13
229	14	14
229	15	16
229	17	17
229	18	18
229	19	19
229	20	21
229	22	22
229	23	23
229	24	24
229	25	25
229	26	26
229	27	27
229	28	29
229	30	31
229	32	32
229	33	33
229	34	34
229	35	36
229	37	38
229	39	40
229	41	43
229	44	44

230	0	0
230	1	1
230	2	2
230	3	3
230	4	5
230	6	8
230	9	9
230	10	10
230	11	11
230	12	12
230	13	14
230	15	17
230	18	18
230	19	19
230	20	20
230	22	22
230	23	24
230	25	27
230	28	28
230	29	30
230	31	31
230	32	33
230	34	34
230	35	36
230	37	37
230	38	38
230	39	41
230	42	42

231	0	0
231	1	1
231	2	3
231	4	5
231	6	7
231	8	9
231	10	12

232	0	2
232	3	3
232	4	6
232	7	8
232	9	10
232	11	11
232	12	13
232	14	15
232	16	16

233	3	3
233	4	4
233	6	7
233	8	9
233	10	11
233	12	12
233	13	14
233	15	16
233	17	17
233	18	18
233	19	20
233	21	21
233	22	23
233	24	25
233	26	26

234	0	0
234	1	1
234	3	4
234	5	6
234	7	8
234	9	9
234	10	11
234	12	13
234	14	15
234	16	16
234	17	17
234	18	19
234	20	21
234	22	22
234	23	24
234	25	25
234	26	28
234	29	29
234	30	31
234	32	33
234	34	34
234	35	35
234	36	36
234	37	38
234	39	41
234	42	42
234	43	44
234	45	45
234	47	47
234	48	49
234	50	50
234	51	52
234	53	53
234	54	55
234	56	56
234	57	58
234	59	61
234	62	62
234	63	63

235	0	2
235	3	3
235	4	4
235	5	8

236	0	2
236	3	3
236	4	6
236	7	9
236	10	10
236	11	12
236	13	14

237	3	5
237	6	6
237	7	8
237	9	10
237	11	12
237	13	13
237	14	15
237	16	16
237	17	17
237	18	18
237	19	20
237	21	21

239	0	2
239	3	3
239	4	6
239	7	8
239	9	10
239	11	12
239	13	14

240	2	3
240	4	5
240	6	7
240	8	8
240	9	9
240	10	10
240	11	13
240	14	16
240	18	22
240	23	24
240	25	25
240	26	26
240	27	27
240	28	30
240	31	31
240	32	33
240	34	35
240	36	36
240	37	38
240	39	40
240	41	41
240	42	43
240	44	45
240	46	46
240	48	50
240	51	51
240	52	52
240	53	53
240	54	55
240	56	57
240	58	59
240	60	60
240	61	64
240	65	65
240	66	67
240	68	68
240	69	69
240	70	70
240	71	73
240	74	75
240	76	77
240	78	78
240	79	79
240	80	81
240	82	82
240	83	83
240	84	85
240	86	88
240	89	89
240	90	91
240	92	93

241	0	0
241	1	1
241	2	3
241	4	5
241	6	7
241	8	8
241	9	9
241	10	11
241	12	13
241	14	14
241	15	16
241	17	18
241	19	20
241	21	21
241	22	23
241	24	26
241	27	27
241	28	29
241	30	32
241	33	33
241	34	35
241	36	37
241	38	38

242	0	2
242	3	3
242	4	6
242	7	8
242	9	10
242	11	12
242	13	14

243	3	4
243	5	6
243	7	8
243	9	10
243	11	11
243	12	12
243	13	13
243	14	16
243	17	19
243	20	20
243	21	21
243	22	22
243	23	24
243	25	28
243	29	29
243	30	31
243	32	33
243	34	34
243	35	35
243	36	36
243	37	39
243	40	40
243	41	42
243	43	44
243	45	45
243	47	47
243	48	49
243	50	51
243	52	52
243	53	54
243	55	56
243	57	59
243	60	61
243	62	63
243	64	65
243	66	67
243	68	68
243	69	70
243	71	72
243	73	74
243	75	75
243	76	76
243	77	77
243	78	78
243	79	79
243	80	80
243	81	81
243	82	82
243	83	83
243	84	85
243	86	87
243	88	88
243	89	89
243	90	91
243	92	93
243	94	94
243	96	99
243	100	101
243	102	103
243	104	104
243	105	105
243	106	106
243	107	109
243	110	111
243	112	113
243	114	114
243	115	115
243	116	116
243	117	118
243	119	119
243	120	121
243	122	124
243	125	126
243	127	128
243	129	130
243	131	131
243	132	133
243	134	135
243	136	136
243	137	137
243	138	139
243	140	140
243	142	142
243	143	143
243	144	145
243	146	147
243	148	148
243	149	150
243	151	153
243	154	154
243	155	156
243	157	159
243	160	160
243	161	162
243	163	164
243	165	165

244	0	2
244	3	3
244	4	6
244	7	8
244	9	9
244	10	11

245	0	1
245	2	3
245	4	6
245	7	7
245	8	8
245	9	11
245	12	12
245	13	13
245	14	16
245	17	17
245	18	18
245	19	21
245	22	22
245	23	23
245	24	26
245	27	27
245	28	29
245	30	30
245	31	32
245	33	33
245	34	34
245	35	36
245	37	38
245	39	39

246	0	2
246	3	3
246	4	6
246	7	8
246	9	10

247	0	1
247	2	3
247	4	6
247	7	8
247	9	9

248	0	0
248	1	1
248	2	4

249	0	0
249	1	1
249	2	2

250	0	1
250	2	2
250	3	4
250	5	6
250	7	7
250	8	9
250	10	10
250	11	13
250	14	14

251	0	1
251	2	2
251	3	3
251	4	4
251	5	6
251	7	7
251	8	9
251	10	10
251	11	11
251	12	12
251	13	13
251	14	14
251	15	15

252	0	1
252	2	2
252	3	4
252	5	5
252	6	6
252	7	7
252	9	9
252	11	11
252	12	12
252	13	13
252	14	14
252	15	15
252	16	16
252	17	19
252	20	20
252	21	22
252	23	23
252	24	25
252	26	26
252	27	28
252	29	29
252	30	31
252	32	32

253	0	1
253	2	2
253	3	3
253	4	5
253	6	6
253	7	7
253	8	8
253	9	9
253	10	10
253	11	11
253	12	12
253	13	13
253	14	14
253	15	15
253	16	18
253	19	19
253	20	22
253	23	23
253	24	25
253	26	26
253	27	27
253	28	28
253	29	30
253	32	32
253	34	34
253	35	35

254	0	0
254	1	1
254	2	2
254	4	4
254	5	6
254	7	7
254	8	9
254	10	10
254	11	11

255	0	1
255	2	2
255	3	3
255	4	5
255	6	7
255	8	8
255	9	10
255	11	11
255	12	12

256	0	3
256	4	4
256	5	5
256	6	7
256	8	9
256	10	10
256	11	12

257	0	1
257	2	3
257	4	5
257	6	6
257	7	7
257	8	8
257	9	10
257	11	11
257	12	13
257	14	15
257	16	17
257	18	18
257	19	21
257	22	23
257	24	26
257	27	27
257	28	28
257	29	29
257	30	30
257	31	32
257	33	34
257	35	35

258	0	0
258	1	1
258	2	3
258	4	4
258	5	5
258	6	6
258	7	7
258	8	8
258	9	9
258	10	10

259	0	0
259	1	1
259	2	2

260	4	4
260	5	5
260	6	6
260	8	8
260	9	9
260	11	11
260	12	14
260	15	15
260	16	16
260	17	18
260	19	20
260	21	21
260	22	23
260	24	24
260	25	26
260	27	27

261	0	0
261	1	1
261	2	2
261	4	4
261	5	6
261	7	7
261	8	9
261	10	10
261	11	11
261	12	12

262	0	0
262	1	1
262	2	2
262	3	3
262	5	6
262	7	7
262	8	8
262	9	10
262	11	11

263	0	1
263	2	3
263	4	5
263	6	7
263	8	9
263	10	11
263	12	13
263	14	14
263	15	16
263	17	18
263	19	19

264	0	0
264	1	2
264	3	3
264	4	5
264	6	7
264	8	8
264	9	10
264	11	13
264	14	14
264	15	16
264	17	17
264	18	18
264	19	21
264	22	22
264	23	24
264	25	26
264	27	28
264	29	30
264	31	31

265	0	2
265	3	4
265	5	6
265	7	8

266	3	3
266	4	4
266	5	5
266	6	7
266	8	8
266	9	11
266	12	13
266	14	16
266	17	17
266	18	19
266	20	22
266	23	23
266	24	24
266	25	26
266	27	27
266	28	28
266	29	30
266	31	31
266	32	33
266	34	34
266	35	36
266	37	39
266	40	40
266	41	41
266	42	43
266	44	44
266	45	47
266	49	50
266	51	51
266	52	53
266	54	54
266	55	55
266	56	57
266	58	58
266	59	60
266	61	62
266	63	64
266	65	65
266	66	66
266	67	68
266	69	69
266	70	70
266	71	71
266	72	73
266	74	75
266	76	77
266	78	78
266	79	80
266	81	81
266	82	83
266	84	84
266	85	86
266	87	88
266	89	89

267	0	0
267	1	2
267	3	3
267	4	5
267	6	6
267	7	8
267	9	9
267	10	11

268	0	2
268	3	4

269	3	4
269	5	7
269	8	8
269	9	9
269	10	11
269	12	12
269	13	14
269	15	16
269	17	17
269	18	19
269	20	21
269	22	23
269	24	24
269	25	26
269	27	27
269	28	29
269	30	31
269	32	32
269	33	33
269	35	39
269	40	40
269	41	42
269	43	43
269	44	44
269	45	46
269	47	48
269	49	49
269	51	51
269	52	52

270	3	3
270	4	4
270	6	7
270	8	8
270	9	10
270	11	12
270	13	14
270	15	16
270	17	17

271	0	0
271	1	1
271	3	6
271	7	7
271	8	9
271	10	10

272	0	0
272	1	1
272	3	4
272	5	6
272	7	8
272	9	9
272	10	11
272	12	12
272	13	14
272	15	15

273	0	0
273	1	1
273	3	4
273	5	6
273	7	7
273	8	9
273	10	10
273	11	11
273	12	12

274	0	0
274	1	1
274	3	4
274	5	6
274	7	7
274	8	9
274	10	10
274	11	11
274	12	12
274	13	13

275	0	0
275	1	1
275	3	4
275	5	5
275	6	7
275	8	8
275	9	10
275	11	11
275	12	12
275	13	13
275	14	14
275	15	15
275	16	16

276	0	0
276	1	1
276	3	4
276	5	5
276	6	7
276	8	8
276	9	10
276	11	11
276	12	13
276	14	14
276	15	15
276	16	16

277	0	0
277	1	1
277	3	3
277	4	5
277	6	6
277	7	8
277	9	9
277	10	11
277	12	12

278	0	0
278	1	1
278	3	3
278	4	4
278	5	5
278	6	7
278	8	8
278	9	10
278	11	11

279	0	0
279	1	1
279	3	4
279	5	6
279	7	7

280	0	0
280	1	1
280	3	4
280	5	6
280	7	7

281	0	0
281	1	1
281	3	4
281	5	6
281	7	7

282	0	2
282	3	4

283	0	2
283	3	3
283	4	4
283	5	6
283	7	7
283	8	8
283	9	9
283	10	10
283	11	11
283	12	14
283	15	16
283	17	18
283	19	19
283	20	21
283	22	23
283	24	25
283	26	26
283	27	28
283	29	30
283	31	31
283	32	33
283	34	35
283	36	37
283	38	38
283	39	40
283	41	45
283	46	47
283	49	49
283	50	50

284	0	2
284	3	3
284	4	4
284	5	7
284	8	8
284	9	10
284	11	11
284	12	12
284	13	14
284	15	16
284	17	17
284	18	19
284	20	20
284	21	23
284	24	24
284	25	25
284	26	27
284	28	29
284	30	31
284	32	32
284	33	34
284	35	35
284	36	37
284	38	39
284	40	41
284	42	42
284	43	43

285	0	2
285	3	3
285	4	4
285	5	6
285	7	8
285	9	10
285	11	11
285	12	13
285	14	14
285	15	15
285	16	16
285	17	18
285	19	19
285	20	20
285	21	21
285	22	23
285	24	24
285	25	26
285	27	27
285	28	29
285	30	30
285	31	32
285	33	34
285	35	35
285	36	39
285	40	40
285	41	42
285	43	43

286	0	2
286	3	4
286	5	6

287	0	0
287	1	2
287	3	4
287	5	6
287	7	8
287	9	10
287	11	12
287	13	13

288	0	0
288	1	1
288	3	5
288	6	6

289	0	0
289	1	1
289	3	4
289	5	6
289	7	9
289	10	10

290	0	0
290	1	1
290	3	4
290	5	6
290	7	9
290	10	10

291	0	0
291	1	1
291	3	5
291	6	8
291	9	9
291	10	11
291	12	14
291	15	15
291	16	19
291	20	20
291	21	21

292	0	0
292	1	1
292	3	5
292	6	7
292	8	8
292	9	11
292	12	12

293	0	2
293	3	4
293	5	5
293	6	7

294	0	2
294	3	4
294	5	5
294	6	7
294	8	8
294	9	10
294	11	12
294	13	13

295	0	0
295	1	1
295	3	5
295	6	6
295	7	8
295	9	10
295	11	11
295	12	12
295	13	14
295	15	16
295	17	18
295	19	19
295	20	21
295	22	23
295	24	24

296	0	0
296	1	1
296	3	4
296	5	5
296	6	7
296	8	9
296	10	11
296	12	12
296	13	13
296	14	15
296	16	16
296	17	17
296	19	21
296	22	22
296	23	24
296	25	25

297	0	0
297	1	1
297	3	5
297	6	6
297	7	8
297	9	9
297	10	10
297	11	13
297	14	15
297	16	16
297	17	18
297	19	19
297	20	20
297	21	23
297	24	24
297	25	26
297	27	28
297	29	31
297	32	32
297	33	35
297	36	36
297	37	37
297	38	39
297	40	40
297	41	42
297	43	43
297	45	45
297	46	46

