1	0	2
1	4	9

2	0	2

3	0	2
3	3	3
3	4	8
3	9	9
3	10	13

4	0	6
4	7	10
4	11	12

5	0	1
5	2	2
5	3	3
5	5	8
5	9	9
5	10	13

6	0	1
6	3	4
6	5	5
6	6	6
6	8	11
6	12	12
6	13	16

7	0	2
7	3	3
7	4	5
7	6	6
7	7	9
7	10	12

8	0	5
8	6	6
8	7	9
8	11	13
8	15	19
8	21	27
8	29	31
8	33	43

9	0	3
9	4	4
9	5	6
9	7	7
9	8	9
9	11	12

10	0	6
10	7	8
10	9	10
10	11	11
10	12	13
10	14	16
10	18	19

11	0	1
11	3	4

12	0	0
12	2	2
12	3	3
12	4	4
12	5	5
12	6	6
12	7	7
12	8	8
12	9	9
12	10	10
12	11	11
12	12	12
12	13	13
12	14	14
12	15	15
12	16	16
12	17	17
12	18	18
12	19	19
12	20	20
12	21	21
12	22	22
12	23	23
12	24	24
12	25	25
12	26	26
12	27	27
12	28	28
12	29	29
12	30	30
12	31	31
12	32	32
12	33	33
12	34	34
12	35	35
12	36	36
12	37	37
12	38	38
12	39	39
12	40	40
12	41	44
12	45	45

13	0	0
13	1	3
13	4	5
13	6	7
13	9	9

14	0	0
14	2	2

15	0	0
15	1	4
15	5	5
15	6	7
15	11	11

16	0	0
16	1	1
16	2	2
16	3	6
16	8	8

17	0	2
17	3	6
17	10	10

18	0	0
18	2	3
18	4	5
18	7	7

19	0	0
19	1	2
19	3	3
19	5	5

20	0	0
20	1	1
20	2	2
20	3	3
20	5	5
20	6	6
20	7	7
20	8	8

21	0	2
21	3	5
21	8	8

22	0	0
22	1	1
22	2	2
22	13	13

23	0	2
23	3	4
23	5	6
23	7	8
23	10	10

24	0	0
24	1	1
24	2	2
24	3	4
24	5	7
24	9	9

25	0	2
25	4	4
25	17	17

26	0	0
26	1	2
26	3	3
26	4	5
26	6	6
26	7	8
26	9	9
26	10	10
26	14	14

27	0	0
27	1	1
27	14	14

28	0	2
28	3	4
28	8	8

29	0	2
29	3	4
29	5	6
29	10	10

30	0	2
30	3	4
30	5	5
30	6	6
30	8	8

31	0	0
31	1	1
31	2	3
31	4	5
31	6	7
31	8	9
31	10	12
31	14	14

32	3	3
32	4	5
32	6	7
32	8	9
32	10	10
32	11	11
32	13	16
32	17	17
32	18	21
32	22	22
32	23	25
32	26	26
32	27	28
32	29	29
32	30	32
32	33	35
32	36	36
32	37	37

33	3	4
33	5	5
33	6	6
33	7	8
33	9	9
33	10	10
33	12	15
33	16	16
33	17	20
33	21	22
33	23	23
33	24	25
33	26	27
33	28	29
33	30	30

34	3	3
34	4	4
34	5	6
34	7	8
34	9	10
34	11	11
34	12	13
34	14	14
34	16	16
34	17	18
34	19	19
34	20	21
34	22	22
34	23	24
34	25	25
34	26	27
34	28	29
34	30	30
34	31	31
34	32	32
34	33	33
34	34	34
34	35	35
34	36	36

35	0	0
35	2	2
35	3	4
35	5	5
35	6	6
35	7	7
35	8	8
35	9	10
35	11	12
35	13	14
35	15	15
35	16	16
35	17	17
35	18	18
35	19	22
35	23	23
35	24	25
35	26	26
35	27	27
35	28	28
35	29	30
35	31	31
35	32	33
35	34	34
35	35	38
35	39	40
35	41	41
35	42	43
35	45	45
35	46	46
35	47	48
35	49	49
35	50	52
35	53	53

36	0	0
36	1	1
36	2	2
36	3	3
36	4	4
36	5	5
36	6	6
36	7	8
36	9	10
36	11	11
36	12	13
36	14	14
36	15	15
36	16	16
36	17	17
36	18	18
36	19	19
36	20	20
36	21	21
36	22	22
36	23	24
36	25	26
36	27	27
36	28	29
36	30	30
36	31	32
36	33	33
36	34	37
36	38	39
36	40	40
36	41	41
36	42	42
36	43	43
36	44	44
36	46	47
36	48	48
36	49	49
36	50	50
36	51	51
36	52	52
36	53	53

37	0	0
37	1	1
37	2	2
37	3	3
37	4	4
37	5	5
37	6	6
37	7	7
37	8	8
37	9	9
37	10	11
37	12	12
37	13	13
37	14	14
37	15	15
37	16	16
37	17	17
37	18	18
37	19	19
37	20	20
37	21	21
37	22	22
37	23	23
37	24	25
37	26	27
37	28	28
37	29	30
37	31	31
37	33	36
37	37	38
37	39	39
37	40	40
37	41	41
37	42	42
37	43	43
37	44	44
37	45	45
37	47	47
37	48	48
37	49	50
37	51	51
37	52	52
37	53	53
37	54	54
37	55	55
37	56	56
37	57	57
37	58	58
37	59	59

38	0	0
38	2	2
38	3	4
38	5	5
38	6	6
38	7	7
38	8	8
38	9	10
38	11	12
38	13	14
38	15	15
38	16	16
38	17	17
38	18	18
38	19	19
38	20	20
38	21	21
38	22	23
38	24	25
38	26	26
38	27	28
38	29	29
38	30	31
38	32	32
38	33	36
38	37	38
38	39	39
38	40	41
38	42	42
38	43	43
38	45	46
38	47	47
38	48	50
38	51	51
38	52	52

39	3	3
39	4	4
39	5	6
39	7	8
39	9	10
39	11	12
39	13	13
39	14	14
39	15	15
39	16	17
39	18	19
39	20	20

40	3	3
40	4	5
40	6	6
40	7	8
40	9	10
40	11	11
40	12	13
40	14	16
40	17	18
40	19	19

41	3	3
41	4	5
41	6	6
41	7	8
41	9	11
41	12	14
41	15	16
41	17	19
41	20	20
41	21	26
41	27	27
41	28	29
41	30	30

42	1	1
42	2	3
42	4	5
42	6	7
42	8	8
42	9	10
42	11	13
42	14	16
42	17	17
42	18	19
42	20	22
42	23	24
42	25	27
42	28	28
42	29	30
42	31	32
42	33	34
42	35	36
42	37	38
42	39	40
42	41	41
42	43	43
42	44	45
42	46	48
42	49	51
42	52	52
42	53	55
42	56	56
42	57	59
42	60	60

43	3	4
43	5	6
43	7	8
43	9	9
43	10	11
43	12	13
43	14	15
43	16	17
43	18	18

44	3	3
44	4	4
44	5	7
44	9	10
44	12	14
44	15	15
44	16	19
44	20	20
44	22	23
44	24	24
44	25	29
44	30	30
44	31	34
44	35	35

45	0	2
45	3	3
45	4	5
45	6	6
45	7	9
45	10	12

46	0	0
46	1	2

47	3	3
47	4	7
47	8	8
47	9	11
47	12	12
47	13	15
47	16	17
47	18	18
47	19	21
47	22	24
47	25	25
47	26	28
47	29	29
47	30	30
47	31	32
47	33	34
47	35	37
47	38	38
47	39	39
47	40	41
47	42	42
47	43	44
47	45	45
47	47	50
47	51	51
47	52	53
47	54	54
47	55	56
47	57	58
47	59	59
47	60	61
47	62	63
47	64	64
47	65	66
47	67	68
47	69	69
47	70	71
47	72	72
47	73	74
47	75	75
47	76	77
47	78	78
47	79	80
47	81	81

48	2	2
48	3	4
48	5	6
48	7	8
48	9	10
48	11	12
48	13	15
48	16	16
48	17	18
48	19	21
48	22	22
48	23	23
48	24	26
48	27	27

49	0	0
49	1	3
49	4	5
49	6	7

50	3	4
50	5	6
50	7	7
50	8	8
50	9	10
50	11	12
50	13	13
50	14	15
50	16	16
50	17	17
50	18	18
50	19	19
50	20	20
50	21	22
50	23	23
50	24	25
50	26	26
50	27	28
50	29	29
50	30	31
50	32	32
50	33	34
50	35	35
50	36	37
50	38	39
50	40	40
50	41	41
50	42	43
50	44	45
50	46	46
50	48	49
50	50	50
50	51	51
50	52	52
50	53	54
50	55	56
50	57	57
50	58	59
50	60	60
50	61	61
50	62	64
50	65	65
50	66	67
50	68	69
50	70	70
50	71	72
50	73	73
50	74	75
50	76	76
50	77	78
50	79	80
50	81	81
50	82	83
50	84	87
50	88	88
50	89	90
50	91	92
50	94	95
50	96	96
50	97	98
50	99	100
50	101	102
50	103	103
50	104	105
50	106	107
50	108	108
50	109	110
50	111	112
50	113	114
50	115	115
50	116	117
50	118	119
50	120	120
50	121	121
50	122	123
50	124	125
50	126	127
50	128	129
50	130	131
50	132	132

51	0	1
51	2	2
51	3	3
51	5	7
51	8	8
51	9	12
51	14	15
51	16	17
51	18	19
51	20	21
51	23	23
51	24	32
51	33	33
51	35	38
51	39	39

52	3	12
52	13	13
52	14	17
52	18	19
52	20	21
52	22	23
52	24	25
52	27	27
52	28	28
52	29	30
52	31	31
52	32	32
52	33	34
52	35	36
52	37	37
52	38	38
52	39	41
52	42	42
52	43	44
52	45	45
52	46	47
52	48	49
52	50	51
52	52	52
52	54	54
52	55	55
52	56	58
52	60	63
52	64	64
52	65	65
52	66	66
52	68	71
52	72	72
52	74	76
52	77	77

53	3	4
53	5	5
53	6	6
53	8	12
53	13	13
53	14	17
53	19	20

54	2	3
54	4	4
54	5	9
54	10	12
54	13	13
54	14	17
54	18	19
54	20	21

55	0	0
55	1	2
55	3	3
55	4	5

56	2	3
56	4	5
56	6	6
56	7	8
56	9	10
56	11	12
56	13	14
56	15	15

57	0	2

58	0	1
58	2	2
58	3	5
58	6	8
58	9	14
58	15	15
58	16	18
58	20	22
58	24	28
58	30	35

59	2	3
59	4	6
59	7	8
59	9	9
59	10	13
59	14	14

60	0	2

61	0	1
61	2	2
61	3	4
61	6	10
61	12	14
61	15	15
61	16	19
61	21	24

62	2	2
62	3	4
62	5	6
62	7	8
62	9	9
62	10	10
62	11	12
62	13	13

63	2	2
63	3	3
63	4	5
63	6	7
63	8	9
63	10	11
63	12	13
63	14	14
63	15	15
63	16	17
63	18	18
63	19	20
63	21	22
63	23	23
63	24	24
63	25	26
63	27	27
63	28	28
63	29	30
63	31	31
63	32	32

64	0	2

65	0	1
65	2	4
65	6	10
65	12	16
65	17	17
65	18	21
65	23	26

66	2	2
66	3	4
66	5	6
66	7	7
66	8	9
66	10	10
66	11	12
66	13	13

67	0	2

68	0	1
68	2	3
68	4	5
68	7	11
68	13	19
68	21	28

69	2	4
69	5	5
69	6	7
69	8	8
69	9	10
69	11	11
69	12	13
69	14	16
69	17	17
69	18	18
69	19	19
69	20	20
69	21	21
69	22	23
69	24	24
69	25	26
69	27	28
69	29	30
69	31	31
69	32	34
69	35	35
69	36	37
69	38	38
69	39	40
69	41	42
69	43	43

70	0	2

71	0	1
71	2	4
71	6	10
71	12	15
71	17	20
71	22	23
71	25	33
71	35	43

72	2	2
72	3	4
72	5	6
72	7	8
72	9	11
72	12	13
72	14	15
72	16	17
72	18	18
72	19	20
72	21	22
72	23	24
72	25	26
72	27	27
72	28	30
72	31	31

73	0	2

74	0	0
74	1	2
74	4	6
74	7	7
74	8	11
74	13	20

75	2	4
75	5	5
75	6	6
75	7	8
75	9	9
75	10	10
75	11	12
75	13	14
75	15	15

76	0	0
76	1	4
76	5	5
76	6	7

77	0	2
77	3	6

78	3	5
78	6	7
78	8	8
78	9	10
78	11	12
78	13	14
78	15	16
78	17	20
78	21	21
78	22	25
78	26	26
78	28	31
78	32	32
78	34	38
78	39	39
78	41	45
78	46	46
78	47	51
78	52	52
78	53	57
78	58	58
78	59	63
78	64	64
78	66	70
78	71	71
78	72	76
78	77	77
78	78	82
78	83	83

79	3	3
79	4	5
79	6	7
79	8	9
79	10	10
79	11	11
79	12	13
79	14	14
79	15	16
79	17	18
79	19	20
79	21	22
79	23	24
79	25	27
79	28	28
79	29	29
79	30	31
79	32	32
79	33	33
79	34	35
79	36	36
79	37	38
79	39	39
79	40	40
79	41	43
79	44	44
79	45	46
79	48	49
79	50	50
79	51	52
79	53	54
79	55	55
79	56	56
79	57	58
79	59	60
79	61	61
79	62	62
79	63	63
79	64	65
79	66	68
79	69	70
79	71	72
79	73	74
79	75	75
79	76	77
79	78	79
79	80	81
79	82	82
79	83	83
79	84	85
79	86	87
79	88	88

80	3	3
80	4	5
80	6	7
80	8	10
80	11	11
80	12	13
80	14	15
80	16	17
80	18	18
80	19	19
80	20	21
80	22	23
80	24	24
80	25	26
80	27	28
80	29	29
80	30	31
80	32	33
80	34	35
80	36	37
80	38	39
80	40	40
80	41	43
80	44	45
80	47	47
80	48	49
80	50	50

81	0	2
81	3	6

82	3	5
82	6	9
82	10	11
82	12	13
82	14	15
82	16	16
82	17	18
82	19	20
82	21	21
82	22	23
82	24	25
82	26	26
82	27	27
82	29	32
82	33	33
82	34	35
82	36	36

83	0	0
83	2	2
83	4	4
83	5	5
83	7	7
83	9	9
83	11	11
83	13	13

84	0	0

85	0	0
85	1	1
85	3	3
85	4	5
85	6	7
85	8	9
85	10	10
85	11	13
85	14	15
85	16	16
85	17	18
85	19	19
85	20	21
85	22	23
85	24	25
85	26	26
85	27	27
85	28	29
85	30	30
85	31	32

86	1	3
86	4	5
86	6	6
86	7	8
86	9	9
86	10	11
86	12	12

87	1	2
87	3	4
87	5	6
87	7	8
87	9	9
87	10	11
87	12	12
87	13	14

88	1	1
88	2	3

89	3	3
89	4	5

90	3	5
90	6	9
90	10	11
90	12	13
90	14	15
90	16	17
90	18	18
90	19	20
90	21	22
90	23	23

91	0	0
91	2	2

92	0	0
92	2	2
92	4	4
92	6	6
92	8	8
92	10	10
92	12	13
92	14	15

93	0	0
93	2	2
93	3	4
93	5	6
93	7	8
93	9	10
93	12	13
93	14	15
93	16	16
93	18	18

94	3	3
94	5	6
94	7	8
94	9	10
94	11	12
94	14	14
94	15	17
94	19	19

95	2	3
95	4	4
95	5	6
95	7	8
95	10	10
95	11	11

96	0	0
96	2	3
96	4	5
96	7	8
96	9	9
96	10	11
96	12	12
96	14	14

97	2	3
97	4	5
97	7	7

98	0	2
98	3	6
98	7	8
98	9	10
98	11	11

99	0	1
99	2	2
99	3	4
99	5	6
99	7	7
99	8	9
99	10	14
99	15	15
99	16	17
99	18	19
99	20	21
99	22	23
99	24	24
99	25	27
99	28	29
99	30	30
99	31	32
99	33	34
99	35	35
99	36	36
99	37	38
99	39	40
99	41	41
99	42	44
99	45	47
99	48	48
99	49	50
99	52	53
99	54	54

100	0	3
100	4	4
100	5	9

101	0	0
101	1	2
101	3	4

102	0	2
102	3	5
102	6	6
102	7	9
102	10	11
102	12	13
102	14	14
102	15	16
102	17	18
102	19	19
102	20	21
102	22	23
102	24	25
102	26	26

103	0	2
103	3	5
103	6	7
103	8	8
103	9	10
103	11	11
103	12	13
103	14	14
103	15	16
103	17	19
103	20	20
103	21	23
103	24	24
103	25	26
103	27	28
103	29	29
103	30	31
103	32	33
103	34	34
103	35	36
103	37	38
103	39	40
103	41	41
103	42	43
103	44	44
103	46	48
103	49	50
103	51	52
103	53	54
103	55	55

104	2	2
104	3	3
104	5	8
104	9	9
104	10	10
104	11	12
104	13	14
104	15	15

105	2	2
105	3	3
105	5	6
105	7	7
105	8	9

106	2	2
106	3	3
106	5	7
106	8	8
106	9	10
106	11	12
106	13	14
106	15	15
106	16	17
106	18	18
106	19	20
106	21	22
106	23	23
106	24	25
106	26	26

107	2	2
107	3	3
107	5	6
107	7	8
107	9	10
107	11	12
107	13	13
107	14	16
107	17	18
107	19	19
107	20	21
107	22	23
107	24	24
107	25	25
107	26	26
107	27	27
107	28	29
107	30	30

108	3	3
108	4	4
108	5	5
108	6	7
108	8	9
108	10	10
108	11	12
108	13	14
108	15	16
108	17	17
108	18	18
108	19	19
108	20	21
108	22	22
108	23	24
108	25	26
108	27	28
108	29	30
108	31	31

109	0	2
109	3	5
109	6	9
109	10	10
109	11	12
109	13	13
109	14	14
109	15	15
109	16	17
109	18	18

110	0	0
110	1	1

111	0	0
111	4	4
111	6	6
111	8	8

112	2	3
112	4	6
112	8	9
112	10	10
112	11	13

113	2	3
113	4	5
113	6	6
113	7	7
113	8	9
113	11	12
113	14	14
113	15	17

114	2	3
114	4	5
114	6	7
114	8	10
114	12	13
114	15	17

115	2	3
115	4	5
115	6	6
115	7	8
115	9	10
115	11	12
115	13	14
115	15	16
115	17	17
115	18	20
115	22	22
115	23	24
115	26	26

116	2	3
116	4	5
116	6	6
116	8	9

117	2	3
117	4	5
117	6	6
117	7	7
117	9	10

118	0	0
118	1	2
118	3	3
118	4	5
118	6	7
118	8	9
118	10	10
118	11	11
118	12	12
118	13	13
118	19	23
118	24	24
118	25	26
118	28	31

119	5	9
119	10	10
119	11	12
119	14	15

121	0	2
121	3	5
121	6	6
121	7	7
121	8	8
121	9	10
121	11	11
121	12	13
121	14	15
121	16	17
121	18	18
121	19	19
121	20	20
121	21	22
121	23	24
121	25	27
121	28	28
121	29	30
121	31	32
121	33	33
121	34	35
121	36	38
121	39	40
121	41	41
121	42	42
121	43	44
121	45	46
121	47	47
121	49	51
121	52	53
121	54	54
121	55	56
121	57	58
121	59	59

122	2	2
122	3	3
122	5	7
122	8	8
122	9	11
122	12	13
122	14	14
122	15	16
122	17	17
122	18	19
122	20	22
122	23	23
122	24	27
122	28	28
122	29	30
122	31	32
122	33	33

123	2	2
123	3	3
123	5	7
123	8	8
123	9	10
123	11	12
123	13	15
123	16	16
123	17	17
123	18	19
123	20	25
123	26	26
123	27	28
123	29	29
123	30	31
123	32	33
123	34	36
123	37	37

124	2	2
124	3	3
124	5	6
124	7	9
124	10	10
124	11	12
124	13	14
124	15	15
124	16	17
124	18	18
124	19	21
124	22	22
124	23	24
124	25	25
124	26	26
124	27	27

125	2	2
125	3	3
125	5	6
125	7	9
125	10	10
125	11	12
125	13	14
125	15	18
125	19	19
125	20	21
125	22	22
125	23	25
125	26	26
125	27	28
125	29	30
125	31	34
125	35	35

126	0	0
126	1	1
126	3	5
126	6	6
126	7	7
126	8	9
126	10	10
126	11	13
126	14	14
126	15	18
126	19	19
126	20	23
126	24	24
126	25	29
126	30	30
126	31	32
126	33	34
126	35	36
126	37	37
126	38	39
126	40	40
126	41	42
126	43	44
126	45	45
126	46	47
126	48	48
126	50	50
126	51	51

127	2	2
127	3	3
127	5	7
127	8	8
127	9	10
127	11	12
127	13	13
127	14	15
127	16	17
127	18	18
127	19	19
127	20	21
127	22	23
127	24	24
127	25	25
127	26	26
127	27	28
127	29	30
127	31	33
127	34	34
127	35	35
127	36	38
127	39	39
127	40	40

128	0	2
128	3	4
128	5	6
128	7	7
128	8	9
128	10	11
128	12	12

129	2	2
129	3	3
129	5	7
129	8	8
129	9	10
129	11	12
129	13	14
129	15	15
129	16	17
129	18	18
129	19	20
129	21	21
129	22	23
129	24	24
129	25	26
129	27	27
129	28	28
129	29	29
129	30	31
129	32	32
129	33	34
129	35	35
129	36	36
129	37	37
129	38	38
129	39	40
129	41	42
129	43	43

130	2	2
130	3	3
130	5	7
130	8	9
130	10	11
130	12	12
130	13	14
130	15	16
130	17	17

131	0	2
131	3	4
131	5	5
131	6	6
131	7	10
131	11	11
131	12	12
131	13	14
131	15	16
131	17	17

132	0	0
132	1	1
132	3	5
132	6	7
132	8	9
132	10	10
132	11	11
132	12	13
132	14	16
132	17	17
132	18	19
132	20	21
132	22	22
132	23	25
132	26	26
132	27	28
132	29	29
132	30	35
132	36	36
132	37	38
132	39	40
132	41	41
132	42	43
132	44	44
132	45	45
132	46	47
132	48	48
132	50	50
132	51	51
132	52	53
132	54	54
132	55	55
132	56	58
132	59	60
132	61	61
132	62	63
132	64	65
132	66	66
132	67	68
132	69	69
132	70	70
132	71	72
132	73	74
132	75	76
132	77	78
132	79	80
132	81	81
132	82	83
132	84	84

133	0	0
133	1	1
133	3	5
133	6	7
133	8	9
133	10	10
133	11	11
133	12	13
133	14	15
133	16	16
133	17	22
133	23	23
133	24	25
133	26	27
133	28	28
133	29	29
133	30	30
133	31	31
133	32	32
133	33	36
133	37	37
133	38	39
133	40	40
133	41	41
133	42	44
133	45	46
133	47	47
133	49	50
133	51	52
133	53	53
133	54	55
133	56	56

134	0	2
134	3	4
134	5	5
134	6	7
134	8	9
134	10	10

135	2	2
135	3	3
135	5	8
135	9	9
135	10	11
135	12	13
135	14	15
135	16	16
135	17	18
135	19	19
135	20	21
135	22	22
135	23	26
135	27	27

136	2	2
136	3	3
136	5	6
136	7	7
136	8	9
136	10	12
136	13	13
136	14	16
136	17	17
136	18	21
136	22	22
136	23	26
136	27	27
136	28	28
136	29	29
136	30	31
136	32	33
136	34	34

137	0	0
137	1	1
137	3	6
137	7	10
137	11	11
137	12	12
137	13	14
137	15	17
137	18	18
137	19	20
137	21	24
137	25	25
137	26	27
137	28	29
137	30	31
137	32	32
137	33	34
137	35	36
137	37	38
137	39	41
137	42	42
137	43	46
137	47	48
137	50	50
137	51	54
137	55	55
137	56	56

138	0	3
138	4	5
138	6	6
138	7	8
138	9	9
138	10	11
138	12	13
138	14	14

139	0	0
139	1	1
139	3	5
139	6	7
139	8	9
139	10	11
139	12	13
139	14	15
139	16	16
139	17	19
139	20	23
139	24	27
139	28	28
139	29	30
139	31	31
139	32	33
139	34	35
139	36	37
139	38	38
139	39	42
139	43	43
139	45	45
139	46	47
139	48	48
139	49	50
139	51	52
139	53	53
139	54	54
139	55	57
139	58	58
139	59	61
139	62	62

140	0	0
140	1	1
140	3	5
140	6	6
140	7	8
140	9	10
140	11	11
140	12	12
140	13	13
140	14	14
140	15	16
140	17	19
140	20	20
140	21	21
140	22	24
140	25	25
140	26	26
140	27	28
140	29	29
140	30	30
140	31	32
140	33	36
140	37	37
140	38	38
140	39	39
140	40	41
140	42	43
140	44	45
140	46	46
140	48	49
140	50	50
140	51	52
140	53	53
140	54	54
140	55	55
140	56	57
140	58	59
140	60	60
140	61	62
140	63	64
140	65	65
140	66	66
140	67	67
140	68	68
140	69	70
140	71	71
140	72	73
140	74	74

141	0	3
141	4	6
141	7	7
141	8	9
141	10	11
141	12	12

142	2	2
142	3	3
142	4	5
142	6	7
142	8	9
142	10	10
142	11	12
142	13	14
142	15	15
142	16	17
142	18	19
142	20	20

143	2	2
143	3	3
143	5	6
143	7	8
143	9	11
143	12	12

144	2	2
144	3	3
144	5	7
144	8	8
144	9	10
144	11	11
144	12	13
144	14	15
144	16	16
144	17	18
144	19	20
144	21	21
144	22	23
144	24	25
144	26	26
144	27	28
144	29	29

145	0	0
145	1	2
145	3	4

146	0	2
146	3	4
146	5	6
146	7	8
146	9	10
146	11	11

147	0	0
147	1	1
147	3	4
147	5	5
147	6	6
147	7	7
147	8	8
147	9	11
147	12	12
147	13	15
147	16	16
147	17	19
147	20	20
147	21	23
147	24	24
147	25	27
147	28	28
147	29	32
147	33	33
147	34	34

148	2	2
148	3	3
148	5	6
148	7	7
148	8	8
148	9	12
148	13	13
148	14	15
148	16	16
148	17	17
148	18	20
148	21	21
148	22	22

149	0	0
149	1	1
149	3	4
149	5	6
149	7	7
149	8	8
149	9	11
149	12	12
149	13	13

150	0	0
150	1	1
150	3	4
150	5	6
150	7	7
150	8	8
150	9	11
150	12	12
150	13	13

151	2	2
151	3	3
151	5	6
151	7	8
151	9	10
151	11	11
151	12	12
151	13	15
151	16	16
151	17	17

152	0	2
152	3	4
152	5	6
152	7	8
152	9	9
152	10	11
152	12	13
152	14	15
152	16	17
152	18	19
152	20	20
152	21	21
152	22	22
152	23	24
152	25	26
152	27	28
152	29	29

153	2	2
153	3	3
153	5	6
153	7	8
153	9	10
153	11	11
153	12	12
153	13	14
153	15	15
153	16	16

154	0	0
154	1	1
154	3	4
154	5	6
154	7	8
154	9	9
154	10	10
154	11	13
154	14	14
154	15	15

155	0	2
155	3	5
155	6	6
155	7	8
155	9	10
155	11	12
155	13	13
155	14	14
155	15	15
155	16	16
155	17	18
155	19	20
155	21	21

156	2	2
156	3	3
156	5	5
156	6	7
156	8	9
156	10	10
156	11	11

157	2	2
157	3	3
157	5	5
157	6	7
157	8	8
157	9	10
157	11	11
157	12	13
157	14	14
157	15	16
157	17	18
157	19	19
157	20	21
157	22	23
157	24	24
157	25	26
157	27	27
157	28	28

158	2	2
158	3	3
158	5	6
158	7	8
158	9	10
158	11	12
158	13	14
158	15	16
158	17	17
158	18	18

159	2	2
159	3	3
159	5	6
159	7	8
159	9	9
159	10	11
159	12	12
159	13	14
159	15	16
159	17	18
159	19	19

160	2	2
160	3	3
160	5	6
160	7	8
160	9	10
160	11	12
160	13	14
160	15	16
160	17	18
160	19	19
160	20	20

161	0	2
161	3	4
161	5	6
161	7	8
161	9	10
161	11	12
161	13	13

162	2	2
162	3	3
162	5	5
162	6	7
162	8	9
162	10	11
162	12	12

163	0	0
163	1	1
163	3	4
163	5	6
163	7	7
163	8	9
163	10	10
163	11	12
163	13	14
163	15	16
163	17	17
163	18	19
163	20	20
163	21	22
163	23	23
163	24	24
163	25	26
163	27	27
163	28	28
163	30	35
163	36	36
163	37	38
163	39	39
163	40	40
163	41	42
163	43	44
163	45	46
163	47	47
163	48	49
163	51	51
163	52	52
163	53	54
163	55	55
163	56	57
163	58	58
163	59	59
163	60	61
163	62	64
163	65	65
163	66	68
163	69	69
163	70	70
163	71	73
163	74	74

164	0	0
164	1	2
164	3	4

165	0	2
165	3	4
165	5	5
165	6	6
165	7	10
165	11	11
165	12	13

166	2	2
166	3	5
166	6	6
166	7	8
166	9	9
166	10	10
166	11	12
166	13	14
166	15	16
166	17	17
166	18	19
166	20	21
166	22	23
166	24	24
166	25	26
166	27	28
166	29	29
166	30	32
166	33	34
166	35	36
166	37	38
166	39	39

167	0	2
167	3	4
167	5	6

168	3	3
168	4	6
168	7	8
168	9	9
168	10	11
168	12	13
168	14	14
168	15	16
168	17	18
168	19	19
168	20	20
168	21	22
168	23	25
168	26	27
168	28	29
168	30	31
168	32	33
168	34	34
168	35	35
168	36	36
168	37	39
168	40	41
168	42	43
168	44	44
168	45	45
168	46	48
168	49	49
168	51	51
168	52	53
168	54	54
168	55	56
168	57	58
168	59	60
168	61	62
168	63	63
168	64	65
168	66	66

169	0	2
169	3	4
169	5	6

170	3	3
170	4	7
170	8	8
170	9	9
170	10	10
170	11	12
170	13	13
170	14	16
170	17	18
170	19	20
170	21	21
170	22	22
170	23	24
170	25	26
170	27	27
170	28	28
170	29	30
170	31	32
170	33	33
170	34	35
170	36	36
170	37	38
170	39	40
170	41	41
170	42	44
170	45	45
170	46	47
170	48	48
170	50	50
170	51	52
170	53	54
170	55	55
170	56	56
170	57	58
170	59	59
170	60	61
170	62	63

171	0	2
171	3	4
171	5	6
171	7	8

172	2	5
172	6	6
172	7	8
172	9	10
172	11	12
172	13	13
172	14	16
172	17	17
172	18	18
172	19	19
172	20	21
172	22	23
172	24	24

173	0	2
173	3	4
173	5	6
173	7	8

174	3	3
174	4	6
174	7	7
174	8	8
174	9	9
174	10	10
174	11	11
174	12	13
174	14	15
174	16	16
174	17	18
174	19	20
174	21	22
174	23	25
174	26	26
174	27	28
174	29	30
174	31	33
174	34	34
174	35	35
174	36	38
174	39	39
174	40	41
174	42	46
174	47	47
174	49	49
174	50	50
174	51	52
174	53	54
174	55	57
174	58	58
174	59	59
174	60	60
174	61	62
174	63	63

175	0	2
175	3	4
175	5	5
175	6	6
175	7	8

176	0	2
176	3	3
176	4	4
176	5	6
176	7	8
176	9	9
176	10	10
176	11	11

177	2	3
177	4	5
177	6	7
177	8	8
177	9	9
177	10	12
177	13	13
177	14	15
177	16	16

178	0	2
178	3	3
178	4	4
178	5	6
178	7	8

179	0	1
179	2	3
179	4	5
179	6	7
179	8	9
179	10	10
179	11	11

182	0	0
182	1	1
182	2	2
182	3	4
182	5	5
182	6	6
182	7	7
182	8	9
182	10	11
182	12	12
182	13	13
182	14	14
182	15	15
182	16	16
182	17	18
182	19	19
182	20	20
182	21	21
182	22	24
182	25	25
182	26	26
182	27	27
182	28	30
182	31	31
182	32	32
182	33	33
182	34	35
182	36	37
182	38	38
182	39	39
182	40	40
182	41	41
182	42	44

183	0	0
183	2	4
183	5	5
183	6	6
183	8	10
183	11	11
183	12	13
183	15	16
183	17	17
183	18	19
183	21	22
183	23	23

184	15	15
184	16	16
184	17	18
184	19	20
184	21	22
184	23	24
184	25	26
184	27	29
184	31	33
184	34	34
184	35	35
184	36	37
184	38	39

185	0	1
185	2	3
185	4	4
185	5	6
185	7	8
185	9	9

186	0	0
186	1	1
186	3	3
186	4	5
186	6	7
186	8	8
186	9	10
186	11	12
186	13	13
186	14	14
186	15	17
186	18	19
186	20	20
186	21	21
186	22	23
186	24	24
186	25	26
186	27	28
186	29	29

187	0	0
187	1	1
187	3	4
187	5	6
187	7	8
187	9	9
187	10	11
187	12	13
187	14	15
187	16	16
187	17	17
187	18	19
187	20	21
187	22	23
187	24	24
187	25	27
187	28	28
187	29	30
187	31	32
187	33	33
187	34	34
187	35	35
187	36	37
187	38	40
187	41	41
187	42	43
187	44	45
187	47	47
187	48	49
187	50	50
187	51	52
187	53	53
187	54	55
187	56	58
187	59	59
187	60	60

188	0	2
188	3	3
188	4	4
188	5	6
188	7	8

189	3	3
189	4	5
189	6	7
189	8	10
189	11	11
189	12	12
189	13	15
189	16	16
189	17	19
189	20	20
189	21	21
189	22	24
189	25	25
189	26	26
189	27	29
189	30	30
189	31	31
189	32	34
189	35	35
189	36	36
189	37	37
189	38	39
189	40	41
189	42	42
189	43	43
189	44	44
189	45	45
189	46	48
189	49	49
189	50	50
189	51	53
189	55	55
189	56	56
189	57	57
189	58	58
189	59	59
189	60	62
189	63	63
189	64	65
189	66	66
189	67	68
189	69	69
189	70	70
189	71	72
189	73	74
189	75	75
189	76	76
189	77	78
189	79	79
189	80	81
189	82	82
189	83	83
189	84	85
189	86	87
189	88	88

190	0	2
190	3	3
190	4	6
190	7	8
190	9	10
190	11	12

191	0	1
191	2	3
191	4	5
191	6	8
191	9	10
191	11	11

192	0	1
192	3	3
192	5	9
192	10	10
192	11	11
192	13	13
192	14	14
192	15	15
192	17	17
192	19	20
192	21	21
192	23	25

193	0	0
193	1	1
193	2	2

194	0	1
194	2	2
194	3	3
194	4	5
194	6	7
194	8	9
194	10	10
194	11	12
194	13	13
194	14	15
194	16	16

195	0	1
195	4	5
195	6	6
195	7	7
195	8	9
195	10	10
195	11	12
195	13	13
195	14	15
195	16	16
195	17	17
195	18	18

196	2	3
196	4	4
196	5	6
196	7	7
196	8	8
196	9	9
196	11	11
196	13	13
196	14	14
196	16	16
196	18	19
196	20	20
196	21	23
196	24	24
196	25	25
196	26	28
196	29	29
196	30	31
196	32	32
196	33	33
196	34	34
196	35	36
196	38	38
196	40	40
196	41	41

197	0	1
197	2	2
197	3	4
197	5	5
197	6	6
197	7	7
197	8	8
197	9	9
197	10	10
197	11	11
197	12	12
197	13	13
197	14	14
197	15	17
197	18	18
197	19	19
197	20	21
197	22	22
197	23	24
197	25	25
197	26	27
197	28	28
197	29	30
197	31	31

198	0	0
198	1	1
198	2	2
198	3	4
198	5	5
198	6	7
198	8	8

199	0	0
199	1	1
199	2	2
199	3	3
199	4	5
199	6	7
199	8	8
199	9	10
199	11	11

200	0	2
200	3	3
200	4	6
200	7	8
200	9	10
200	11	12

201	0	1
201	2	3
201	4	5
201	6	8
201	9	10
201	11	11

202	0	0
202	1	1
202	2	2

203	0	0
203	1	1
203	2	2
203	3	3
203	4	5
203	6	7
203	8	9
203	10	10
203	11	12
203	13	13
203	14	15
203	16	16

204	0	0
204	1	2
204	4	5
204	6	6
204	7	9
204	10	10
204	11	12
204	13	13
204	14	14
204	15	15
204	16	16
204	17	17
204	18	18

205	0	0
205	1	1
205	2	2
205	3	4
205	5	5
205	6	6
205	7	7
205	9	9
205	11	11
205	12	12
205	13	13
205	14	14
205	15	16
205	17	17
205	18	20
205	21	21
205	22	23
205	24	24
205	25	25
205	26	26
205	27	28
205	30	30
205	32	32
205	33	33

206	0	1
206	2	2
206	3	3
206	5	8
206	9	9
206	10	13

207	3	3
207	4	4
207	5	5
207	6	7
207	8	8
207	9	9
207	11	11
207	12	12
207	13	14
207	15	15
207	16	17
207	18	18
207	19	20
207	21	21
207	22	23
207	24	24
207	25	25
207	26	26
207	27	27

208	3	3
208	4	4
208	5	5
208	6	7
208	8	8
208	9	10
208	11	11
208	12	12

209	3	3
209	4	4
209	5	5
209	6	7
209	8	9
209	10	10
209	11	12
209	13	13
209	14	14
209	15	15
209	16	16

210	0	2
210	3	3
210	4	6
210	7	9
210	10	11

211	3	4
211	5	5
211	6	7
211	8	8
211	9	9
211	10	10
211	11	12
211	13	13
211	14	14
211	15	16
211	17	17
211	18	19
211	20	20
211	21	21
211	22	22
211	23	24
211	25	26
211	27	28
211	29	29

212	3	3
212	4	4
212	5	5

213	3	3
213	4	4
213	5	6
213	7	8
213	9	9
213	10	11
213	12	12
213	13	14
213	15	15
213	16	17
213	18	18

214	0	2
214	3	3
214	4	6
214	7	8
214	9	10

215	3	3
215	4	5
215	6	8

216	0	0

217	3	4
217	5	6
217	7	7
217	8	9
217	10	11
217	12	13
217	14	14
217	15	17
217	18	18
217	19	19
217	20	21
217	22	23
217	24	26
217	27	27
217	28	28
217	29	29
217	30	30
217	31	31

218	0	1

219	2	2
219	3	3
219	4	4

220	2	2
220	3	3
220	4	4
220	6	6
220	7	7
220	8	9
220	10	10
220	11	12
220	13	14
220	15	15
220	16	18
220	19	19
220	20	20
220	21	23
220	24	24
220	25	26
220	27	27
220	28	29
220	30	31
220	32	32
220	33	34
220	35	35
220	36	37
220	38	38

221	0	2
221	3	3
221	4	4
221	5	6
221	7	8
221	9	10

222	0	0
222	1	1
222	2	2
222	3	4
222	5	5
222	6	8
222	9	10
222	11	11
222	12	12
222	13	14
222	15	15
222	16	17
222	18	20
222	21	21
222	22	22
222	23	24
222	25	26
222	27	27
222	28	28
222	29	29
222	30	30
222	31	31
222	32	32
222	33	33
222	34	35
222	36	38
222	39	39
222	40	40
222	41	42
222	43	43
222	44	46
222	48	48
222	49	50
222	51	51
222	52	53
222	54	54
222	55	55
222	56	56
222	57	58
222	59	59
222	60	61
222	62	63
222	64	65
222	66	66
222	67	68
222	69	70
222	71	71
222	72	72
222	73	74
222	75	76
222	77	78
222	79	80
222	81	82
222	83	84
222	85	85
222	86	87
222	88	88

223	0	2
223	3	3
223	4	4
223	5	6
223	7	8
223	9	10

224	0	0
224	1	1
224	2	2
224	3	4
224	5	5
224	6	8
224	9	10
224	11	11
224	12	12
224	13	14
224	15	15
224	16	17
224	18	20
224	21	21
224	22	22
224	23	25
224	26	27
224	28	30
224	31	31
224	32	32
224	33	34
224	35	35
224	36	38
224	39	40
224	41	41
224	42	42
224	44	44
224	45	45
224	46	47
224	48	48
224	49	49
224	50	50
224	51	51
224	52	54
224	55	55
224	56	56
224	57	57
224	58	58
224	59	59
224	60	60
224	61	63
224	64	64
224	65	65
224	66	68
224	69	69
224	70	71
224	72	74
224	75	75
224	76	76
224	77	77
224	78	79
224	80	81
224	82	83
224	84	84
224	85	87
224	88	89
224	90	90
224	91	92
224	93	93

225	0	0
225	1	2
225	3	3
225	4	5
225	6	6
225	7	8
225	9	9
225	10	11
225	13	15
225	16	17

226	0	2
226	3	3
226	4	4
226	5	6
226	7	9
226	10	10
226	11	11
226	12	13
226	14	14
226	15	16
226	17	18
226	19	19
226	20	21
226	22	23
226	24	24
226	25	26
226	27	27
226	28	29
226	30	31
226	32	32
226	33	33
226	35	39
226	40	40
226	41	42
226	43	43
226	44	44
226	45	46
226	47	48
226	49	50
226	51	51

227	2	2
227	3	3
227	5	6
227	7	7
227	8	9
227	10	11
227	12	13
227	14	15
227	16	16

228	2	2
228	3	3
228	5	8
228	9	9
228	10	11
228	12	12

229	2	2
229	3	3
229	5	6
229	7	8
229	9	10
229	11	11
229	12	13
229	14	14
229	15	16
229	17	17

230	2	2
230	3	3
230	5	6
230	7	8
230	9	9
230	10	11
230	12	12

231	2	2
231	3	3
231	5	6
231	7	8
231	9	9
231	10	11
231	12	12
231	13	13
231	14	14
231	15	15

232	2	2
232	3	3
232	5	6
232	7	7
232	8	9
232	10	10
232	11	12
232	13	13
232	14	14
232	15	15
232	16	16
232	17	17
232	18	18
232	19	19

233	2	2
233	3	3
233	5	6
233	7	9
233	10	10
233	11	12
233	13	13
233	14	15
233	16	16
233	17	18
233	19	19

234	2	2
234	3	3
234	5	6
234	7	8
234	9	10
234	11	11
234	12	13
234	14	14
234	15	17
234	18	18

235	2	2
235	3	3
235	5	6
235	7	8
235	9	9
235	10	11
235	12	12
235	13	15
235	16	17
235	18	18
235	19	19
235	20	21
235	22	22
235	23	25
235	26	26

236	2	2
236	3	3
236	5	5
236	6	7
236	8	8
236	9	10
236	11	11
236	12	13
236	14	14

237	2	2
237	3	3
237	5	5
237	6	6
237	7	7
237	8	9
237	10	10
237	11	12
237	13	13

238	2	2
238	3	3
238	5	6
238	7	8
238	9	9

239	2	2
239	3	3
239	5	6
239	7	8
239	9	9

240	0	0
240	1	1
240	2	3
240	4	5
240	6	6

241	0	2
241	3	3
241	4	4
241	5	7
241	8	9
241	10	10
241	11	12
241	13	14
241	15	16
241	17	17

242	0	0
242	1	1
242	3	4
242	5	6
242	7	7
242	8	8

243	0	0
243	1	1
243	3	6
243	7	7
243	8	9
243	10	10

244	0	0
244	1	1
244	3	4
244	5	6
244	7	7
244	8	9
244	10	10
244	11	12
244	13	13

245	0	0
245	1	1
245	3	4
245	5	5
245	6	7
245	8	8
245	9	10
245	11	11

246	0	0
246	1	1
246	3	4
246	5	6
246	7	7

247	0	0
247	1	1
247	3	4
247	5	6
247	7	7

248	0	0
248	2	2
248	4	5

249	0	0
249	1	1
249	2	4
249	5	6
249	7	7
249	8	8
249	9	9
249	10	10
249	11	13
249	14	15
249	16	16
249	18	19
249	20	21
249	22	23
249	24	26
249	27	27
249	28	28
249	29	29
249	30	31
249	32	33
249	34	34
249	35	35
249	36	37
249	38	42
249	43	43
249	44	45
249	46	46
249	48	50
249	51	51
249	52	52
249	53	55
249	56	56
249	57	59
249	60	61
249	62	63
249	64	65
249	66	66
249	67	69
249	70	70
249	71	71
249	72	73
249	74	75
249	76	76
249	77	78
249	79	79
249	80	81
249	82	83
249	84	84
249	85	85
249	86	87
249	88	89
249	90	90
249	91	92
249	93	93
249	95	96
249	97	98
249	99	99

250	0	2
250	3	3
250	4	4
250	5	7
250	8	8
250	9	10
250	11	12
250	13	14
250	15	15

251	0	2
251	3	3
251	4	4
251	5	6
251	7	8
251	9	10
251	11	11
251	12	13
251	14	14
251	15	15
251	16	17
251	18	18
251	19	19
251	20	20
251	21	22
251	23	23
251	24	25
251	26	26
251	27	28
251	29	29
251	30	31
251	32	33
251	34	34
251	35	38
251	39	39
251	40	41
251	42	42

252	0	2
252	3	4
252	5	6

253	0	0
253	1	2
253	3	4
253	5	6
253	7	8
253	9	10
253	11	12
253	13	13

254	0	0
254	1	1
254	3	5
254	6	6

255	0	0
255	1	1
255	3	4
255	5	6
255	7	9
255	10	10

256	0	0
256	1	1
256	3	4
256	5	6
256	7	9
256	10	10

257	0	0
257	1	1
257	3	5
257	6	8
257	9	9
257	10	11
257	12	12
257	13	13
257	14	14
257	15	15
257	16	19
257	20	20
257	21	21
257	22	23
257	24	24
257	25	26
257	27	27
257	28	29
257	30	31
257	32	32
257	33	33

258	0	0
258	1	1
258	3	5
258	6	7
258	8	8
258	9	11
258	12	12

259	0	2
259	3	4
259	5	5
259	6	7

260	0	2
260	3	4
260	5	5
260	6	7
260	8	8
260	9	10
260	11	12
260	13	13

261	0	0
261	1	1
261	3	5
261	6	6
261	7	8
261	9	10
261	11	11
261	12	12
261	13	14
261	15	16
261	17	18
261	19	19
261	20	21
261	22	23
261	24	24

262	0	0
262	1	1
262	3	4
262	5	5
262	6	6
262	7	8
262	9	10
262	11	12
262	13	18

263	3	3
263	4	4
263	6	8
263	9	9
263	10	11
263	12	12
263	13	14
263	15	15
263	16	18
263	19	19
263	20	21
263	22	22
263	23	23
263	24	26
263	27	27
263	28	29
263	30	31
263	32	34
263	35	35
263	36	38
263	39	39
263	40	40
263	41	42
263	43	43
263	44	45
263	46	46
263	48	48
263	49	49

