1	0	1

2	1	7
2	8	11
2	12	13

3	0	1
3	2	2
3	3	3
3	5	8
3	9	9
3	10	13

4	0	1
4	3	6
4	8	11
4	12	12
4	13	16

5	0	2
5	3	3
5	4	5
5	6	6

6	0	2
6	4	15
6	17	19
6	21	32

7	1	4
7	5	5
7	6	7
7	8	8
7	9	10
7	11	12
7	14	17
7	18	18
7	19	20
7	21	21
7	22	23
7	24	25

8	0	6
8	7	8
8	9	9
8	10	12
8	13	13
8	15	16

9	0	0
9	2	2

10	0	1
10	3	3

11	0	0
11	1	2
11	4	4

12	0	0
12	1	3
12	4	5
12	6	7
12	9	9

13	0	0
13	1	2
13	3	3
13	4	5
13	7	7

14	0	0
14	1	2
14	3	4
14	5	5
14	6	9
14	11	11

15	2	4
15	5	6
15	7	8
15	10	10

16	2	4
16	5	8
16	10	10

17	0	0
17	1	2
17	3	4
17	6	6

18	0	0
18	1	2
18	3	4
18	6	6

19	2	4
19	5	6
19	7	8
19	10	10

20	2	4
20	5	7
20	8	8
20	9	10
20	11	13
20	15	15

21	2	4
21	5	6
21	7	8
21	9	11
21	13	13

22	0	0
22	1	2
22	3	4
22	5	5
22	6	7
22	8	9
22	10	10
22	11	12
22	13	14
22	16	16

23	2	4
23	5	6
23	7	8
23	10	10

24	2	4
24	5	6
24	7	8
24	9	9
24	10	11
24	12	13
24	15	15

25	0	0
25	1	2
25	3	3
25	4	5
25	6	6
25	7	8
25	9	9
25	10	11
25	12	12
25	13	14
25	15	16
25	18	19

26	0	0
26	1	1
26	2	4
26	5	6
26	7	7
26	8	9
26	10	12
26	14	14

27	0	0
27	1	1
27	2	3
27	4	6
27	7	8
27	9	9
27	10	11
27	12	14
27	16	16

28	0	0
28	1	1
28	2	3
28	4	6
28	7	8
28	9	9
28	10	11
28	12	14
28	16	16

29	0	0
29	1	1
29	2	2
29	3	4
29	5	6
29	7	7
29	8	9
29	10	10
29	11	12
29	13	15
29	17	17

30	0	0
30	1	1
30	2	3
30	4	5
30	6	6
30	7	8
30	9	9
30	10	12
30	13	14
30	15	15
30	16	17
30	18	20
30	22	22

31	0	0
31	1	1
31	2	3
31	4	5
31	6	6
31	7	8
31	9	10
31	11	11
31	12	14
31	15	16
31	17	17
31	18	19
31	20	22
31	24	24

32	0	0
32	1	1
32	2	3
32	4	5
32	6	6
32	7	8
32	9	10
32	11	11
32	12	14
32	15	16
32	17	17
32	18	19
32	20	22
32	24	24

33	0	0
33	1	1
33	2	3
33	4	4
33	5	6
33	7	8
33	9	11
33	13	13

34	0	3
34	5	8
34	9	9
34	10	13

35	0	0
35	1	2
35	3	4
35	5	8
35	10	12
35	13	13
35	14	17
35	18	19
35	20	20
35	21	22
35	23	24
35	25	25

36	0	0
36	1	2
36	3	4
36	5	6
36	7	7
36	8	12
36	13	13
36	14	17
36	18	18
36	19	21
36	22	22
36	23	24
36	25	25
36	26	26
36	27	27
36	28	28
36	29	30
36	31	31
36	32	36
36	37	37
36	38	41
36	42	43
36	44	45
36	46	47
36	48	49
36	50	51
36	52	52

37	0	0
37	1	1
37	2	3
37	4	4
37	6	6
37	7	7
37	8	8
37	9	9
37	10	11
37	12	12
37	14	14
37	15	16
37	17	18
37	19	19
37	20	20
37	21	22
37	23	24
37	25	25
37	26	26
37	27	28
37	29	30
37	31	31
37	32	33
37	34	35
37	36	36
37	37	37
37	38	38
37	39	39
37	40	41
37	42	42
37	43	43
37	44	45
37	46	46
37	47	47
37	49	50
37	51	51
37	52	53
37	54	54
37	55	56
37	57	57
37	59	59
37	60	61
37	62	63
37	64	66
37	67	68
37	69	69
37	70	70
37	71	71
37	72	72
37	73	74
37	75	76
37	77	77
37	78	78
37	79	80
37	81	81
37	82	83
37	84	84
37	85	86
37	87	87
37	89	89
37	90	91
37	93	93
37	94	94
37	95	95
37	96	98
37	99	100
37	101	101
37	102	102
37	103	103
37	104	104
37	105	106
37	107	108
37	109	109
37	110	110
37	111	112
37	113	114
37	115	115
37	116	116
37	117	118
37	119	120
37	121	121
37	122	122
37	123	124
37	125	126
37	127	127
37	128	128
37	129	130
37	131	132
37	133	133
37	134	134
37	135	136
37	138	138
37	139	140
37	141	141
37	142	142
37	143	143
37	144	145
37	146	147
37	148	148
37	149	150
37	151	151
37	152	153
37	154	155
37	156	157
37	158	158
37	159	159
37	160	160
37	161	162
37	163	164
37	165	165
37	166	167
37	168	168
37	169	170
37	171	171
37	172	173
37	174	174

38	4	4
38	5	5
38	6	7
38	8	9
38	10	10
38	11	12
38	13	14
38	15	17
38	18	19
38	20	20
38	21	21
38	22	23
38	24	24
38	25	26
38	27	29
38	30	31
38	32	33

39	4	4
39	5	5
39	6	7
39	8	8
39	9	10
39	11	13
39	14	15
39	16	16
39	17	17
39	18	19
39	20	21
39	22	22
39	23	23
39	24	25
39	26	28
39	29	29

40	4	4
40	5	5
40	6	7
40	8	8
40	9	10
40	11	12
40	13	13
40	14	15
40	16	16
40	17	19
40	20	21
40	22	22
40	23	23
40	24	27
40	28	29
40	30	31
40	32	32

41	0	0
41	1	1
41	2	3
41	4	4
41	5	6
41	7	8
41	9	9
41	10	11
41	12	12
41	13	15
41	16	17
41	18	18
41	19	19
41	20	23
41	24	25
41	26	27
41	28	28
41	29	29
41	30	31
41	32	34
41	35	35
41	36	36
41	37	38
41	39	40
41	41	42
41	44	45
41	46	46
41	47	48
41	49	50
41	51	51
41	52	53
41	54	55
41	56	57
41	58	58
41	59	59
41	60	61
41	62	62
41	63	64
41	65	66
41	67	67
41	68	69
41	70	71
41	72	72
41	73	75
41	76	77
41	78	78
41	79	79
41	80	81
41	82	84
41	85	85

42	4	4
42	5	5
42	6	7
42	8	8
42	9	10
42	11	12
42	13	13
42	14	16
42	17	17
42	18	19
42	20	20

43	4	4
43	5	5
43	6	7
43	8	8
43	9	10
43	11	12
43	13	13
43	14	15
43	16	17
43	18	18

44	0	0
44	1	1
44	2	3
44	4	4
44	5	6
44	7	8
44	9	9
44	10	11
44	12	12
44	13	15
44	16	17
44	18	18
44	19	19
44	20	21
44	22	23
44	24	25
44	26	26
44	27	27
44	28	28
44	29	29
44	30	32
44	33	34
44	35	35
44	36	36
44	37	37
44	39	41
44	42	42
44	43	44
44	46	48
44	50	51
44	52	52
44	53	54
44	55	55
44	56	58
44	59	60
44	61	61
44	62	62
44	63	64
44	65	66
44	68	70
44	71	71
44	72	72

45	0	0
45	1	1
45	2	3
45	4	4
45	5	7
45	8	8
45	9	10
45	11	13
45	14	15
45	16	16
45	17	17
45	18	18
45	19	20
45	21	21
45	22	22
45	23	23
45	24	24
45	25	25
45	26	27
45	28	29
45	30	31
45	32	32
45	33	34
45	35	36
45	37	38
45	39	39
45	40	40
45	41	41
45	42	42
45	44	44
45	45	46
45	47	48
45	49	50
45	51	52
45	53	53
45	54	55
45	56	57
45	58	59
45	60	60

46	4	4
46	5	5
46	6	7
46	8	8
46	9	10
46	11	12
46	13	15
46	16	17
46	18	18
46	19	19
46	20	20
46	21	22
46	23	24
46	25	26
46	27	28
46	29	29
46	30	31
46	32	33
46	34	35
46	36	36

47	4	4
47	5	5
47	6	6
47	7	8
47	9	9
47	10	11
47	12	13
47	14	15
47	16	17
47	18	19
47	20	20
47	21	23
47	24	25
47	26	27
47	28	28
47	29	30
47	31	31

48	4	4
48	5	5
48	6	7
48	8	8
48	9	10
48	11	12
48	13	15
48	16	17
48	18	18
48	19	20
48	21	22
48	23	24
48	25	25
48	26	27
48	28	29
48	30	30

49	4	4
49	5	5
49	6	7
49	8	8
49	9	10
49	11	12
49	13	14
49	15	15
49	16	16
49	17	17
49	18	19
49	20	20
49	21	21
49	22	23
49	24	25
49	26	27
49	28	28
49	29	30
49	31	32
49	33	34
49	35	35
49	36	36

50	1	1
50	2	2
50	3	4
50	5	6
50	7	8
50	9	10
50	11	11
50	12	13
50	14	14
50	15	16
50	17	17
50	19	19
50	20	21
50	22	22
50	23	24
50	25	26
50	27	28
50	29	29
50	31	31
50	32	33
50	34	34
50	35	36
50	37	38
50	39	40
50	41	43
50	44	45
50	46	46

51	4	4
51	5	6
51	7	7
51	8	9
51	10	12
51	13	15
51	16	17
51	18	20
51	21	21
51	22	29
51	30	30
51	31	32
51	33	33

52	4	4
52	5	6
52	7	8
52	9	10
52	11	11
52	12	13
52	14	16
52	17	19
52	20	21
52	22	25
52	26	26
52	27	28
52	29	30
52	31	34
52	35	38
52	39	39
52	40	41
52	42	43
52	44	45
52	46	46
52	48	48
52	49	52
52	53	53
52	54	55
52	56	57
52	58	59
52	60	63
52	64	67
52	68	68
52	69	70
52	71	72
52	73	74
52	75	76
52	77	80
52	81	81
52	82	83
52	84	85
52	86	87
52	88	90
52	91	92
52	94	97
52	98	98
52	99	100
52	101	104
52	105	106
52	107	108
52	109	112
52	113	113
52	114	115
52	116	117
52	118	119
52	120	123
52	124	124
52	125	126
52	127	128
52	129	130
52	131	133
52	134	137
52	138	138
52	140	141
52	142	143
52	144	145
52	146	147
52	148	151
52	152	152

53	4	4
53	5	6
53	7	8
53	9	11
53	12	12
53	13	14
53	15	15
53	16	17
53	18	18
53	19	21
53	22	22
53	23	25
53	26	26
53	27	29
53	30	30
53	31	32
53	33	33
53	34	36
53	37	37
53	38	40
53	41	41
53	42	44
53	45	45
53	47	48
53	49	49

54	4	4
54	5	6
54	7	7
54	8	9
54	10	11
54	12	12
54	13	14
54	15	16
54	17	18
54	19	20
54	21	21
54	22	22

55	4	4
55	5	5
55	6	7
55	8	8
55	9	9
55	11	14
55	15	15
55	16	19
55	20	20
55	22	29
55	30	30
55	31	34
55	35	35

56	0	2
56	3	3
56	4	5
56	6	6

57	4	4
57	5	8
57	9	9
57	10	12
57	13	13
57	14	15
57	16	16
57	17	17
57	18	19
57	20	21
57	22	23
57	24	24
57	25	25
57	26	26
57	27	28
57	29	29
57	30	31
57	32	32
57	33	34
57	35	36
57	37	37
57	38	41
57	42	42
57	43	44
57	45	46
57	47	47
57	49	50
57	51	52
57	53	53
57	54	55
57	56	57
57	58	58
57	59	60
57	61	62
57	63	63
57	64	65
57	66	67
57	68	68
57	69	70
57	71	71
57	72	73
57	74	74
57	75	76
57	77	77
57	78	79
57	80	80
57	81	82
57	83	84
57	85	85

58	4	4
58	5	6
58	7	8
58	9	10
58	11	12
58	13	15
58	16	18
58	19	20
58	21	21
58	22	23
58	24	24
58	25	25

59	0	0
59	1	3
59	4	5
59	6	7

60	4	5
60	6	7
60	8	9
60	10	10
60	11	12
60	13	13
60	14	15
60	16	16
60	17	20
60	21	21
60	22	22
60	23	24
60	25	25
60	26	27
60	28	28
60	29	30
60	31	32
60	33	33
60	34	35
60	36	37
60	38	38
60	39	40
60	41	42
60	43	43
60	44	45
60	47	47
60	48	48
60	49	50
60	51	52
60	53	54
60	55	55
60	56	57
60	58	59
60	60	60
60	61	61
60	62	63
60	64	65
60	66	66
60	67	68
60	69	70
60	71	71
60	72	73
60	74	74
60	75	75
60	76	77
60	78	79
60	80	81
60	82	82

61	4	7
61	9	11
61	12	13
61	14	15
61	16	17
61	18	19

62	4	5
62	7	11
62	13	14
62	15	17
62	19	19
62	20	20
62	21	22
62	23	23
62	24	25

63	4	7
63	9	12
63	13	15
63	16	16
63	17	20
63	21	22
63	23	24
63	26	26
63	27	28
63	29	29
63	30	31

64	4	5
64	6	7
64	8	8
64	9	10
64	11	12
64	13	14
64	15	16
64	17	17

65	0	2

66	4	5
66	6	6
66	8	10
66	12	18
66	19	19
66	20	21
66	22	22

67	4	4
67	5	6
67	7	9
67	10	12
67	13	14
67	15	16
67	17	18
67	19	20
67	21	21
67	22	23
67	24	24
67	25	26
67	27	27
67	28	29
67	30	31
67	32	32
67	33	34
67	35	35

68	0	2

69	1	3
69	4	5
69	6	6
69	8	11
69	12	12
69	13	16
69	18	20
69	22	32
69	34	36
69	37	37
69	38	39
69	40	41
69	42	42
69	43	43
69	44	45
69	46	47
69	48	48
69	49	50
69	51	51
69	52	52

70	0	2

71	1	3
71	4	5
71	6	6
71	8	13
71	15	17
71	19	29
71	31	33
71	34	34
71	35	35
71	36	37
71	38	39
71	40	40
71	41	42
71	43	43
71	44	44

72	0	2

73	1	1
73	2	3
73	4	5
73	7	9
73	11	15
73	17	20
73	21	21
73	22	25
73	27	27
73	28	29
73	30	31
73	32	33
73	34	35
73	36	36
73	37	38
73	39	39

74	0	2

75	4	5
75	6	7
75	8	9
75	11	15
75	17	29
75	31	36

76	4	5
76	6	6
76	7	7
76	8	9
76	10	11
76	12	12
76	13	14
76	15	16
76	17	18
76	19	20
76	21	23
76	24	24
76	25	25
76	26	27
76	28	28

77	0	0
77	1	1
77	2	2

78	1	2
78	3	4
78	5	7
78	8	9
78	10	10
78	12	16
78	18	27
78	29	34
78	36	38
78	40	50
78	52	52
78	53	53
78	54	55
78	56	58
78	59	60
78	61	62
78	63	64
78	65	67
78	68	68
78	69	70
78	71	72
78	73	73
78	74	76
78	77	78
78	79	79
78	80	80

79	0	2

80	4	5
80	6	7
80	9	18
80	20	23
80	25	28

81	4	5
81	6	7
81	8	10
81	11	12
81	13	14
81	15	15
81	16	16
81	17	18
81	19	21
81	22	23
81	24	25
81	26	26

82	0	1
82	2	2
82	3	3
82	5	8
82	9	9
82	10	13

83	0	0
83	1	1
83	2	2

84	4	5
84	6	7
84	9	18
84	20	23

85	4	5
85	6	7
85	8	8
85	9	10
85	11	12
85	13	13
85	14	14
85	15	15
85	16	17
85	18	19
85	20	20
85	21	22
85	23	24
85	25	25
85	26	27
85	28	29
85	30	30
85	31	31
85	32	32
85	33	34
85	35	35
85	36	37
85	38	39
85	40	40
85	41	42
85	43	44
85	45	45
85	46	46
85	48	49
85	50	50

86	0	2

87	1	2
87	3	4
87	6	10
87	12	18
87	19	19
87	20	27
87	29	30
87	31	32
87	33	34
87	35	36
87	37	38
87	39	40
87	41	41
87	42	43
87	44	44
87	45	46
87	47	48
87	49	49
87	50	51
87	52	52
87	53	53
87	54	54
87	55	56
87	57	57

88	0	3

89	4	5
89	6	7
89	9	13
89	15	23

90	4	5
90	6	7
90	8	8
90	9	10
90	11	12
90	13	14
90	15	15
90	16	17
90	18	18
90	19	20
90	21	21
90	22	24
90	25	25
90	26	27
90	28	29
90	30	31
90	32	32
90	33	34
90	35	35
90	36	37
90	38	38
90	39	40
90	41	41
90	42	43
90	44	45
90	46	46

91	0	3

92	4	5
92	6	7
92	9	14
92	16	24

93	4	5
93	6	7
93	8	8
93	9	10
93	11	12
93	13	14
93	15	15
93	16	17
93	18	18
93	19	19
93	20	21
93	22	23
93	24	26
93	27	27
93	28	29
93	30	31
93	32	33
93	34	34
93	35	36
93	37	38
93	39	41
93	42	42
93	43	44
93	45	45
93	46	46
93	48	48
93	49	50
93	51	51

94	0	0
94	1	2
94	3	4
94	5	5
94	6	9
94	11	12
94	13	14
94	15	16

95	0	0
95	1	1
95	2	4
95	5	7

96	4	6
96	7	8
96	9	10
96	11	11
96	12	14
96	15	15
96	16	17
96	18	19
96	20	20
96	21	21
96	22	23
96	24	25
96	26	26
96	27	27
96	28	29
96	30	31
96	32	34
96	35	35
96	36	37
96	38	38
96	39	39
96	40	41
96	42	43
96	44	45
96	46	46
96	48	49
96	50	50
96	51	51
96	52	53
96	54	54
96	55	55
96	56	57
96	58	60
96	61	62
96	63	64
96	65	65
96	66	67
96	68	68
96	69	70
96	71	71
96	72	73
96	74	75
96	76	76
96	77	78
96	79	79
96	80	81
96	82	83
96	84	84
96	85	85
96	86	86
96	87	88
96	89	90
96	91	92
96	94	95
96	96	97
96	98	98
96	99	100
96	101	102
96	103	103
96	104	104
96	105	106
96	107	107
96	108	108
96	109	110
96	111	113
96	114	115
96	116	116
96	117	118
96	119	119

97	4	5
97	6	6

98	4	4
98	5	5
98	6	6
98	7	8
98	9	9

99	4	4
99	5	5
99	6	6
99	7	8
99	9	9
99	10	11
99	12	12

100	4	4
100	5	5
100	6	6
100	7	8
100	9	10
100	11	11
100	12	12
100	13	14
100	15	15

101	4	4
101	5	5
101	6	7
101	8	9
101	10	11
101	12	12

102	0	0
102	1	1
102	2	4
102	5	6
102	7	7
102	8	9
102	10	12

103	0	0
103	1	1
103	2	2
103	3	5

104	0	2
104	3	3
104	4	5
104	6	7
104	8	10

105	4	5
105	6	8
105	9	10
105	11	12
105	13	13
105	14	16
105	17	17
105	18	18
105	19	20
105	21	21
105	22	23
105	24	27
105	28	29
105	30	30
105	31	31
105	32	33
105	34	35
105	36	38
105	39	39
105	40	41
105	42	42
105	43	43
105	44	45
105	46	46
105	47	47

106	0	1
106	2	3
106	4	4
106	5	6
106	7	8
106	9	10
106	11	11
106	12	14
106	15	15
106	16	17
106	18	18
106	19	19
106	20	21
106	22	22
106	23	23
106	24	25
106	26	28
106	29	30
106	31	33
106	34	35
106	36	36
106	37	38
106	39	39
106	40	41
106	42	44

110	4	5
110	6	6

111	4	4
111	5	5
111	6	6
111	7	8
111	9	9

112	4	4
112	5	5
112	6	6
112	7	8
112	9	9

113	4	4
113	5	5
113	6	6
113	7	7
113	8	9
113	10	11
113	12	12

114	4	4
114	5	5
114	6	6
114	7	8
114	9	10
114	11	12
114	13	13

115	4	4
115	5	5
115	6	7
115	8	9
115	10	11
115	12	12

116	4	4
116	5	5
116	6	6
116	7	8
116	9	11
116	12	13
116	14	14

117	4	4
117	5	5
117	6	8
117	9	9

118	4	4
118	5	5
118	6	7
118	8	8
118	9	9

123	4	4
123	5	5
123	6	6
123	7	8
123	9	9
123	10	10

124	0	1
124	2	2
124	3	3
124	5	8
124	9	9
124	10	13

128	0	1

129	0	0
129	1	1

130	0	1

151	0	1
151	2	2

152	0	0
152	1	1
152	2	2
152	3	4
152	5	5

153	0	0
153	1	1
153	2	2
153	3	4
153	5	5
153	6	6

155	0	0
155	1	1
155	2	4
155	5	5

157	0	0
157	1	1
157	2	3
157	4	4
157	5	6
157	7	7

158	0	0
158	1	1
158	2	2
158	3	4
158	5	6
158	7	8
158	9	9

159	0	0
159	1	1
159	2	2
159	3	4
159	5	5
159	6	6

160	0	0
160	1	1
160	2	2
160	3	3
160	4	5
160	6	7
160	8	8

161	0	0
161	1	1
161	2	3
161	4	6
161	7	8
161	9	9

162	0	1
162	2	2
162	3	3
162	4	5
162	6	7
162	8	9
162	10	10
162	12	13
162	14	14
162	15	15
162	16	17
162	18	18
162	19	19

163	0	1
163	3	5
163	6	6

164	0	1
164	2	2
164	3	4
164	5	5
164	6	6

168	0	0
168	1	1
168	2	2
168	3	4
168	5	6
168	7	7
168	8	9
168	10	10
168	11	12
168	13	15

169	0	4
169	5	6
169	7	8
169	9	11

170	0	1
170	2	3
170	4	6
170	7	8
170	9	9
170	10	11
170	12	12
170	13	14
170	15	16
170	17	18
170	19	19
170	20	21
170	22	22
170	23	24
170	25	26
170	27	28
170	29	29
170	30	30
170	31	32
170	33	33
170	34	35
170	36	37
170	38	38
170	39	40
170	41	41
170	42	42
170	44	45
170	46	47
170	48	50
170	51	51
170	52	54
170	55	56
170	57	58
170	59	59
170	60	61
170	62	63
170	64	65
170	66	66
170	67	68
170	69	69
170	70	72
170	73	74
170	75	77
170	78	79
170	80	80
170	81	82
170	83	83
170	84	85
170	86	87
170	88	88
170	89	89
170	91	91
170	92	93
170	94	94
170	95	97
170	98	99
170	100	102
170	103	104
170	105	105
170	106	107
170	108	108
170	109	110
170	111	112
170	113	113
170	114	115
170	116	117
170	118	118
170	119	121
170	122	123
170	124	126
170	127	128
170	129	129
170	130	131
170	132	132

171	4	5
171	6	6

172	4	4
172	5	5
172	6	6
172	7	8
172	9	10
172	11	12
172	13	13

173	4	4
173	5	5
173	6	7
173	8	8

174	4	4
174	5	5
174	6	6
174	7	8
174	9	10
174	11	11

175	4	4
175	5	6
175	7	8
175	9	10
175	11	11

176	0	1
176	2	3
176	4	5
176	6	6

177	0	0
177	1	1
177	2	3
177	4	5
177	6	6
177	7	8
177	9	9
177	10	12
177	13	14
177	15	15
177	16	17
177	18	20

179	0	0
179	1	1
179	2	2
179	3	3
179	4	5
179	6	7
179	9	9

180	0	0
180	1	1
180	2	3
180	4	5
180	6	6
180	7	8
180	9	10
180	11	11
180	12	14
180	15	16
180	17	17
180	18	19
180	20	22

181	0	1
181	2	2
181	3	3
181	5	8
181	9	9
181	10	13
181	15	17
181	18	21
181	23	25
181	26	28

182	4	6
182	7	8
182	9	9
182	10	13
182	14	15
182	16	17
182	18	18
182	19	20
182	21	21
182	22	23
182	24	25
182	26	26
182	27	31
182	32	32
182	33	34
182	35	35

183	4	4
183	6	6
183	8	8
183	9	9
183	10	10

184	0	0
184	2	2
184	4	4
184	5	5

185	0	1
185	2	2
185	3	4
185	5	5
185	6	7
185	8	8
185	9	10
185	11	11
185	12	13
185	14	14
185	16	17
185	18	18
185	19	20
185	21	21
185	22	23
185	24	24
185	25	26
185	27	27
185	28	29
185	30	30

186	0	1
186	2	3

187	0	2

188	0	2
188	3	5
188	6	6
188	7	8
188	9	9

189	4	5
189	6	6

190	4	5
190	7	7
190	8	8
190	9	15
190	16	17
190	18	19
190	20	21
190	22	22
190	23	23
190	24	24
190	25	26
190	27	27
190	28	28
190	29	31
190	33	34
190	35	35
190	36	37
190	38	38
190	39	41
190	43	44
190	45	45
190	46	48
190	49	51
190	52	52
190	53	54
190	55	55
190	56	56

191	0	2
191	3	3
191	4	4
191	5	7

192	0	4
192	5	6
192	7	9

193	4	5
193	6	8
193	9	10
193	11	11
193	12	15
193	16	17
193	18	19
193	20	20
193	21	22
193	23	23
193	24	25
193	26	33
193	34	34
193	35	36
193	37	37

197	1	2
197	4	4
197	5	5
197	6	6
197	7	9
197	11	11
197	13	15
197	16	17
197	18	19
197	20	21
197	22	22
197	23	23
197	24	24
197	25	26
197	27	27
197	28	31
197	33	34
197	35	35
197	36	37
197	38	38
197	39	41
197	43	44
197	45	45
197	46	47
197	48	50
197	51	53
197	54	54
197	55	56
197	57	57
197	58	58
197	60	61
197	62	62
197	63	63

198	1	3
198	4	4
198	5	11
198	12	13
198	14	15
198	16	17
198	18	18
198	19	19
198	20	20
198	21	22
198	23	23
198	24	24
198	25	28
198	29	29
198	30	31
198	32	32
198	33	35
198	37	38
198	39	39
198	40	41
198	42	44
198	45	47
198	48	48
198	49	50
198	51	51
198	52	52
198	54	55
198	56	56
198	57	57

199	1	3
199	5	5
199	6	6
199	7	7
199	8	14
199	15	16
199	17	18
199	19	20
199	21	21
199	22	22
199	23	23
199	24	24
199	25	26
199	27	27
199	28	32
199	33	33
199	34	35
199	36	36
199	37	39
199	40	40
199	41	41
199	42	42
199	43	44
199	45	46
199	47	47
199	48	50
199	51	51
199	52	53
199	54	54
199	55	55

200	0	2
200	3	3
200	4	4
200	5	6
200	7	8
200	9	11

201	0	4
201	5	6
201	7	8
201	9	9
201	10	11
201	12	12
201	13	15

202	4	5
202	6	7
202	8	8
202	9	10
202	11	11
202	12	14
202	15	16
202	17	17
202	18	21
202	22	23
202	24	25
202	26	26
202	27	28
202	29	29
202	30	31
202	32	39
202	40	40
202	41	42
202	43	43

204	0	1
204	2	2
204	3	4
204	5	5
204	6	7
204	8	8
204	9	9
204	10	10
204	11	11
204	12	13
204	14	14
204	16	17
204	18	18
204	19	20
204	21	21
204	22	23
204	24	24
204	25	25
204	26	26
204	27	27
204	28	29
204	30	30

205	1	3
205	5	6
205	7	8

206	1	2
206	3	4
206	5	5
206	6	7
206	8	8
206	9	11
206	13	15
206	16	18
206	19	19
206	20	21
206	22	22

207	4	5
207	6	6

208	4	6
208	7	7
208	8	8
208	9	9
208	10	17
208	18	19
208	20	21
208	22	23
208	24	24
208	25	25
208	26	26
208	27	29
208	30	30
208	31	32
208	33	33
208	34	36
208	38	39
208	40	40
208	41	42
208	43	43
208	44	44
208	46	48
208	50	51
208	52	52
208	53	54
208	55	56
208	57	59
208	60	62
208	63	64
208	66	67
208	68	68

209	0	2
209	3	3
209	4	6
209	7	8
209	9	10
209	11	11
209	12	13
209	14	14
209	15	17

210	4	5
210	6	7
210	8	8
210	9	10
210	11	11
210	12	14
210	15	16
210	17	17
210	18	21
210	22	23
210	24	25
210	26	26
210	27	28
210	29	29
210	30	31
210	32	33
210	34	34
210	35	35
210	37	40
210	41	41
210	42	43
210	44	44

211	4	6
211	7	7
211	8	8
211	9	9
211	10	10
211	11	13

212	0	0
212	1	2
212	3	3
212	4	5
212	6	6
212	7	8
212	9	9
212	10	11
212	12	12
212	13	14
212	15	15

213	7	8
213	9	9
213	10	11
213	12	12
213	13	14
213	15	15
213	16	16
213	17	18
213	19	19
213	20	21
213	22	22
213	23	23
213	24	25
213	26	26
213	27	28
213	29	29
213	30	31
213	32	32
213	35	36
213	37	38
213	39	39
213	40	41
213	42	42
213	43	43
213	44	44
213	45	46
213	47	47
213	48	48
213	49	49

214	1	3

215	1	2
215	3	4

216	1	2
216	3	4
216	5	5
216	6	7
216	8	8
216	9	11

217	1	3
217	4	6
217	7	7
217	8	9
217	10	10

218	4	5
218	6	6
218	7	7

219	4	6
219	7	7
219	8	9
219	10	10
219	11	19
219	20	21
219	22	23
219	24	25
219	26	26
219	27	27
219	28	28
219	29	30
219	31	32
219	33	33
219	34	35
219	36	36
219	37	37
219	39	43
219	44	44
219	45	46
219	47	47
219	48	48
219	50	54
219	55	55
219	56	57
219	58	59
219	60	62
219	63	65
219	67	67
219	68	69
219	70	70
219	71	71

220	4	5
220	6	6
220	7	7

221	4	6
221	7	7
221	8	9
221	10	10
221	11	19
221	20	21
221	22	23
221	24	25
221	26	26
221	27	27
221	28	28
221	29	30
221	31	32
221	33	33
221	34	35
221	36	36
221	37	37
221	39	41
221	42	42
221	43	43
221	44	45
221	46	46
221	47	47
221	49	51
221	53	54
221	55	55
221	56	57
221	58	59
221	60	62
221	63	65
221	67	67
221	68	69
221	70	70
221	71	71

222	0	0
222	1	2
222	3	4

223	4	5
223	6	7
223	8	8
223	9	10
223	12	17
223	18	18
223	19	20
223	21	21

224	0	0
224	1	2
224	3	4
224	6	8
224	9	10
224	11	12
224	14	16
224	17	17
224	18	18
224	19	20
224	21	21
224	22	23
224	24	25
224	26	26
224	27	28
224	29	30
224	31	32
224	33	34
224	35	35
224	36	37
224	38	39
224	40	40
224	41	42
224	43	43
224	44	44
224	45	46
224	47	47
224	48	48
224	49	50
224	51	52
224	53	53
224	54	55
224	56	56
224	57	57
224	58	59
224	61	62
224	63	64
224	65	65
224	66	67
224	68	68
224	69	70
224	71	73
224	74	74
224	75	75
224	76	76
224	77	78
224	79	80
224	81	82
224	83	83
224	84	85
224	86	86

225	0	2
225	3	3
225	4	4
225	5	6
225	7	7
225	8	8
225	9	10
225	11	12
225	13	14
225	15	15
225	16	17
225	18	20
225	21	21
225	22	23
225	24	25
225	26	27
225	28	28
225	29	31
225	32	32
225	33	34
225	35	36
225	37	37
225	38	38
225	39	40
225	41	41
225	42	42
225	43	45
225	47	48
225	49	50
225	51	52
225	53	54
225	55	55
225	56	56
225	57	58
225	59	60
225	61	61
225	62	62
225	63	63
225	64	65
225	66	67
225	68	69
225	70	70
225	71	71
225	72	74
225	75	76
225	77	78
225	79	80
225	81	82
225	83	83
225	84	84
225	85	86
225	87	88
225	89	89
225	90	90
225	91	91
225	93	94
225	95	95
225	96	98
225	99	99

226	0	2
226	3	3
226	4	4

227	3	3
227	4	4

228	0	2
228	3	3
228	4	4

229	0	2
229	3	3
229	4	4

230	0	2
230	3	3
230	4	4

231	0	0
231	1	3
231	4	5
231	6	6
231	7	8
231	9	9
231	10	10
231	11	12
231	13	14
231	15	15
231	16	16
231	17	18
231	19	19

232	0	0
232	1	3
232	4	4
232	5	6
232	7	8
232	9	11
232	12	12
232	13	14
232	15	15
232	16	17
232	18	18
232	19	19
232	20	20
232	21	22
232	23	24
232	25	25
232	26	26
232	27	27
232	28	28
232	29	29
232	30	30

235	0	0
235	1	1
235	2	3
235	4	4
235	5	6
235	7	8
235	9	11

236	0	2
236	3	3
236	4	4
236	5	6
236	7	7
236	8	9
236	10	12
236	13	14
236	15	16
236	17	18
236	19	20
236	21	22
236	23	23
236	24	25
236	27	28
236	29	29
236	30	31
236	33	34
236	35	35

237	0	2
237	3	3
237	4	4
237	5	6
237	7	9
237	10	11
237	12	13
237	14	15
237	16	16
237	17	18
237	19	20
237	21	21
237	22	23
237	24	25
237	26	26
237	27	28
237	29	29
237	30	31
237	32	32
237	33	33
237	34	34
237	35	35
237	36	37
237	38	38
237	39	40
237	41	42
237	43	43
237	44	45
237	47	48
237	49	49
237	50	51
237	52	52
237	53	54
237	55	55
237	56	57
237	58	58
237	59	60
237	61	61
237	62	63
237	64	64
237	65	66
237	67	68
237	69	69

238	0	2
238	3	3
238	4	4
238	5	6
238	7	7
238	8	8
238	9	10
238	11	11
238	12	12
238	13	14
238	15	15
238	16	17
238	18	18
238	19	20
238	21	23
238	24	25
238	26	26
238	27	27
238	28	29
238	30	30
238	31	31
238	32	33
238	34	34
238	36	37
238	38	38

239	0	2
239	3	3
239	4	5
239	6	7
239	8	9
239	10	10
239	11	12
239	13	13
239	14	14
239	15	16
239	17	17
239	18	18
239	19	19
239	20	20
239	21	22
239	23	24
239	25	25
239	26	27
239	28	28
239	29	30
239	31	31
239	32	33
239	34	35
239	36	36
239	37	37
239	38	38
239	39	40
239	41	43
239	44	46
239	48	48
239	49	50
239	51	52
239	53	53

240	0	2
240	3	3
240	4	5
240	6	7
240	8	8
240	9	10
240	11	11
240	12	14
240	15	15
240	16	17
240	18	19
240	20	20
240	21	23
240	24	25
240	26	26

241	0	2
241	3	3
241	4	5
241	6	7
241	8	8
241	9	9
241	10	10
241	11	11
241	12	13
241	14	15
241	16	17
241	18	18
241	19	20
241	21	22
241	23	24
241	25	25
241	26	27
241	28	29
241	30	30
241	31	32
241	33	34
241	35	36
241	37	38
241	39	39

242	0	2
242	3	5
242	6	6
242	7	8
242	9	11
242	13	15
242	16	16
242	17	17
242	18	19
242	20	22
242	23	24
242	25	26
242	27	29
242	31	33
242	34	34
242	35	36
242	37	38
242	39	39
242	40	41
242	42	43
242	45	47
242	48	48
242	49	51
242	52	52
242	53	54
242	55	56
242	57	58
242	59	59
242	60	61
242	62	63
242	64	64

243	0	2
243	3	3
243	4	4
243	5	6
243	7	9
243	10	11
243	12	13
243	14	14
243	15	15
243	16	17
243	18	18
243	19	20
243	21	21
243	22	22
243	23	24
243	25	26
243	27	27
243	28	31
243	32	33
243	34	36
243	37	38
243	39	40
243	41	41
243	42	43
243	44	45

244	0	0
244	1	2
244	3	3
244	4	4
244	5	6
244	7	8
244	9	10
244	12	14
244	15	15
244	16	19
244	20	24
244	25	25
244	26	27
244	28	29
244	30	30
244	31	33
244	34	34

245	0	1
245	2	4
245	5	6
245	7	9
245	10	10
245	11	12
245	13	14
245	15	15
245	16	17
245	18	18
245	19	19
245	20	20
245	21	21
245	22	23
245	24	26
245	27	27
245	28	29
245	30	31
245	33	34
245	35	35
245	36	37
245	38	41
245	42	42
245	43	44

246	0	1
246	2	2
246	3	3
246	4	4
246	5	6
246	7	8
246	9	9

247	0	1
247	2	4
247	5	6
247	7	8
247	9	9
247	10	11
247	12	13
247	14	14
247	15	15
247	16	16
247	17	18
247	19	19
247	20	21
247	22	22
247	23	23
247	24	25
247	26	27
247	28	28
247	29	30
247	31	31

248	0	1
248	2	2
248	3	4
248	5	6
248	7	8
248	9	10
248	11	12
248	13	13
248	14	14
248	15	15
248	16	17
248	18	18
248	19	20
248	21	21
248	22	22
248	23	24
248	25	25
248	26	26
248	27	27
248	28	29
248	30	30
248	31	32
248	33	34
248	35	35
248	36	37
248	38	38

249	0	2
249	3	4
249	5	6
249	7	9
249	11	13
249	14	14
249	15	15
249	16	17
249	18	19
249	20	21
249	22	23
249	24	24
249	25	26
249	27	27
249	28	29
249	30	31
249	32	32
249	33	33
249	34	35
249	36	36
249	37	38
249	39	39
249	40	41
249	42	42
249	43	44
249	45	46
249	47	47

250	0	2
250	3	3
250	4	4
250	5	6
250	7	7
250	8	9
250	10	10
250	11	13
250	14	14
250	15	17
250	18	18
250	19	20
250	21	23
250	24	24
250	25	26
250	27	27

251	0	2
251	3	3
251	4	4
251	5	6
251	7	8
251	9	9
251	10	11
251	12	12
251	13	14
251	15	15
251	16	17
251	18	18
251	19	20
251	21	21
251	22	22
251	23	24
251	25	26
251	27	28
251	30	32
251	33	33
251	34	35
251	36	40
251	41	41
251	42	43
251	44	45
251	46	46
251	47	48
251	49	50

252	0	0
252	1	1
252	2	3
252	4	5
252	6	7
252	8	8

253	0	2
253	3	3
253	4	4
253	5	6
253	7	8
253	9	9
253	10	11
253	12	13
253	14	15
253	16	16
253	17	18
253	19	21
253	22	22
253	23	24
253	25	26
253	28	29
253	30	30
253	31	32
253	33	34
253	36	38
253	39	39
253	40	41
253	42	43
253	44	44
253	45	46
253	47	48
253	49	49
253	50	51

254	0	1
254	2	2
254	3	4
254	5	8
254	9	9
254	10	11
254	12	13
254	14	14
254	15	15
254	16	17
254	18	19
254	20	20
254	21	22
254	23	23
254	24	24
254	25	26
254	27	28
254	29	29

255	0	2
255	3	3
255	4	4
255	5	6
255	7	8
255	9	9
255	10	10
255	11	11
255	12	12
255	13	14
255	15	16
255	17	18
255	19	20
255	21	22
255	23	23
255	24	25
255	26	26
255	27	28
255	29	29
255	30	30
255	31	32
255	33	33
255	34	35
255	36	37
255	38	38
255	39	40
255	41	42
255	43	43

256	0	2
256	3	3
256	4	4
256	5	6
256	7	8
256	9	9
256	10	10
256	11	12
256	13	13
256	14	14
256	15	16
256	17	19
256	20	21
256	22	22
256	23	24
256	25	26
256	27	27
256	28	28
256	29	30
256	31	32
256	33	33
256	34	35
256	36	37
256	38	38
256	39	40
256	41	42
256	43	43

257	0	2
257	3	3
257	4	4
257	5	6
257	7	7
257	8	9
257	10	11
257	12	12
257	13	13
257	14	15
257	16	17
257	18	19
257	20	20
257	21	22
257	23	24
257	25	25
257	26	27
257	28	29
257	30	30
257	31	31
257	32	32
257	33	34
257	35	35
257	36	38
257	39	39
257	40	40
257	41	41
257	42	43
257	44	45

258	0	1
258	2	2
258	3	3
258	4	6
258	7	8
258	9	9
258	10	10
258	11	12
258	13	14
258	16	18
258	19	19
258	20	22
258	23	24
258	25	25
258	26	26
258	27	28
258	29	29
258	31	33
258	34	34

259	0	2
259	3	3
259	4	4
259	5	6
259	7	8
259	9	10
259	11	12
259	13	13
259	14	15
259	16	16
259	17	18
259	19	20
259	21	21
259	22	22
259	23	23
259	24	25
259	26	27
259	28	28
259	29	30
259	31	31

260	0	2
260	3	3
260	4	4
260	5	6
260	7	8
260	9	9
260	10	11
260	12	13
260	14	14
260	15	15
260	16	17
260	18	19
260	21	23
260	24	24
260	25	25

261	0	2
261	3	3
261	4	5
261	7	8
261	10	11
261	12	12
261	13	13
261	14	15
261	16	18
261	19	19
261	20	21
261	22	22
261	23	24
261	25	26
261	27	27
261	28	28
261	29	31
261	32	33
261	34	34
261	35	36
261	37	37
261	38	39
261	40	41
261	42	42
261	43	44
261	45	45
261	46	48
261	49	49

262	0	1
262	2	2
262	3	3
262	4	5
262	6	7
262	8	8
262	9	10
262	11	11
262	12	12
262	13	14
262	15	15
262	16	17
262	18	18
262	19	20
262	21	22
262	23	23
262	24	25
262	26	26

263	0	0
263	1	2
263	3	4
263	5	5
263	6	7
263	8	9
263	10	10
263	11	12
263	13	14
263	16	18
263	19	20
263	21	22

264	0	2
264	3	3
264	4	4
264	5	6
264	7	8

265	4	5
265	6	7
265	8	8
265	9	9
265	10	11
265	12	13
265	14	15
265	16	16
265	17	18
265	19	19
265	20	21
265	22	22

266	0	2
266	3	3
266	4	4
266	5	6
266	7	8

267	4	5
267	6	7
267	8	8
267	9	9
267	10	10
267	11	12
267	13	14
267	15	15
267	16	16
267	17	18
267	19	19
267	20	21
267	22	23
267	24	24
267	25	26
267	27	28
267	29	29
267	30	31
267	32	35
267	36	37
267	38	38
267	39	40
267	41	42
267	43	43
267	44	45
267	46	46
267	48	49
267	50	51
267	52	53
267	54	55
267	56	56
267	57	58
267	59	59

268	4	5
268	6	7
268	8	9
268	10	10
268	11	11
268	12	13
268	14	15
268	16	17
268	18	18

269	4	5
269	6	7
269	8	9
269	10	11
269	12	13
269	14	14
269	15	15
269	16	16
269	17	18
269	19	20
269	21	22
269	23	24
269	25	25

270	4	4
270	5	5
270	6	6
270	7	8
270	9	9
270	10	11
270	12	13
270	14	15
270	16	17
270	18	18
270	19	20
270	21	22
270	23	24
270	25	25

271	4	4
271	5	5
271	6	7
271	8	9
271	10	10
271	11	12
271	13	13
271	14	15
271	16	16
271	17	18
271	19	19
271	20	20
271	21	22
271	23	24
271	25	25
271	26	26
271	27	28
271	29	30
271	31	32
271	33	34
271	35	35

272	4	4
272	5	6
272	7	8
272	9	10
272	11	11
272	12	13
272	14	15
272	16	17
272	18	19
272	20	20
272	21	22
272	23	24
272	25	25

273	4	5
273	6	7
273	8	9
273	10	11
273	12	13
273	14	15
273	16	17
273	18	18
273	19	20
273	21	21
273	22	23
273	24	25
273	26	26
273	27	27
273	28	28
273	29	30
273	31	32
273	33	33
273	34	34
273	35	36
273	37	40
273	41	41
273	42	43
273	44	44
273	45	46
273	48	49
273	50	50
273	51	51
273	52	52
273	53	54
273	55	56
273	57	58
273	59	59
273	60	60
273	61	61
273	62	63
273	64	64
273	65	66
273	67	68
273	69	69
273	70	70
273	71	72
273	73	74
273	75	75
273	76	77
273	78	78
273	79	80
273	81	81
273	82	82
273	83	84
273	85	85
273	86	87
273	88	88
273	89	90
273	91	91
273	92	92
273	94	95
273	96	96

274	0	2
274	3	4
274	5	6
274	7	7
274	8	9
274	10	11
274	13	15
274	16	16
274	17	17
274	18	20
274	21	21
274	22	23
274	24	26

275	0	2
275	3	3
275	4	6
275	7	8
275	9	10
275	11	11
275	12	13
275	14	15
275	16	16

276	4	4
276	5	6
276	7	7
276	8	9
276	10	10
276	11	12
276	13	14
276	15	15
276	16	17
276	18	19
276	20	21
276	22	22
276	23	25
276	26	26
276	27	27
276	28	28
276	29	29
276	30	30
276	31	32
276	33	33
276	34	35
276	36	36

277	0	2
277	3	3
277	4	6
277	7	8
277	9	10
277	11	11
277	12	13
277	14	15
277	16	16

278	0	2
278	3	3
278	4	6
278	7	7
278	8	8
278	9	10
278	11	12
278	13	14

279	4	6
279	7	8
279	9	9
279	10	10
279	11	12
279	13	15
279	16	17
279	18	19
279	20	20
279	21	22
279	23	23
279	24	25
279	26	27
279	28	29
279	30	31
279	32	33
279	34	34

280	0	0
280	1	1
280	3	4
280	5	5
280	6	7
280	8	8
280	9	10
280	11	12
280	13	13
280	14	16
280	17	17
280	18	19
280	20	20
280	21	21
280	22	23
280	24	24
280	25	26
280	27	28
280	29	29
280	30	31
280	32	33
280	34	36
280	38	40
280	41	41
280	42	43
280	44	44
280	45	46
280	48	49
280	51	53
280	54	54
280	55	55
280	56	56
280	57	58
280	59	59
280	60	61
280	62	63
280	64	64
280	65	66
280	67	68
280	69	69
280	70	71
280	72	72
280	73	74
280	75	78
280	79	79
280	80	81
280	82	82
280	83	84
280	85	85
280	86	87
280	88	88
280	89	89
280	90	90
280	91	91
280	93	93
280	94	97
280	98	98
280	99	99
280	100	100
280	101	101
280	102	103
280	104	105
280	106	106
280	107	108
280	109	110
280	111	111

281	0	0
281	1	1
281	3	4
281	5	5
281	6	7
281	8	8
281	9	10
281	11	12
281	13	13
281	14	16
281	17	17
281	18	18
281	19	19
281	20	21
281	22	22
281	23	23
281	24	25
281	26	27
281	28	29
281	30	32
281	33	33
281	34	35
281	36	36
281	37	38
281	39	40
281	41	42
281	44	46
281	47	48
281	50	50
281	51	52
281	53	54
281	56	58
281	59	60
281	61	63
281	64	64
281	65	65
281	66	67
281	68	69
281	70	70
281	71	72
281	73	74
281	75	75
281	76	76
281	77	77
281	78	80
281	81	81

282	0	0
282	1	1
282	3	4
282	5	5
282	6	7
282	8	8
282	9	10
282	11	12
282	13	13
282	14	16
282	17	17
282	18	18
282	19	19
282	20	21
282	22	22
282	23	23
282	24	25
282	26	27
282	28	29
282	30	30
282	31	32
282	33	34
282	35	35
282	36	37
282	38	38
282	39	39
282	40	41
282	42	43
282	45	47
282	48	48
282	50	50
282	51	51
282	52	53
282	54	55
282	57	59
282	60	60
282	61	62
282	63	65
282	66	66
282	67	69
282	70	71
282	72	72
282	73	73
282	74	74
282	75	76
282	77	78
282	79	79
282	80	81
282	82	82
282	83	85
282	86	86

283	0	2
283	3	3
283	4	6
283	7	7
283	8	8
283	9	10
283	11	12
283	13	14

284	4	4
284	5	6
284	7	9
284	10	11
284	12	13
284	14	14
284	15	16
284	17	17
284	18	18
284	19	19
284	20	22
284	23	23
284	24	25
284	26	26
284	27	28
284	29	31
284	32	32
284	33	34
284	35	36
284	38	39
284	40	40
284	41	42
284	43	45
284	46	46
284	47	48
284	50	51
284	53	55
284	56	56
284	57	58
284	59	60
284	61	61
284	62	63
284	64	65
284	66	66
284	67	68
284	69	70
284	72	73
284	74	74
284	75	76
284	77	78
284	79	79
284	80	80
284	81	82
284	83	83
284	84	84
284	85	86
284	87	88
284	89	89

285	0	2
285	3	3
285	4	6
285	7	8
285	9	10
285	11	12
285	13	13
285	14	15
285	16	17
285	18	18

286	5	6
286	7	7
286	8	8
286	9	10
286	11	11
286	12	14
286	15	15
286	16	16
286	17	18
286	19	20
286	21	21
286	22	23
286	24	25
286	26	27
286	28	29
286	30	31
286	32	33
286	34	34
286	35	36
286	37	38
286	39	39
286	40	41
286	42	44
286	45	45
286	46	46
286	47	47
286	48	49
286	50	50
286	52	53
286	54	54
286	55	56
286	57	57
286	58	59
286	60	61
286	62	62
286	63	63
286	64	65
286	66	66
286	67	68
286	69	70
286	71	72
286	73	73
286	74	74
286	75	75
286	76	77
286	78	79
286	80	80
286	81	82
286	83	84
286	85	85
286	86	87
286	88	89
286	90	91
286	92	92
286	93	94
286	95	96
286	98	99
286	100	100
286	101	101
286	102	103
286	104	105
286	106	106
286	107	108
286	109	109
286	110	110
286	111	111
286	112	112
286	113	114
286	115	115
286	116	118
286	119	119
286	120	121
286	122	123
286	124	125
286	126	127
286	128	128
286	129	130
286	131	132
286	133	134
286	135	135
286	136	137
286	138	139
286	140	140
286	141	142
286	144	145
286	146	147
286	148	149
286	150	150

287	0	2
287	3	3
287	4	6
287	7	8
287	9	10
287	11	12
287	13	14
287	15	15
287	16	17
287	18	19
287	20	20

288	4	4
288	5	6
288	7	8
288	9	10
288	11	13
288	14	14
288	15	16
288	17	18
288	19	20
288	21	21
288	22	23
288	24	25
288	26	26
288	27	28
288	29	31
288	32	33
288	34	35
288	36	36
288	37	38
288	39	40
288	41	41
288	42	43
288	44	45
288	46	46
288	48	48
288	49	49
288	50	51
288	52	53
288	54	54
288	55	55
288	56	57
288	58	58
288	59	59
288	60	61
288	62	62
288	63	64
288	65	66
288	67	68
288	69	69
288	70	70
288	71	72
288	73	74
288	75	76
288	77	77
288	78	78
288	79	80
288	81	81
288	82	82
288	83	83
288	84	84
288	85	86
288	87	87

289	0	2
289	3	3
289	4	4
289	5	6
289	7	8
289	9	11

290	0	2
290	3	3
290	4	6
290	7	8
290	9	10
290	11	11
290	12	13
290	14	15
290	16	16

291	1	1
291	2	3
291	4	4
291	5	6
291	7	7
291	8	9
291	10	11
291	12	12
291	13	14
291	15	16
291	17	18
291	19	19
291	20	22
291	23	23
291	24	24
291	25	25
291	26	26
291	27	27
291	28	29
291	30	30
291	31	32
291	33	33
291	35	36
291	37	37
291	38	38
291	39	41
291	42	42
291	43	43
291	44	45
291	46	46
291	47	48
291	49	50
291	51	52
291	53	53
291	54	55
291	56	56
291	57	58
291	59	61
291	62	62
291	63	63
291	64	64
291	65	66
291	67	67

292	0	2
292	4	6
292	7	9
292	10	11
292	12	12
292	13	14
292	15	16
292	17	17

293	5	5
293	6	7
293	8	9
293	10	10
293	11	11
293	12	12
293	13	13
293	14	14
293	15	15
293	16	17
293	18	19
293	20	21
293	22	22
293	23	23
293	24	24
293	25	26
293	27	27
293	28	28
293	29	29
293	30	31
293	32	32
293	33	34
293	35	35
293	36	37
293	38	38
293	39	39
293	40	41
293	42	43
293	44	44
293	45	46
293	47	47
293	49	50
293	51	52
293	53	55
293	56	56
293	57	57
293	58	58
293	59	60
293	61	61

294	0	2
294	3	3
294	4	4
294	6	6
294	7	8
294	9	10
294	11	11
294	12	13
294	14	15
294	16	16
294	18	20
294	21	21
294	22	24
294	25	25
294	26	26
294	27	28
294	29	30
294	31	32

295	4	5
295	6	8
295	9	9
295	10	11
295	12	13
295	14	15
295	16	16
295	17	18
295	19	20
295	21	21
295	22	23
295	25	27
295	28	28
295	29	30
295	31	32
295	33	33
295	34	35
295	36	37
295	38	39
295	41	43
295	44	44
295	45	46
295	47	48
295	49	49
295	50	51

296	0	0
296	1	2
296	3	3
296	4	5
296	6	6
296	7	9
296	10	11
296	12	12
296	13	14
296	15	16
296	17	18
296	19	19
296	20	21
296	22	23
296	24	24
296	25	26
296	27	28
296	29	29
296	30	31
296	32	33
296	34	34

297	0	4
297	5	5
297	6	6
297	7	8
297	9	10
297	11	12

298	4	4
298	5	6
298	7	8
298	9	9
298	10	11
298	12	12
298	13	15
298	16	17
298	18	18

299	0	0
299	1	3
299	4	4
299	5	6
299	7	7
299	8	9
299	10	12
299	13	13
299	14	15
299	16	17
299	19	20
299	21	21
299	22	23
299	24	26
299	27	27
299	28	28
299	29	30
299	31	32
299	34	36
299	37	37
299	38	39
299	40	41
299	42	42
299	43	44
299	45	45
299	47	48
299	49	50
299	51	52
299	54	55
299	56	56
299	57	58
299	59	60
299	61	61
299	62	62
299	63	64
299	65	66
299	67	67
299	68	69
299	70	71
299	72	72

300	4	4
300	5	6
300	7	8
300	9	9
300	10	11
300	12	12
300	13	15
300	16	17
300	18	18

301	0	1
301	2	2
301	3	4
301	5	6
301	7	7
301	8	9
301	10	10
301	11	12
301	13	13
301	14	14
301	15	17
301	18	18
301	19	20
301	21	21
301	22	23
301	24	26
301	27	27
301	28	29
301	30	31
301	33	34
301	35	35
301	36	37
301	38	40
301	41	41
301	42	42
301	44	45
301	46	47
301	49	51
301	52	52
301	53	54
301	55	56
301	57	57
301	58	59
301	60	61
301	62	62
301	63	64
301	65	66
301	68	69
301	70	70
301	71	72
301	73	74
301	75	75
301	76	76
301	77	78
301	79	79
301	80	80
301	81	82
301	83	84
301	85	85

302	0	2
302	3	3
302	4	6
302	7	8
302	9	10
302	11	12
302	13	13
302	14	15
302	16	17
302	18	18

303	5	5
303	6	7
303	8	9
303	10	10
303	11	11
303	12	12
303	13	14
303	15	17
303	18	18
303	19	20
303	21	21
303	22	23
303	24	25
303	26	27
303	28	29
303	30	30
303	31	31
303	32	32
303	33	33
303	34	35
303	36	37
303	38	38
303	39	40
303	41	42
303	43	43
303	44	44
303	45	46
303	47	47
303	49	49
303	50	51
303	52	53
303	54	54
303	55	56
303	57	59
303	60	60
303	61	61
303	62	62
303	63	65
303	66	66
303	67	67
303	68	68
303	69	70
303	71	71

304	0	2
304	3	3
304	4	6
304	7	8
304	9	10
304	11	12
304	13	13
304	14	15
304	16	17
304	18	18

305	5	5
305	6	7
305	8	10
305	11	11
305	12	13
305	14	15
305	16	17
305	18	18
305	19	20
305	21	22
305	23	23

306	5	5
306	6	7
306	8	10
306	11	11
306	12	12
306	13	13
306	14	15
306	16	16
306	17	17
306	18	19
306	20	21
306	22	22
306	23	24
306	25	26
306	27	28
306	29	30
306	31	31
306	32	33
306	34	34
306	35	36
306	37	37
306	38	39
306	40	41
306	42	44
306	45	45
306	46	47
306	49	51
306	52	52
306	53	54
306	55	56
306	57	57
306	58	59
306	60	62
306	63	63
306	64	64
306	65	65
306	66	67
306	68	68

307	5	5
307	6	7
307	8	9
307	10	11
307	12	13
307	14	14
307	15	15
307	16	17
307	18	18
307	19	19
307	20	21
307	22	23
307	24	24
307	25	26
307	27	28
307	29	30
307	31	32
307	33	33
307	34	35
307	36	37
307	38	38
307	39	40
307	41	43
307	44	44
307	45	47
307	49	51
307	52	52
307	53	54
307	55	57
307	58	58
307	59	59
307	60	60
307	61	62
307	63	64
307	65	65
307	66	67
307	68	68
307	69	69
307	70	70
307	71	72
307	73	73
307	74	74
307	75	75
307	76	77
307	78	78
307	79	80
307	81	83
307	84	84
307	85	85
307	86	86
307	87	88
307	89	89

308	0	2
308	3	3
308	4	6
308	7	8
308	9	10
308	11	12
308	13	13
308	14	15
308	16	17
308	18	18

309	5	5
309	6	7
309	8	10
309	11	11
309	12	13
309	14	16
309	17	18
309	19	20
309	21	22
309	23	23
309	24	25
309	26	27
309	28	29
309	30	30
309	31	31
309	32	32
309	33	34
309	35	36
309	37	39
309	40	40
309	41	42
309	43	44
309	45	45
309	46	47
309	49	49
309	50	50
309	51	52
309	53	54
309	55	55
309	56	56
309	57	58
309	59	59
309	60	61
309	62	63
309	64	64
309	65	66
309	67	69
309	70	70
309	71	72
309	73	73

310	0	2
310	3	3
310	4	4
310	6	6
310	7	8
310	9	10
310	11	12
310	13	13
310	14	15
310	16	17
310	18	18

311	5	5
311	6	7
311	8	10
311	11	11
311	12	13
311	14	16
311	17	18
311	19	20
311	21	21
311	22	22
311	23	24
311	25	26
311	27	27
311	28	29
311	30	31
311	32	32
311	33	34
311	35	36
311	37	37
311	38	38
311	39	40
311	41	42
311	43	43
311	44	45
311	46	47
311	48	48
311	50	50
311	51	51
311	52	52
311	53	54
311	55	55
311	56	57
311	58	59
311	60	61
311	62	63
311	64	65
311	66	67
311	68	68
311	69	70
311	72	74
311	75	75
311	76	76
311	77	77
311	78	79
311	80	82
311	83	83
311	84	85
311	86	86
311	87	88
311	89	90
311	91	91
311	92	92
311	93	93
311	94	95
311	96	97
311	98	99
311	101	102
311	103	104
311	105	105

312	0	2
312	3	3
312	4	4
312	6	6
312	7	8
312	9	10
312	11	12
312	13	14
312	15	15
312	16	17
312	18	19
312	20	20

313	5	6
313	7	8
313	9	9
313	10	12
313	13	13
313	14	16
313	17	17
313	18	19
313	20	20

314	0	0
314	1	2
314	3	3
314	4	5
314	6	6
314	7	8
314	9	9
314	10	11
314	12	12
314	13	14
314	15	16
314	18	20
314	21	22
314	23	24
314	25	26
314	27	28
314	29	29
314	30	30
314	31	31
314	32	33
314	34	35
314	37	42
314	43	43
314	44	45
314	46	46
314	47	48
314	49	49
314	50	51
314	52	53
314	54	55
314	56	56

315	5	5
315	6	6
315	7	10
315	11	11
315	12	13
315	14	14

316	5	5
316	6	6
316	7	8
316	9	10
316	11	12
316	13	14
316	15	15

317	5	5
317	6	6
317	7	7
317	8	9
317	10	10

318	5	5
318	6	7
318	8	9
318	10	11
318	12	12

319	5	5
319	6	6
319	7	8
319	9	10
319	11	11

320	5	5
320	6	6
320	7	8
320	9	12
320	13	13
320	14	14
320	15	16
320	17	17

321	5	5
321	6	6
321	7	8
321	9	10
321	11	11

322	5	5
322	6	6
322	7	8
322	9	12
322	13	13
322	14	15
322	16	16

323	5	5
323	6	6
323	7	10
323	11	11

324	0	2
324	3	4
324	5	5
324	6	7
324	8	8
324	9	10
324	11	11
324	12	13
324	14	15
324	16	16
324	17	18
324	19	21
324	22	22
324	24	26
324	27	27
324	28	29
324	30	30
324	31	32
324	33	33
324	34	35
324	36	36
324	37	37
324	38	38
324	39	40
324	41	42
324	43	43
324	44	45
324	46	47
324	48	48
324	50	51
324	52	52
324	53	54
324	55	55
324	56	57
324	58	59
324	60	61
324	62	62
324	63	63
324	64	65
324	66	67
324	68	68
324	69	69
324	70	71
324	72	73
324	74	74
324	75	78
324	79	79

325	0	2
325	3	4
325	5	5
325	6	6
325	7	8
325	9	9
325	10	11
325	12	12
325	13	14
325	15	16
325	17	17
325	18	18
325	19	19
325	20	20
325	21	22
325	23	23
325	24	25
325	26	26
325	27	28
325	29	29
325	30	30
325	31	32
325	33	34
325	35	35
325	36	37
325	38	38
325	39	40
325	41	42
325	43	43
325	45	46
325	47	47

326	0	2
326	3	4
326	5	6
326	7	9
326	10	11
326	12	12
326	13	14
326	15	15
326	16	17
326	18	18
326	19	20
326	21	22
326	23	24
326	25	25
326	26	27
326	28	28
326	29	30
326	31	32
326	33	34
326	35	36
326	37	37

327	0	2
327	3	3
327	4	5
327	6	7
327	8	8
327	9	10
327	11	12
327	13	13
327	14	14
327	15	16
327	17	17
327	18	19
327	20	21
327	22	22
327	23	24
327	25	26
327	27	27
327	28	29
327	30	30
327	31	31
327	32	32
327	33	33
327	34	35
327	36	37
327	38	39
327	40	40
327	41	42
327	43	43
327	44	44
327	46	47
327	48	48
327	49	49
327	50	52
327	53	54
327	55	55
327	56	57
327	58	59
327	60	60
327	61	61
327	62	62
327	63	63
327	64	65
327	66	67
327	68	69
327	70	70

328	0	2
328	3	4
328	5	6
328	7	7
328	8	9
328	10	11
328	12	13
328	14	15
328	16	16

329	5	5
329	6	6
329	7	9
329	10	10

330	5	5
330	6	7
330	8	10
330	11	11

331	5	5
331	6	6
331	7	8
331	9	11
331	12	12

332	5	5
332	6	7
332	8	8
332	9	10
332	11	12
332	13	14
332	15	15

333	5	5
333	6	7
333	8	9
333	10	11
333	12	13
333	14	14

334	0	6

335	0	3
335	4	5

336	0	2
336	3	3
336	4	5
336	6	6

337	0	1
337	2	2
337	3	3
337	5	8
337	9	9
337	10	13

338	0	1
338	2	3
338	4	6
338	7	10

339	0	2
339	3	5
339	6	7
339	8	9
339	10	10

340	0	3
340	4	4
340	5	10

341	0	0

342	0	10
342	11	11
342	13	13
342	15	16
342	17	17
342	19	20
342	22	23

343	0	3
343	4	4
343	5	5
343	6	6
343	7	7
343	8	8
343	9	9
343	10	10
343	11	11
343	12	14

344	0	1
344	2	2
344	3	7
344	8	8

345	0	0

346	0	0
346	1	1
346	2	2
346	3	7
346	9	9
346	11	15

347	0	1
347	2	2
347	3	6
347	7	7
347	9	9
347	10	13
347	14	14
347	15	24

348	0	2
348	3	4
348	5	5
348	6	6
348	7	9
348	10	10
348	12	19

349	0	1
349	2	3
349	4	5
349	6	6
349	8	8
349	9	11
349	12	12
349	14	21

