1	0	1

2	0	6
2	7	10
2	11	12

3	0	1
3	2	2
3	3	3
3	5	10
3	12	12
3	14	17

4	0	1
4	2	3
4	4	5
4	6	7
4	8	9
4	10	13

5	0	0
5	1	1
5	2	3
5	4	4
5	5	7
5	8	9
5	10	11
5	12	13

6	0	1
6	2	3
6	4	5

7	0	8
7	10	22
7	24	26
7	28	29
7	30	30
7	31	34
7	36	45
7	47	52
7	54	55
7	57	70
7	72	80

8	0	0
8	1	4
8	6	6
8	7	7
8	9	10
8	11	11
8	12	15
8	17	26
8	28	33
8	35	36
8	38	42
8	44	52
8	54	55
8	57	67
8	69	71

9	0	3
9	4	4
9	5	6
9	7	7
9	8	9
9	11	12

10	0	1
10	2	3
10	4	4
10	5	6

11	0	1
11	3	4

12	0	0
12	1	2
12	5	5

13	0	0
13	1	3
13	4	5
13	6	7
13	9	9

14	0	0
14	1	2
14	3	3
14	4	5
14	7	7

15	0	0
15	1	3
15	4	5
15	6	7
15	8	9
15	10	11
15	12	13
15	14	15
15	16	17
15	19	19

16	0	2
16	3	4
16	5	6
16	7	7
16	8	11
16	12	13
16	15	15

17	0	2
17	3	4
17	5	6
17	7	8
17	10	10

18	0	2
18	3	4
18	5	6
18	7	7
18	8	9
18	10	11
18	13	13

19	0	2
19	3	4
19	5	6
19	9	9

20	0	2
20	3	4
20	5	6
20	8	8

21	0	0
21	1	3
21	4	5
21	6	7
21	8	9
21	10	11
21	12	13
21	14	15
21	16	17
21	19	19

22	0	2
22	3	5
22	6	7
22	8	9
22	10	11
22	13	13

23	0	2
23	3	3
23	4	5
23	6	7
23	8	9
23	10	11
23	13	13

24	0	0
24	2	3
24	4	5
24	11	11

25	0	2
25	3	4
25	5	6
25	7	8
25	16	16

26	0	2
26	3	4
26	5	7
26	8	9
26	14	14
26	15	15
26	20	20

27	0	2
27	3	4
27	5	6
27	7	8
27	9	10
27	12	12
27	13	13
27	14	14
27	15	15
27	16	16
27	17	17
27	18	18
27	19	19

28	0	2
28	3	4
28	5	6
28	7	8
28	10	10

29	0	2
29	3	4
29	5	6
29	8	8

30	0	2
30	4	5
30	6	7
30	9	9

31	0	0
31	1	2
31	3	4
31	5	5
31	6	7
31	9	9

32	0	2
32	3	4
32	5	6
32	8	8

33	0	2
33	3	4
33	5	5
33	6	7
33	8	9
33	11	11

34	0	0
34	1	2
34	3	4
34	8	8

35	0	2
35	3	4
35	5	6
35	8	8

36	0	2
36	3	4
36	5	6
36	12	12

37	0	2
37	3	4
37	5	6
37	8	8

38	0	2
38	3	4
38	5	6
38	8	8

39	0	2
39	3	4
39	5	6
39	8	8

40	0	0
40	1	2
40	3	3
40	4	5
40	6	6
40	7	8
40	9	9
40	10	11
40	15	15

41	0	2
41	4	5
41	11	11

42	0	2
42	3	4
42	20	20

43	0	2
43	3	4
43	8	8

44	0	2
44	3	4
44	5	5
44	6	6
44	7	7
44	8	8
44	23	23
44	24	24

45	0	0
45	1	1
45	2	2

46	0	0
46	2	2

47	2	3
47	4	4
47	5	5
47	7	10
47	11	11
47	12	13
47	14	15
47	16	17
47	18	19
47	20	21
47	22	25
47	26	26
47	27	28
47	29	29
47	30	30
47	31	32
47	33	33

48	3	3
48	4	4
48	5	6
48	7	7
48	8	9
48	10	10

49	2	2
49	3	3
49	4	4
49	5	5
49	6	7
49	8	8
49	9	11
49	12	13
49	14	15
49	16	17
49	18	19
49	20	21
49	22	23
49	24	24

50	2	2
50	3	3
50	4	4
50	5	5
50	6	7
50	8	8
50	9	10
50	11	11
50	12	13
50	14	14
50	15	16
50	17	19
50	20	22
50	23	24
50	25	26
50	27	28
50	29	30
50	31	31

51	2	2
51	3	3
51	4	4
51	5	6
51	7	7
51	8	9
51	10	11
51	12	13
51	14	15
51	16	19
51	20	22
51	23	24
51	25	26
51	27	28
51	29	30
51	31	32
51	33	33

52	2	2
52	3	3
52	4	4
52	5	5
52	6	7
52	8	8
52	9	11
52	12	13
52	14	15
52	16	17
52	18	19
52	20	21
52	22	23
52	24	24

53	2	2
53	3	4
53	5	5
53	6	6
53	7	7
53	8	9
53	10	10

54	2	2
54	3	4
54	5	5
54	6	14
54	15	16
54	17	17

55	2	2
55	3	4
55	5	5
55	6	7
55	8	11
55	12	13
55	14	15
55	16	16
55	17	18
55	19	20
55	21	23
55	24	25
55	26	28
55	29	30
55	31	31

56	2	2
56	3	4
56	5	6
56	7	8
56	9	10
56	11	11
56	12	13
56	14	15
56	16	17
56	18	20
56	21	21

57	2	2
57	3	4
57	5	6
57	7	8
57	9	10
57	11	11
57	12	13
57	14	16
57	17	20
57	21	21
57	22	23
57	24	26
57	27	30
57	31	31
57	32	33
57	34	35
57	36	39
57	40	41
57	42	43
57	44	44
57	46	46
57	47	49
57	50	50
57	51	52
57	53	54
57	55	56
57	57	60
57	61	64
57	65	65
57	66	67
57	68	68
57	69	69
57	70	71
57	72	73
57	74	77
57	78	78
57	79	80
57	81	82
57	83	84
57	85	88
57	89	89

58	2	2
58	3	4
58	5	6
58	7	9
58	10	10
58	11	12
58	13	13
58	14	14
58	15	16
58	17	17
58	18	18
58	19	20
58	21	21
58	22	24
58	25	25
58	26	28
58	29	29
58	30	31
58	32	32
58	33	34
58	35	35
58	36	37
58	38	38
58	39	40
58	41	41
58	42	42
58	43	44
58	45	45
58	47	49
58	50	50
58	51	52
58	53	53
58	54	54
58	55	56
58	57	57
58	58	59
58	60	60
58	61	62
58	63	63
58	64	66
58	67	67
58	68	69
58	70	70
58	71	72
58	73	73
58	74	76
58	77	77
58	78	79
58	80	80
58	81	82
58	83	83
58	84	86
58	87	87
58	88	89
58	90	90

59	2	2
59	3	4
59	5	5
59	6	7
59	8	9
59	10	10
59	11	11
59	12	13
59	14	14
59	15	16
59	17	18
59	19	19
59	20	28
59	29	31
59	32	35
59	36	36
59	37	39
59	40	42
59	43	44
59	46	47
59	48	48
59	49	54
59	56	56
59	57	57

60	0	1
60	2	3
60	4	5
60	6	7
60	8	9
60	10	13

61	0	0
61	1	1
61	2	3
61	4	4
61	5	7
61	8	9
61	10	11
61	12	13

62	0	1
62	2	3
62	4	5

63	0	0
63	1	2

64	2	2
64	3	4
64	5	6
64	7	7
64	8	10
64	11	12
64	13	14
64	15	16
64	17	18
64	19	20
64	21	22
64	23	23
64	24	25
64	26	26
64	27	28
64	29	29
64	30	31
64	32	32
64	33	34
64	35	35
64	36	37
64	38	39
64	40	40
64	41	42
64	43	44
64	46	46
64	47	48
64	49	49
64	50	51
64	52	53
64	54	55
64	56	57
64	58	58
64	59	60
64	61	61
64	62	63
64	64	64
64	65	66
64	67	67

65	0	0
65	1	2
65	3	4
65	5	5
65	6	8
65	9	10
65	11	12
65	13	14
65	15	16
65	17	18
65	19	20
65	21	21
65	22	23
65	24	24
65	25	26
65	27	27
65	28	29
65	30	30
65	31	32
65	33	33
65	34	35
65	36	36
65	37	37

66	0	0
66	1	3
66	4	5
66	6	7

67	2	3
67	4	5
67	6	7
67	8	8
67	9	10
67	11	11
67	12	13
67	14	14
67	15	18
67	19	19
67	20	20
67	21	22
67	23	23
67	24	25
67	26	26
67	27	28
67	29	30
67	31	31
67	32	33
67	34	35
67	36	36
67	37	38
67	39	40
67	41	42
67	43	44
67	45	45
67	47	48
67	49	50
67	51	52
67	53	53
67	54	55
67	56	57
67	58	58
67	59	59
67	60	61
67	62	63
67	64	64
67	65	66
67	67	68
67	69	69
67	70	71
67	72	72
67	73	73
67	74	75
67	76	77
67	78	79
67	80	80

68	2	3
68	4	4
68	5	5
68	7	9
68	10	11
68	12	13
68	14	15
68	16	17

69	0	1
69	2	2
69	3	3
69	5	9
69	10	12
69	13	13
69	14	15
69	16	17
69	18	19
69	20	21
69	22	22
69	23	23
69	24	26
69	27	29

70	0	1
70	2	2
70	3	3
70	5	7
70	8	8
70	9	12
70	13	15
70	16	17
70	18	19
70	20	21
70	22	23
70	24	24
70	25	26
70	27	28

71	0	1
71	2	2
71	3	3
71	5	10
71	11	11
71	12	15
71	16	17
71	18	19
71	20	21
71	22	23
71	24	25
71	26	29
71	31	31
71	32	32
71	33	34
71	35	35
71	36	37

72	0	1
72	2	2
72	3	3
72	5	10
72	11	12
72	13	14
72	15	16
72	17	18
72	19	20
72	21	22
72	23	24
72	26	26
72	27	27
72	28	29
72	30	30
72	31	33
72	34	35
72	36	37
72	38	39
72	40	41
72	42	43
72	44	45

73	0	0
73	1	2
73	3	3
73	4	5

74	0	1
74	2	3
74	4	4
74	5	6
74	7	8
74	9	10
74	11	12
74	13	13

75	0	2

76	2	4
76	5	6
76	7	8
76	9	10
76	11	12
76	13	14
76	15	16
76	18	19
76	20	20
76	21	24
76	26	35
76	37	42
76	44	45
76	47	51
76	53	61
76	63	64
76	66	76
76	78	80

77	2	3
77	4	4
77	5	6
77	7	10
77	11	12
77	13	13
77	14	14
77	15	16
77	17	17
77	18	18
77	19	19
77	20	22
77	23	24
77	25	26
77	27	28
77	29	30
77	31	32
77	33	34
77	35	36
77	37	37
77	38	40
77	41	42
77	43	44
77	46	46
77	47	48
77	49	49
77	50	51
77	52	54
77	55	55
77	56	56
77	57	57
77	58	61
77	62	62
77	63	64
77	65	66
77	67	67
77	68	69
77	70	71
77	72	72
77	73	74
77	75	75
77	76	77
77	78	78
77	79	80
77	81	81
77	82	83
77	84	85
77	86	86

78	0	2

79	2	4
79	5	6
79	7	8
79	9	10
79	12	16
79	18	26
79	28	29
79	31	41
79	43	45

80	0	0
80	1	2
80	3	4
80	5	6
80	7	7
80	8	9
80	10	10
80	11	13
80	14	15
80	16	16
80	17	18
80	19	19

81	0	2

82	2	3
82	4	5
82	7	20
82	22	26

83	2	2
83	3	4
83	5	6
83	7	10
83	11	12
83	13	14
83	15	15
83	16	17
83	18	18
83	19	20
83	21	21
83	22	22
83	23	24
83	25	25
83	26	26
83	27	27
83	28	28
83	29	30
83	31	31
83	32	34
83	35	35
83	36	37
83	38	38
83	39	42
83	43	43
83	44	44
83	45	46
83	47	47
83	48	51
83	52	52
83	53	53
83	55	56
83	57	57
83	58	61
83	62	62
83	63	63
83	65	68
83	69	69
83	70	71
83	72	72
83	73	73
83	74	77
83	78	78
83	79	81
83	82	82
83	83	83

84	2	2
84	3	4
84	5	5
84	6	6
84	8	10
84	11	11
84	12	15
84	16	16
84	17	18
84	20	22
84	23	23

85	0	2

86	2	3
86	5	9
86	11	21

87	0	0
87	1	1
87	2	3
87	4	5
87	6	6
87	7	8
87	9	9
87	10	10
87	11	12
87	13	13
87	14	16
87	17	17
87	18	18
87	19	20
87	21	21
87	22	25
87	26	26
87	27	27
87	28	29
87	30	30
87	31	34
87	35	35
87	36	36
87	37	38
87	39	39
87	40	43
87	44	44
87	45	46
87	47	47
87	48	49
87	50	50

88	2	2
88	3	4
88	5	5
88	6	6
88	8	10
88	11	11
88	12	15
88	16	16
88	17	18
88	20	22
88	23	23

89	0	2

90	2	5
90	7	9
90	10	10
90	11	13
90	15	24

91	0	0
91	1	2
91	3	4
91	5	5
91	6	6
91	7	8
91	9	10
91	11	12
91	13	13
91	14	15
91	16	16

92	0	2

93	3	4
93	5	8
93	10	17
93	19	26
93	28	36
93	37	37
93	39	41

94	3	6
94	7	7
94	8	11
94	12	13
94	14	16
94	17	17
94	18	19
94	20	20
94	21	21
94	22	23
94	24	25
94	26	27
94	28	29
94	30	31
94	32	32
94	33	34
94	35	36
94	37	38
94	39	40
94	41	42
94	43	44
94	45	45
94	47	47
94	48	49
94	50	50
94	51	53
94	54	54
94	55	57
94	58	58

95	0	0
95	1	3
95	4	5
95	6	7
95	8	9
95	10	11
95	12	13
95	14	15
95	16	17

96	0	2
96	3	4
96	5	6
96	7	7
96	8	11
96	12	13

97	3	4
97	5	6
97	7	8
97	9	9
97	10	10
97	11	12
97	13	14
97	15	15
97	16	17
97	18	19
97	20	21
97	22	22
97	23	24
97	25	25
97	26	28
97	29	29
97	30	30
97	31	32
97	33	33
97	34	37
97	38	39
97	40	41
97	42	43
97	44	45
97	47	48
97	49	49
97	50	52
97	53	53
97	54	54
97	55	56
97	57	57

98	0	2
98	3	4
98	5	6
98	7	8

99	3	4
99	5	6
99	7	8
99	9	10
99	11	14
99	15	15
99	16	16
99	17	20
99	21	22
99	23	24
99	25	26
99	27	27

100	0	2
100	3	4
100	5	6
100	7	7
100	8	9
100	10	11

101	3	4
101	5	6
101	7	7
101	8	8
101	9	9
101	10	13
101	14	14
101	15	16
101	17	18
101	19	20
101	21	21
101	22	25
101	26	26
101	27	27

102	0	2
102	3	4
102	5	6

103	3	4
103	5	6
103	7	8
103	9	10
103	11	12
103	13	14
103	15	15
103	16	16
103	17	18
103	19	19
103	20	21
103	22	22
103	23	23
103	24	25
103	26	27
103	28	31
103	32	32
103	33	36
103	37	38
103	39	40
103	41	41
103	42	43
103	44	45
103	47	48
103	49	49
103	50	51
103	52	52

104	0	2
104	3	4
104	5	6

105	3	4
105	5	6
105	7	7
105	8	9
105	10	11
105	12	13
105	14	15
105	16	17
105	18	18
105	19	20
105	21	22
105	23	24
105	25	25
105	26	27
105	28	29
105	30	31
105	32	32
105	33	33
105	34	35
105	36	36
105	37	38
105	39	39
105	40	40

106	0	0
106	1	3
106	4	5
106	6	7
106	8	9
106	10	11
106	12	13
106	14	15
106	16	17

107	0	2
107	3	5
107	6	7
107	8	9
107	10	11

108	3	4
108	5	7
108	8	9
108	10	11
108	12	13
108	14	15
108	16	16
108	17	18
108	19	20
108	21	21
108	22	23
108	24	25
108	26	26
108	27	28
108	29	30
108	31	31
108	32	33
108	34	35
108	36	36
108	37	38
108	39	40
108	41	42
108	43	43
108	44	45
108	47	47
108	48	48
108	49	50
108	51	52
108	53	53
108	54	54
108	55	55
108	56	56
108	57	58
108	59	59
108	60	62
108	63	63
108	64	65
108	66	66
108	67	70
108	71	71
108	72	72
108	73	74
108	75	75
108	76	79
108	80	80
108	81	81
108	82	83
108	84	84
108	85	88
108	89	89
108	90	90
108	92	95
108	96	96
108	97	98
108	99	99
108	100	100
108	102	103
108	104	104
108	105	105
108	106	107
108	108	111
108	112	112
108	113	114
108	115	115
108	116	116
108	117	118
108	119	119
108	120	120
108	121	121
108	122	123
108	124	125
108	126	126
108	127	128
108	129	130
108	131	131
108	132	133
108	134	134
108	135	135
108	136	136
108	137	137
108	138	138
108	139	140
108	141	141
108	142	143
108	144	144
108	145	145
108	146	146
108	147	148
108	150	151
108	152	152

109	0	2
109	3	3
109	4	5
109	6	7
109	8	9
109	10	11

110	3	4
110	5	7
110	8	9
110	10	11
110	12	13
110	14	15
110	16	17
110	18	18
110	19	19
110	20	20
110	21	22
110	23	24
110	25	25
110	26	27
110	28	29
110	30	30
110	31	32
110	33	34
110	35	35
110	36	37
110	38	38
110	39	39
110	40	41
110	42	43
110	44	44
110	45	45
110	47	48
110	49	49
110	50	51
110	52	52
110	53	53
110	54	55
110	56	57
110	58	59
110	60	60
110	61	62
110	63	63
110	64	65
110	66	67
110	68	68
110	69	72
110	73	73
110	74	74

111	0	0
111	1	2
111	3	4

112	0	2
112	3	4
112	5	6
112	7	8

113	3	5
113	6	7
113	8	9
113	10	11
113	12	13
113	14	15
113	16	17
113	18	18
113	19	22
113	23	23
113	24	26
113	27	27
113	28	28
113	29	32
113	33	34
113	35	35
113	36	37
113	38	40
113	41	41
113	42	42
113	43	44
113	46	47
113	48	48
113	49	50
113	51	52
113	53	54
113	55	55
113	56	58
113	59	59
113	60	61
113	62	62
113	63	64
113	65	65
113	66	67
113	68	69
113	70	71
113	72	72
113	73	74
113	75	76
113	77	77
113	78	78
113	80	85
113	86	86
113	87	90
113	91	91
113	92	93
113	94	94

114	0	2
114	3	4
114	5	7
114	8	9

115	3	5
115	6	7
115	8	9
115	10	11
115	12	13
115	14	15
115	16	17
115	18	18
115	19	20
115	21	22
115	23	23
115	24	24
115	25	26
115	27	28
115	29	29
115	30	31
115	32	33
115	34	35
115	36	39
115	40	40
115	41	41
115	42	44
115	45	45
115	47	48
115	49	49
115	50	51
115	52	53
115	54	54
115	55	55
115	56	57
115	58	59
115	60	60
115	61	64
115	65	66
115	67	67
115	68	68
115	69	70
115	71	72
115	73	73
115	74	75
115	76	77
115	78	78
115	79	79
115	80	82
115	83	83
115	84	85
115	86	87
115	88	88
115	89	90
115	92	92
115	93	94
115	95	95
115	96	97
115	98	98
115	99	99
115	100	101
115	102	102
115	103	104
115	105	105
115	106	106
115	107	107
115	108	109
115	110	110
115	111	112
115	113	114
115	115	115
115	116	118
115	119	119
115	120	121
115	122	123
115	124	124
115	125	125
115	126	127
115	128	129
115	130	131
115	132	132
115	133	134
115	135	135
115	137	138
115	139	139

116	0	2
116	3	4
116	5	6
116	7	8
116	9	10

117	2	3
117	4	5
117	6	7
117	8	9
117	10	11
117	12	12

118	0	0
118	1	1
118	3	4
118	5	5
118	6	7
118	8	9
118	10	10
118	11	12
118	13	14
118	15	16
118	17	17
118	18	19
118	20	23
118	24	24
118	25	25
118	26	27
118	28	28
118	29	30
118	31	31
118	32	32
118	33	34
118	35	36
118	37	37
118	38	39
118	40	40
118	41	41
118	42	43
118	44	44
118	46	47
118	48	49
118	50	51
118	52	53
118	54	56
118	57	58
118	59	59
118	60	63
118	64	64
118	65	66
118	67	68
118	69	69
118	70	71
118	72	72
118	73	74
118	75	75
118	76	77
118	78	79
118	80	80
118	81	82
118	83	84
118	85	85

119	0	0
119	1	1
119	3	3
119	4	5
119	6	6
119	7	8
119	9	10
119	11	11
119	12	13
119	14	14
119	15	15
119	16	17
119	18	18
119	19	20
119	21	22
119	23	25
119	26	26
119	27	27
119	28	29
119	30	31
119	32	33
119	34	34
119	35	36
119	37	38
119	39	40
119	41	41
119	42	43
119	45	50
119	51	52
119	53	54
119	55	56
119	57	58
119	59	61
119	62	63
119	64	64
119	65	68
119	69	69
119	70	71
119	72	73
119	74	74
119	75	76
119	77	77
119	78	79
119	80	81
119	82	82
119	83	84
119	85	86
119	87	87

120	0	2
120	3	4
120	5	6
120	7	8

121	3	4
121	5	5
121	6	6
121	7	7
121	8	10
121	11	11
121	12	13
121	14	14
121	15	16
121	17	17
121	18	19
121	20	21
121	22	23
121	24	25
121	26	26
121	27	28
121	29	29
121	30	32
121	33	33
121	34	35
121	36	37
121	38	38
121	39	40
121	41	42
121	43	43
121	44	45
121	47	47
121	48	50
121	51	51
121	52	52
121	53	54
121	55	55
121	56	57
121	58	59
121	60	60

122	0	2
122	3	4
122	5	6

123	2	4
123	5	6
123	7	8
123	9	10
123	11	12
123	13	14
123	15	16
123	17	17
123	18	19
123	20	20
123	21	24
123	25	26
123	27	27

124	0	0
124	1	1
124	3	4
124	5	6
124	7	8
124	9	9
124	10	11
124	12	13
124	14	15
124	16	17
124	18	19
124	20	20
124	21	22
124	23	23
124	24	25
124	26	27
124	28	29
124	30	31
124	32	32
124	33	34
124	35	36
124	37	38
124	39	39
124	40	41
124	42	43
124	45	46
124	47	47
124	48	49
124	50	51
124	52	52
124	53	54
124	55	56
124	57	57
124	58	59
124	60	61
124	62	62

125	0	0
125	1	1
125	3	4
125	5	6
125	7	8
125	9	9
125	10	11
125	12	13
125	14	15
125	16	16
125	17	18
125	19	19
125	20	20
125	21	22
125	23	23
125	24	25
125	26	26
125	27	27
125	28	29
125	30	31
125	32	32
125	33	34
125	35	36
125	37	37
125	38	39
125	40	41
125	42	43
125	45	46
125	47	47

126	2	2
126	3	3
126	5	6
126	7	8
126	9	10
126	11	12
126	13	13
126	14	14
126	15	16
126	17	18
126	19	20
126	21	21
126	22	23
126	24	25
126	26	27
126	28	29
126	30	30
126	31	31
126	32	32

127	2	2
127	3	3
127	5	7
127	8	9
127	10	11
127	12	13
127	14	15
127	16	17
127	18	19
127	20	20
127	21	22
127	23	24
127	25	26
127	27	28
127	29	29
127	30	30
127	31	32
127	33	34
127	35	35
127	36	37
127	38	39
127	40	41
127	42	43
127	44	45
127	46	46

128	2	2
128	3	3
128	5	7
128	8	9
128	10	11
128	12	13
128	14	14
128	15	16
128	17	18
128	19	19
128	20	21
128	22	23
128	24	25
128	26	26
128	27	28
128	29	30
128	31	32
128	33	33

129	2	2
129	3	3
129	5	7
129	8	9
129	10	11
129	12	13
129	14	14
129	15	16
129	17	18
129	19	19
129	20	21
129	22	22
129	23	24
129	25	25

130	2	2
130	3	3
130	5	5
130	6	7
130	8	9
130	10	11
130	12	13
130	14	15
130	16	16
130	17	18
130	19	20
130	21	21
130	22	23
130	24	24
130	25	27
130	28	28
130	29	32
130	33	33
130	34	34
130	35	36
130	37	38
130	39	40
130	41	41

131	0	2
131	3	4
131	5	6

132	0	2
132	3	3
132	4	4
132	5	8

133	3	3
133	4	5
133	6	7
133	8	9
133	10	11
133	12	15
133	16	17
133	18	19
133	20	20
133	21	22
133	23	24
133	25	26
133	27	27
133	28	28
133	29	30
133	31	31
133	32	32
133	33	36
133	37	38
133	39	40
133	41	41
133	42	42
133	43	43
133	44	44
133	45	45
133	47	47
133	48	48
133	49	49
133	50	50
133	51	51
133	52	53
133	54	55
133	56	56
133	57	58
133	59	59
133	60	60
133	61	62
133	63	63
133	64	64
133	65	65
133	66	67
133	68	69
133	70	73
133	74	75
133	76	76
133	77	78
133	79	80
133	81	81
133	82	82
133	83	83
133	84	84
133	85	85
133	86	86
133	87	88
133	89	91
133	93	94
133	95	95
133	96	96
133	97	98
133	99	100
133	101	102
133	103	103
133	104	104
133	105	105
133	106	106
133	107	107
133	108	108
133	109	109
133	110	110
133	111	111
133	112	114
133	115	115
133	116	117
133	118	119
133	120	120

134	0	0
134	1	1
134	2	4
134	5	6
134	7	8
134	9	10
134	11	14
134	15	16

135	0	1
135	2	3
135	5	6
135	7	8

136	0	0
136	1	1
136	3	3
136	4	4
136	5	5
136	6	6
136	8	11
136	12	13
136	15	15
136	16	16
136	17	17
136	18	18
136	20	23
136	24	25
136	27	27
136	28	28
136	29	29
136	30	30
136	32	35
136	36	37
136	39	39
136	40	40
136	41	41
136	42	42

137	0	1
137	2	2
137	3	4
137	5	5
137	7	7
137	8	8
137	9	10
137	12	12
137	13	13
137	15	15
137	17	17
137	18	18
137	19	19
137	21	21
137	22	22
137	23	25
137	27	27
137	29	29
137	30	30
137	31	31
137	32	34
137	35	35
137	36	36
137	38	38
137	39	39
137	40	40
137	41	43
137	44	44
137	45	45

138	1	2
138	3	3
138	4	7
138	9	9
138	10	12
138	14	14
138	15	17
138	19	19
138	20	22

141	0	0
141	1	1
141	3	3
141	4	4
141	5	5

142	0	1
142	2	3
142	5	6
142	7	8

143	0	0
143	1	1
143	3	3
143	4	4
143	5	5
143	6	6
143	8	11
143	12	13
143	15	15
143	16	16
143	17	17
143	18	18
143	20	23
143	24	25
143	27	27
143	28	28
143	29	29
143	30	30
143	32	35
143	36	37
143	39	39
143	40	40
143	41	41
143	42	42

144	0	1
144	2	2
144	3	6
144	7	7
144	9	11
144	12	12
144	13	13
144	15	15
144	16	18
144	19	19
144	20	20
144	21	21
144	22	22
144	23	23
144	25	25
144	26	26
144	27	29
144	31	31
144	33	33
144	34	36
144	37	40
144	41	41
144	42	42
144	44	44
144	45	45
144	46	46
144	47	49
144	50	50
144	51	51

145	1	1
145	3	3
145	4	7
145	9	9
145	10	12
145	14	14
145	15	17
145	19	19
145	20	22

146	0	1
146	2	2
146	3	5
146	6	6
146	7	7
146	8	9
146	10	10
146	11	14
146	15	15
146	17	18
146	19	19
146	20	20
146	21	21
146	22	22
146	23	23
146	25	27
146	29	29
146	30	31
146	33	33
146	34	36
146	37	37
146	38	39
146	40	40
146	41	41
146	43	43
146	44	44
146	45	47
146	49	49
146	51	51
146	52	52
146	53	53
146	54	55
146	56	56
146	57	57
146	59	59
146	60	60
146	61	61
146	62	63
146	64	64
146	65	65

147	1	2
147	3	3
147	4	7
147	9	9
147	10	12
147	14	14
147	15	17
147	19	19
147	20	22

148	2	5
148	6	6
148	7	8
148	9	9
148	11	12
148	14	14
148	15	17
148	19	19
148	20	22
148	23	23
148	24	24
148	25	25
148	26	26
148	28	28
148	29	29
148	30	32
148	34	34
148	36	36
148	37	38
148	40	40
148	42	42
148	43	43
148	44	44
148	46	46
148	47	48
148	49	49
148	50	51
148	52	52
148	53	53

149	1	3
149	4	4
149	5	8
149	10	10
149	11	13
149	15	15
149	16	18
149	20	20
149	21	23

150	2	5
150	6	6
150	7	9
150	10	10
150	12	13
150	15	15
150	16	18
150	20	20
150	21	22
150	24	24
150	26	26
150	27	27
150	28	28
150	30	30
150	31	31
150	32	34
150	36	36
150	38	38
150	39	40
150	42	42
150	44	44
150	45	45
150	46	46
150	48	48
150	49	50
150	52	52
150	54	54
150	55	55
150	56	56

151	1	3
151	4	4
151	5	6
151	8	10
151	12	12
151	13	15
151	17	17
151	18	20
151	22	22
151	23	25

152	0	0
152	1	1
152	3	3
152	4	4
152	5	6
152	8	8
152	9	13
152	14	14
152	15	15
152	17	17
152	18	18
152	19	21
152	23	23
152	25	25
152	26	26
152	27	27
152	28	29
152	30	30
152	31	31
152	33	33
152	34	34
152	35	35
152	36	38
152	39	39
152	40	40

153	1	2
153	3	3
153	4	7
153	9	9
153	10	12
153	14	14
153	15	17
153	19	19
153	20	22

154	2	2
154	3	5
154	6	7
154	8	8
154	9	9
154	10	13
154	14	15
154	16	16
154	17	18
154	19	20
154	21	21
154	22	22

156	0	0
156	1	1
156	2	2
156	3	4
156	5	6
156	7	8
156	9	10
156	11	14
156	15	16

157	0	1
157	2	3
157	5	6
157	7	8

158	0	0
158	1	1
158	3	3
158	4	4
158	5	5
158	6	6
158	8	11
158	12	13
158	15	15
158	16	16
158	17	17
158	18	18
158	20	23
158	24	25
158	27	27
158	28	28
158	29	29
158	30	30
158	32	35
158	36	37
158	39	39
158	40	40
158	41	41
158	42	42

159	0	1
159	2	2
159	3	3
159	4	4
159	6	6
159	7	7
159	8	9
159	11	11
159	12	16
159	17	17
159	18	18
159	20	20
159	21	21
159	22	24
159	26	26
159	28	28
159	29	30
159	31	31
159	32	34
159	35	35
159	36	36
159	38	38
159	39	40
159	42	42
159	44	44
159	45	45
159	46	46

160	1	2
160	3	3
160	4	7
160	9	9
160	10	12
160	14	14
160	15	17
160	19	19
160	20	22

161	0	1
161	2	2
161	3	6
161	7	7
161	9	9
161	10	10
161	11	11
161	13	13
161	14	14
161	16	16
161	18	18
161	19	19
161	20	20
161	22	23
161	24	25
161	26	26
161	28	28
161	29	32
161	33	33
161	34	34
161	36	36
161	37	37
161	38	38
161	39	40
161	41	41
161	42	42

162	1	1
162	2	2
162	3	5
162	7	7
162	8	10
162	12	12
162	13	15
162	17	17
162	18	20

163	0	3
163	4	4
163	5	6
163	7	7
163	9	10
163	12	12
163	13	15
163	17	17
163	18	19
163	20	20
163	21	22
163	23	23
163	24	24
163	26	26
163	28	28
163	29	31
163	32	32
163	34	34
163	35	36
163	37	37
163	38	39
163	40	40
163	41	41
163	43	43
163	44	45
163	47	47
163	49	49
163	50	50
163	51	51

164	1	3
164	4	4
164	5	8
164	10	10
164	11	13
164	15	15
164	16	18
164	20	20
164	21	23

165	0	1
165	2	3

166	0	0
166	1	2
166	3	3
166	5	6
166	7	7
166	9	12
166	13	13
166	15	18
166	19	19
166	21	21
166	22	22
166	23	24
166	26	26
166	27	27
166	29	29
166	31	31
166	32	32
166	33	33
166	35	35
166	37	37
166	38	40
166	41	41
166	43	43
166	44	45
166	47	47
166	49	49
166	50	50
166	51	51
166	53	53
166	54	55
166	57	57
166	59	59
166	60	60
166	61	61

167	1	2
167	3	3
167	4	7
167	9	9
167	10	12
167	14	14
167	15	17
167	19	19
167	20	22

168	2	2
168	3	5
168	6	7
168	8	8
168	9	9
168	10	13
168	14	15
168	16	16
168	17	18
168	19	20
168	21	21
168	22	22

170	0	2
170	3	3
170	4	4
170	5	6
170	7	8

171	2	4
171	5	6
171	7	8
171	9	10
171	11	11
171	12	12
171	13	14
171	15	16
171	17	18
171	19	20
171	21	21
171	22	23
171	24	27
171	28	29
171	30	30
171	31	32
171	33	34

172	0	0
172	1	1
172	2	4
172	5	6
172	7	8
172	9	10
172	11	12
172	13	16
172	17	18

173	0	0
173	2	2
173	4	4
173	6	6

174	0	1
174	2	3
174	4	5
174	7	9

175	0	2
175	3	4
175	5	6
175	8	11
175	12	14

176	0	0
176	1	2
176	3	4
176	5	6
176	8	11
176	13	13

177	0	1
177	2	4
177	6	6
177	7	9
177	10	11
177	12	12
177	13	13
177	14	14
177	15	17
177	18	19
177	20	20
177	21	22
177	23	26
177	27	27
177	28	30

179	0	0
179	1	1
179	2	2
179	3	4
179	5	6
179	7	8
179	9	10
179	11	12
179	13	16
179	17	18

180	0	0
180	2	2
180	4	4
180	6	6

181	0	1
181	2	3
181	4	5
181	7	10

182	0	2
182	3	4
182	5	6
182	8	11
182	12	14

183	0	1
183	2	4
183	6	6
183	7	9
183	10	11
183	12	12
183	13	13
183	14	14
183	15	17
183	18	19
183	20	20
183	21	22
183	23	26
183	27	27
183	28	30

185	0	0
185	1	2
185	3	4
185	5	5
185	6	7

186	0	2
186	4	5
186	6	7

187	2	3
187	4	5
187	6	7
187	8	8
187	9	10
187	11	12
187	13	13
187	14	14
187	16	21
187	22	22
187	23	24
187	25	26
187	27	27

188	0	2
188	3	4
188	5	5
188	6	7
188	8	9

189	0	2
189	3	3
189	4	4
189	5	6
189	7	8
189	9	10
189	11	12

190	2	3
190	4	5
190	6	7
190	8	9
190	10	11
190	12	13
190	14	14
190	15	18
190	19	20
190	21	21
190	22	24
190	25	25
190	26	27
190	28	28
190	29	32
190	33	34
190	35	36
190	37	37
190	38	39
190	40	42
190	43	44
190	46	46
190	47	47
190	48	51
190	52	53
190	54	54
190	55	56
190	57	58
190	59	60
190	61	62
190	63	63
190	64	66
190	67	68
190	69	70
190	71	72
190	73	73
190	74	75
190	76	77
190	78	78
190	79	80
190	81	82
190	83	83
190	84	85
190	86	87
190	88	88
190	89	90
190	92	92
190	93	94
190	95	96
190	97	97
190	98	99
190	100	100
190	101	102
190	103	104
190	105	105
190	106	107
190	108	109
190	110	110
190	111	111
190	113	118
190	119	119
190	120	123
190	124	124
190	125	126
190	127	128
190	129	129

191	0	2
191	3	3
191	4	4
191	5	8
191	9	10

192	2	3
192	4	5
192	6	7
192	8	9
192	10	11
192	12	13
192	14	14
192	15	16
192	17	18
192	19	19
192	20	21
192	22	23
192	24	25
192	26	27
192	28	28
192	29	30
192	31	31
192	32	32
192	33	33
192	34	35
192	36	36
192	37	37
192	38	38
192	39	40
192	41	42
192	43	44
192	46	47
192	48	48
192	49	50
192	51	52
192	53	54
192	55	55

193	2	2
193	3	3
193	5	7
193	8	9
193	10	11
193	12	13
193	14	15
193	16	16

194	0	0
194	1	1
194	3	3
194	4	4
194	5	6
194	7	8
194	9	10
194	11	11
194	12	12
194	13	13
194	14	14
194	15	15
194	16	17
194	18	18
194	19	19
194	20	20
194	21	22
194	23	24
194	25	25
194	26	29
194	30	30
194	31	32
194	33	34
194	35	36
194	37	38
194	39	39
194	40	41
194	42	43
194	45	48
194	50	50
194	52	52
194	53	53
194	54	54
194	55	55
194	56	56

195	5	5
195	6	6
195	8	8
195	9	9
195	10	11
195	12	13
195	14	15
195	16	16
195	17	17
195	18	18
195	19	19
195	20	20
195	21	23
195	24	24
195	25	25
195	26	26
195	27	27
195	28	29
195	30	30
195	31	32
195	33	34
195	35	35
195	36	36
195	37	37
195	38	38

196	5	5
196	6	6
196	8	8
196	9	9
196	10	11
196	12	13
196	14	18
196	19	19
196	20	20
196	21	21
196	22	23
196	24	25
196	26	27
196	28	29
196	30	30
196	31	32
196	33	34
196	35	35
196	36	36
196	37	37
196	38	38

197	2	2
197	3	3
197	5	5
197	6	7
197	8	9
197	10	11
197	12	13
197	14	15
197	16	16
197	17	18
197	19	20
197	21	22
197	23	24
197	25	25
197	26	27
197	28	29
197	30	31
197	32	33
197	34	34
197	35	36
197	37	38
197	39	39
197	40	40
197	41	41
197	42	42

198	2	3
198	4	5
198	6	7
198	8	9
198	10	11
198	12	12
198	13	15
198	16	20
198	21	22
198	23	23
198	24	25
198	26	27
198	28	28
198	29	30
198	31	32
198	33	33
198	34	34
198	36	41
198	42	43
198	44	44
198	45	45
198	46	46
198	47	48
198	49	49
198	51	51
198	52	53
198	54	55
198	56	56
198	57	58
198	59	59
198	60	61
198	62	62
198	63	63
198	64	64
198	65	66
198	67	67
198	68	69
198	70	71
198	72	73
198	74	74
198	75	76
198	77	77
198	78	80
198	81	81
198	82	83
198	84	85
198	86	86
198	87	90
198	91	91
198	92	92
198	93	94
198	96	98
198	99	99
198	100	103
198	104	105
198	106	106

199	0	2
199	3	3
199	4	4
199	5	6
199	7	9
199	10	11

200	2	3
200	4	6
200	7	8
200	9	10
200	11	12
200	13	13
200	14	15
200	16	16
200	17	17
200	18	18
200	19	20
200	21	22
200	23	23
200	24	24
200	25	25
200	26	26
200	27	27
200	28	30
200	31	31
200	32	32
200	33	34
200	35	36
200	37	38
200	39	40
200	41	42
200	43	43
200	44	45
200	46	46
200	48	49
200	50	51
200	52	53
200	54	54
200	55	57
200	58	58
200	59	59
200	60	60
200	61	62
200	63	64
200	65	65
200	66	66
200	67	68
200	69	69
200	70	71
200	72	72
200	73	74
200	75	76
200	77	77

201	3	4
201	5	5
201	6	7
201	8	9
201	10	11
201	12	13
201	14	14
201	15	16
201	17	18
201	19	21
201	22	22
201	23	24
201	25	29
201	30	30
201	31	31
201	32	32
201	33	34
201	35	35
201	36	37
201	38	39
201	40	41
201	42	43
201	44	45
201	46	46
201	47	48
201	50	50
201	51	52
201	53	54
201	55	56
201	57	57
201	58	59
201	60	60
201	61	62
201	63	64
201	65	65

202	2	2
202	3	3
202	4	7
202	8	8

203	0	1
203	2	2
203	3	3
203	4	4
203	5	6
203	8	8

204	0	2
204	4	4
204	6	6
204	7	7
204	9	9
204	11	11
204	12	16
204	18	18
204	19	19
204	20	20

205	0	0
205	2	2
205	3	3
205	4	4
205	6	6

206	2	2
206	3	3
206	4	4

207	4	4
207	6	7
207	8	9
207	10	10

208	3	3
208	4	4
208	5	5
208	6	6
208	7	7
208	8	8
208	9	10
208	11	12
208	13	13

209	3	3
209	4	4
209	5	5
209	6	6
209	7	7
209	8	9
209	10	11
209	12	12
209	13	14
209	15	17
209	18	18

210	4	4
210	5	5
210	6	6
210	7	8
210	9	10
210	11	11

211	0	2
211	3	3
211	4	4
211	5	6
211	7	8
211	9	10
211	11	12

212	3	4
212	5	6
212	7	8
212	9	9
212	10	11
212	12	13
212	14	15
212	16	16
212	17	17
212	18	19
212	20	21
212	22	23
212	24	24
212	25	26
212	27	28
212	29	30
212	31	31
212	32	33
212	34	35
212	36	37
212	38	38
212	39	39
212	40	40
212	41	41
212	42	44
212	45	45
212	47	48
212	49	50
212	51	52
212	53	53
212	54	55
212	56	56
212	57	57
212	58	59
212	60	60
212	61	61
212	62	63
212	64	64

213	0	2
213	3	3
213	4	4
213	5	8
213	9	10

214	2	2
214	3	4
214	5	6
214	7	8
214	9	9
214	10	12
214	13	14
214	15	16
214	17	18
214	19	19
214	20	20
214	21	22
214	23	24
214	25	26
214	27	27
214	28	28
214	29	30
214	31	31

215	0	2
215	3	3
215	4	4
215	5	8
215	9	10
215	11	12

216	2	2
216	3	4
216	5	6
216	7	8
216	9	9
216	10	12
216	13	14
216	15	16
216	17	18
216	19	19
216	20	21
216	22	23
216	24	24
216	25	26
216	27	27
216	28	28
216	29	30
216	31	32
216	33	34
216	35	36
216	37	37

217	0	0
217	1	1
217	2	4
217	5	6
217	7	8
217	9	9
217	10	11
217	12	13
217	14	15
217	16	16
217	17	17
217	18	19
217	20	21
217	22	23
217	24	25
217	26	26
217	27	28
217	29	30
217	31	32
217	33	33
217	34	34
217	35	35
217	36	36
217	37	37
217	38	39
217	40	40
217	41	42
217	44	44
217	45	45
217	46	47
217	48	49
217	50	51
217	52	52
217	53	55
217	56	57
217	58	59
217	60	60
217	61	62
217	63	66
217	67	67
217	68	68
217	69	70
217	71	72
217	73	73
217	74	77
217	78	79
217	80	80

218	0	0
218	1	1
218	2	2
218	3	4
218	5	6
218	7	8
218	9	9
218	10	11
218	12	13
218	14	15
218	16	17
218	18	18
218	19	20
218	21	21
218	22	24
218	25	25
218	26	29
218	30	30
218	31	31
218	32	33
218	34	35
218	36	37
218	38	39
218	40	40
218	41	41
218	42	43
218	44	45
218	47	48
218	49	50
218	51	51

219	0	0
219	1	2
219	3	4

220	0	2
220	3	4
220	5	6

221	3	4
221	5	6
221	7	7
221	8	9
221	10	11
221	12	12
221	13	14
221	15	16
221	17	17
221	18	19
221	20	21
221	22	22
221	23	24
221	25	26
221	27	28
221	29	29
221	30	32
221	33	34
221	35	36
221	37	38
221	39	40
221	41	42
221	43	44
221	45	45
221	47	47
221	48	49
221	50	51
221	52	52
221	53	53
221	54	54
221	55	56
221	57	58
221	59	59

222	0	0
222	1	1
222	2	4
222	5	6
222	7	8
222	9	10
222	11	12
222	13	14
222	15	16
222	17	18
222	19	20

223	0	1
223	3	4
223	5	6
223	8	9
223	10	11
223	13	14
223	16	17
223	18	19
223	21	22
223	23	24
223	26	27
223	28	29
223	31	32
223	33	34

224	0	0
224	2	3
224	4	4
224	5	6
224	7	8
224	11	12
224	14	19
224	20	20
224	21	24
224	26	28
224	30	30
224	32	32
224	34	34
224	36	36

225	2	2
225	4	7
225	8	9
225	12	13
225	15	20
225	21	21
225	22	25
225	27	29
225	31	31
225	33	33
225	35	35
225	37	37

226	2	2
226	4	5
226	6	7
226	8	9
226	12	13
226	15	20
226	21	21
226	22	25
226	27	29
226	30	30
226	31	31
226	33	33
226	35	35
226	37	37
226	39	39

227	0	0
227	2	3
227	4	5
227	6	7
227	10	11
227	13	18
227	19	19
227	20	23
227	25	27
227	28	28
227	29	29
227	31	31
227	34	34
227	36	36

228	0	0
228	2	3
228	4	5
228	6	7
228	10	11
228	13	18
228	19	19
228	20	23
228	25	27
228	28	28
228	29	29
228	31	31
228	33	33
228	35	35
228	37	37

229	2	2
229	4	7
229	8	9
229	10	11
229	14	15
229	17	22
229	23	23
229	24	27
229	29	31
229	33	33
229	35	35
229	37	37
229	39	39

230	2	2
230	4	5
230	6	7
230	10	11
230	13	18
230	19	19
230	20	23
230	25	27
230	28	28
230	29	29
230	31	31
230	33	33
230	35	35
230	37	37

231	0	0
231	1	1
231	3	3
231	4	4
231	5	5

232	0	1
232	3	4
232	5	6
232	8	9
232	10	11
232	13	14
232	16	17
232	18	19
232	21	22
232	23	24
232	26	27
232	28	29
232	31	32
232	33	34

233	0	0
233	2	3
233	4	5
233	8	9
233	11	16
233	17	17
233	18	21
233	23	25
233	26	26
233	27	27
233	29	29
233	31	31
233	33	33
233	38	38

234	0	0
234	2	3
234	4	5
234	6	7
234	10	11
234	13	18
234	19	19
234	20	23
234	25	27
234	28	28
234	29	29
234	31	31
234	33	33
234	35	35
234	40	40

235	2	3
235	5	6
235	7	8
235	9	10
235	13	14
235	16	21
235	22	22
235	23	26
235	28	30
235	31	31
235	32	32
235	34	34
235	36	36
235	38	38
235	43	43

236	2	3
236	5	6
236	7	8
236	11	12
236	14	19
236	20	20
236	21	24
236	26	28
236	29	29
236	30	30
236	32	32
236	34	34
236	36	36
236	41	41

237	2	3
237	5	6
237	7	8
237	11	12
237	14	19
237	20	20
237	21	24
237	26	28
237	29	29
237	30	30
237	32	32
237	34	34
237	36	36
237	41	41

238	2	3
238	5	6
238	7	8
238	11	12
238	14	19
238	20	20
238	21	24
238	26	28
238	29	29
238	30	30
238	32	32
238	34	34
238	36	36
238	41	41

239	2	3
239	5	6
239	7	8
239	11	12
239	14	19
239	20	20
239	21	24
239	26	29
239	30	30
239	31	31
239	33	33
239	35	35
239	37	37
239	42	42

240	2	3
240	5	6
240	7	8
240	11	12
240	14	19
240	20	20
240	21	24
240	26	29
240	30	30
240	31	31
240	33	33
240	35	35
240	37	37
240	42	42

241	2	3
241	5	8
241	9	10
241	12	12
241	13	14
241	16	18
241	19	19
241	20	20
241	22	22
241	24	24
241	26	26
241	31	31

242	2	3
242	5	6
242	7	9
242	10	11
242	13	13
242	14	15
242	17	19
242	20	20
242	21	21
242	23	23
242	25	25
242	27	27
242	32	32

243	2	3
243	5	6
243	7	8
243	9	10
243	11	12
243	14	14
243	15	16
243	18	20
243	21	21
243	22	22
243	24	24
243	26	26
243	28	28
243	33	33

244	2	3
244	5	8
244	9	10
244	12	12
244	13	14
244	16	18
244	19	19
244	20	20
244	22	22
244	24	24
244	26	26
244	28	28

245	2	3
245	5	8
245	9	10
245	11	12
245	14	14
245	15	16
245	18	20
245	21	21
245	22	22
245	24	24
245	26	26
245	28	28
245	33	33

246	2	2
246	3	3
246	4	4
246	5	6
246	7	8
246	9	10
246	11	11
246	12	12
246	13	14
246	15	15
246	16	16
246	17	18
246	19	20
246	21	22
246	23	23
246	24	24
246	25	26
246	27	27
246	28	28
246	29	30
246	31	32
246	33	34
246	35	36
246	37	37
246	38	38

248	0	2
248	3	4
248	5	6

249	3	4
249	5	6
249	7	7
249	8	10
249	11	11
249	12	13
249	14	15
249	16	17
249	18	19
249	20	20
249	21	22
249	23	24
249	25	25
249	26	26
249	27	28
249	29	30
249	31	32
249	33	34
249	35	36
249	37	38
249	39	40
249	41	41
249	42	43
249	44	45
249	47	48
249	49	49
249	50	50
249	51	51
249	52	53
249	54	55
249	56	57
249	58	59
249	60	60
249	61	61
249	62	63
249	64	65
249	66	69
249	70	70

250	3	3
250	4	5
250	6	7
250	8	9
250	10	10
250	11	11
250	12	12
250	13	14
250	15	16
250	17	18
250	19	19

251	2	2
251	3	3
251	5	5
251	6	7
251	8	9
251	10	10

252	2	2
252	3	3
252	5	6
252	7	10
252	11	11
252	12	13
252	14	14
252	15	15
252	16	16
252	17	18
252	19	19

253	2	2
253	3	3
253	5	6
253	7	8
253	9	9
253	10	10
253	11	11
253	12	13
253	14	14
253	15	16
253	17	18
253	19	19
253	20	22
253	23	23
253	24	25
253	26	27
253	28	28
253	29	30
253	31	32
253	33	34
253	35	36
253	37	37
253	38	38

254	2	2
254	3	3
254	5	6
254	7	8
254	9	10
254	11	12
254	13	13
254	14	15
254	16	17
254	18	19
254	20	20
254	21	21

255	2	2
255	3	3
255	5	6
255	7	8
255	9	10
255	11	11
255	12	13
255	14	15
255	16	16
255	17	18
255	19	20
255	21	21
255	22	22

256	2	2
256	3	3
256	5	6
256	7	8
256	9	12
256	13	13
256	14	14
256	15	15
256	16	17
256	18	18
256	19	20
256	21	22
256	23	24
256	25	25
256	26	26
256	27	28
256	29	30
256	31	32
256	33	33
256	34	34

257	2	2
257	3	3
257	5	8
257	9	10
257	11	12
257	13	14
257	15	15
257	16	16

258	0	2
258	3	4
258	5	6

259	3	4
259	5	6
259	7	8
259	9	9
259	10	10
259	11	12
259	13	15
259	16	16
259	17	18
259	19	20
259	21	22
259	23	24
259	25	26
259	27	27
259	28	29
259	30	31
259	32	33
259	34	34
259	35	35
259	36	37
259	38	38
259	39	40
259	41	42
259	43	44
259	45	45
259	47	47
259	48	48
259	49	50
259	51	52
259	53	54
259	55	55
259	56	56
259	57	58
259	59	61
259	62	63
259	64	65
259	66	67
259	68	68

260	0	2
260	3	4
260	5	6

261	3	3
261	4	5
261	6	7
261	8	9
261	10	10
261	11	11
261	12	13
261	14	15
261	16	16
261	17	17
261	18	18
261	19	20
261	21	22
261	23	24
261	25	26
261	27	27
261	28	29
261	30	31
261	32	33
261	34	34
261	35	35
261	36	37
261	38	39
261	40	40
261	41	44
261	45	45
261	47	47
261	48	49
261	50	50
261	51	52
261	53	54
261	55	56
261	57	57

262	0	2
262	3	4
262	5	6

263	2	3
263	4	5
263	6	6
263	7	8
263	9	10
263	11	12
263	13	13
263	14	15
263	16	17
263	18	18
263	19	20
263	21	22
263	23	23
263	24	25
263	26	27
263	28	29
263	30	31
263	32	33
263	34	34
263	35	36
263	37	37
263	38	39
263	40	41
263	42	43
263	44	44
263	46	47
263	48	49
263	50	50

264	2	2
264	3	3
264	5	6
264	7	8
264	9	10
264	11	11
264	12	13
264	14	15
264	16	16
264	17	17
264	18	18
264	19	19
264	20	20
264	21	21
264	22	22

265	2	2
265	3	3
265	5	6
265	7	7
265	8	8

266	2	3
266	4	5
266	6	7
266	8	8
266	9	9
266	10	11
266	12	12
266	13	14
266	15	16
266	17	18
266	19	20
266	21	21

267	2	3
267	4	5
267	6	6
267	7	7
267	8	11
267	12	13
267	14	14
267	15	15
267	16	16
267	17	18
267	19	20
267	21	22
267	23	23

268	2	2
268	3	3
268	5	5
268	6	6
268	7	7
268	8	9
268	10	11
268	12	13
268	14	15
268	16	17
268	18	19
268	20	20
268	21	21
268	22	24
268	25	29
268	30	31
268	32	33
268	34	35
268	36	36
268	37	37
268	38	38

269	0	0
269	1	1
269	3	4
269	5	6
269	7	8
269	9	10
269	11	12
269	13	13
269	14	15
269	16	17
269	18	19
269	20	20
269	21	21
269	22	24
269	25	29
269	30	31
269	32	33
269	34	35
269	36	36
269	37	37
269	38	38
269	39	42
269	43	43
269	45	45
269	46	47
269	48	49
269	50	50
269	51	51
269	52	52
269	53	53
269	54	54
269	55	57
269	58	58
269	59	60
269	61	62
269	63	63
269	64	64
269	65	66
269	67	67
269	68	68
269	69	70
269	71	71
269	72	72
269	73	76
269	77	78
269	79	80
269	81	81

270	0	0
270	1	2
270	3	3
270	4	5
270	6	6
270	7	8
270	9	9
270	10	11

271	0	2
271	3	4

272	0	2
272	3	3
272	4	4
272	5	6
272	7	8
272	9	10
272	11	12
272	13	13
272	14	15
272	16	16
272	17	17
272	18	18
272	19	20
272	21	24
272	25	25

273	2	2
273	3	3
273	5	6
273	7	8
273	9	9

274	2	2
274	3	3
274	5	6
274	7	8
274	9	9

275	2	2
275	3	3
275	5	7
275	8	9
275	10	10
275	11	12
275	13	13

276	2	2
276	3	3
276	5	6
276	7	7
276	8	8
276	9	9
276	10	11
276	12	12

277	0	2
277	3	3
277	4	4
277	5	6
277	7	7
277	8	9
277	10	11
277	12	13
277	14	15
277	16	16
277	17	18
277	19	20
277	21	21
277	22	22
277	24	26
277	27	27
277	28	29
277	30	30
277	31	33
277	34	34
277	35	36
277	37	38
277	39	40
277	41	41

278	2	2
278	3	3
278	5	6
278	7	8
278	9	9
278	10	11
278	12	13
278	14	14
278	15	16
278	17	17

279	2	2
279	3	3
279	5	7
279	8	9
279	10	10
279	11	12
279	13	13

280	2	2
280	3	3
280	5	7
280	8	9
280	10	11
280	12	12
280	13	14
280	15	15
280	16	16
280	17	18
280	19	20
280	21	21
280	23	23
280	24	25
280	26	27
280	28	28
280	29	29
280	30	31
280	32	32

281	0	2
281	3	4

282	0	2
282	3	3
282	4	4
282	5	6
282	7	8
282	9	9
282	10	10
282	11	12

283	2	3
283	4	5
283	6	7
283	8	9
283	10	11
283	12	13
283	14	14

284	2	2
284	3	3
284	5	6
284	7	7
284	8	11
284	12	12
284	13	14
284	15	17
284	18	18
284	19	20
284	21	22
284	23	24
284	25	25
284	26	27
284	28	29
284	30	30
284	31	32
284	33	33
284	34	37
284	38	39
284	40	40

285	2	2
285	3	3
285	5	6
285	7	8
285	9	11
285	12	12

286	2	2
286	3	3
286	4	5
286	6	7
286	8	8
286	9	10
286	11	11

287	0	2
287	3	3
287	4	4
287	5	6
287	7	7
287	8	9
287	10	11

288	2	3
288	4	5
288	6	8
288	9	9
288	10	12
288	13	13
288	14	15
288	16	17
288	18	19
288	20	20
288	21	22
288	23	23
288	24	25
288	26	26
288	27	28
288	29	29
288	30	31
288	32	32
288	33	34
288	35	35

289	0	2
289	3	4

290	2	3
290	4	4
290	5	6
290	7	7
290	8	9
290	10	10
290	11	12
290	13	13
290	14	14
290	15	15
290	16	16
290	17	17
290	18	18
290	19	19
290	20	21
290	22	23
290	24	24
290	25	25
290	26	28
290	29	29
290	30	30
290	31	32
290	33	34
290	35	36
290	37	37

291	0	2
291	3	4

292	2	3
292	4	4
292	5	5
292	6	7
292	8	8
292	9	10
292	11	11
292	12	15
292	16	16
292	17	17
292	18	19
292	20	20
292	21	21
292	22	22
292	23	23
292	24	26
292	27	27
292	28	28
292	29	30
292	31	31
292	32	33
292	34	36
292	37	37
292	38	39
292	40	40
292	41	41
292	42	43
292	44	45
292	46	46
292	47	47
292	48	48
292	49	50
292	52	54
292	55	55
292	56	58
292	59	60
292	61	61
292	62	62
292	63	63
292	64	65
292	66	67
292	68	68
292	69	70
292	71	71

293	0	6

294	0	3
294	4	5

295	0	1
295	2	3
295	4	5
295	6	7
295	8	9
295	10	13

296	0	0
296	1	1
296	2	3
296	4	4
296	5	7
296	8	9
296	10	11
296	12	13

297	0	1
297	2	3
297	4	5

298	0	1
298	2	2
298	3	3
298	5	10
298	11	11
298	12	15

299	0	0

300	0	1
300	2	3
300	4	6
300	7	8
300	9	9
300	10	11

301	0	0
301	1	3
301	4	6
301	7	9
301	10	11
301	13	14
301	16	16
301	18	23
301	25	28
301	29	29
301	30	30
301	31	31
301	32	34
301	35	35
301	36	39
301	40	40
301	41	44
301	45	45
301	46	48
301	49	49
301	50	51
301	52	52

302	0	1
302	2	3
302	4	5
302	6	7
302	8	11
302	12	13

303	0	0

304	0	3
304	4	4
304	5	5
304	6	6
304	7	9
304	11	14
304	15	15
304	16	16
304	17	17
304	18	19
304	20	22
304	23	24

305	0	2
305	3	4
305	5	9
305	10	11
305	12	13
305	14	15
305	16	19
305	20	21
305	22	23
305	24	25

306	0	1
306	2	5
306	6	6
306	7	10
306	11	11

307	0	0

308	0	1
308	2	3
308	4	9
308	10	10
308	11	14
308	16	17
308	18	21
308	22	22

309	0	1
309	2	3

310	0	1
310	2	3
310	4	4
310	5	5
310	6	7
310	8	9
310	10	10
310	11	12
310	13	14
310	15	15
310	16	17
310	18	19

311	0	1
311	2	3
311	4	5
311	6	7
311	8	9
311	10	10
311	11	12
311	13	15
311	16	17
311	18	19

312	0	1
312	2	3
312	4	7

