1	0	1

2	0	6
2	7	10

3	0	1
3	3	6
3	7	7
3	8	11

4	0	0
4	2	3
4	5	6
4	8	11
4	12	12
4	13	16

5	0	1
5	2	3
5	4	6
5	7	7

6	0	1
6	2	2
6	3	3
6	4	4
6	5	6
6	7	7
6	8	8
6	9	10
6	11	13

7	0	5
7	7	9
7	11	26
7	28	39
7	40	40

8	0	5
8	7	13
8	15	24
8	26	29
8	31	33
8	35	46
8	48	50
8	52	61

9	0	0
9	1	3
9	5	9
9	10	10
9	11	14
9	15	15
9	16	18
9	19	19

10	2	4
10	6	6
10	7	7
10	8	9
10	10	10
10	11	12
10	14	15
10	17	20
10	21	21
10	22	23
10	24	24
10	25	26
10	28	29

11	0	0
11	1	1
11	2	2
11	3	3
11	4	4
11	5	5
11	6	8
11	9	9
11	10	11

12	0	1
12	2	3

13	0	0
13	1	2
13	4	4
13	6	6
13	7	7
13	8	8

14	0	0
14	2	2

15	2	2
15	3	4
15	5	5
15	6	6
15	7	7
15	9	9
15	10	10
15	11	11
15	12	12
15	13	13
15	14	14
15	15	15
15	16	16
15	17	17
15	18	18
15	19	19
15	20	20
15	21	21
15	22	22
15	23	23
15	24	26
15	27	27
15	28	28
15	29	29
15	30	30
15	31	32
15	33	33
15	34	35
15	36	37
15	38	38
15	39	39
15	40	40
15	41	41
15	42	43
15	44	46
15	47	47
15	48	48
15	50	51
15	52	52
15	53	55
15	56	56
15	57	57

16	0	0
16	1	2
16	3	4
16	5	6
16	7	7
16	8	8
16	10	10
16	11	11
16	13	13
16	14	14
16	15	18
16	19	20
16	21	21
16	22	23
16	24	25
16	26	26

17	0	0
17	1	2
17	3	4
17	5	6
17	8	11
17	13	13
17	14	17
17	18	18
17	19	19
17	20	22
17	23	23
17	24	24
17	25	25

18	0	0
18	1	2
18	3	3
18	4	5
18	7	10
18	11	11
18	12	15
18	16	17
18	18	18
18	19	20
18	21	22
18	23	24
18	25	25

19	0	1
19	2	3
19	4	5
19	6	6
19	7	7
19	8	9
19	10	11
19	12	14
19	15	15
19	16	17
19	18	18
19	19	19
19	20	20
19	21	22
19	23	23
19	24	24
19	25	26
19	27	29
19	30	30
19	31	31

20	0	0
20	1	2
20	3	4
20	5	5
20	6	9
20	10	10
20	11	14
20	15	15
20	16	16
20	17	17
20	18	18
20	19	19
20	20	20
20	21	22
20	23	23
20	24	24
20	25	25
20	26	26
20	27	27
20	28	28

21	0	1
21	2	3
21	4	4
21	5	6
21	7	7
21	8	9
21	10	10
21	11	12
21	13	13
21	14	14
21	15	15
21	16	16
21	17	17
21	18	18
21	19	19

22	0	0
22	1	2
22	3	3
22	4	5
22	6	6
22	7	8
22	9	9
22	10	10
22	11	11
22	12	12
22	13	13
22	14	14
22	15	15
22	16	16

23	0	0
23	1	2
23	3	3
23	4	4
23	5	5
23	6	8
23	9	9
23	10	10
23	11	12
23	13	13
23	14	15
23	16	17
23	18	18
23	19	20
23	21	22
23	23	23
23	24	24
23	25	25
23	26	26
23	27	27
23	29	30
23	31	32
23	33	33
23	34	35
23	36	37
23	38	38
23	39	40
23	41	41
23	43	43
23	44	44
23	45	45
23	46	46
23	48	50
23	51	51
23	52	52
23	54	54
23	56	58
23	59	59
23	60	60
23	61	61
23	62	62

24	0	0
24	1	2
24	3	3
24	4	5
24	6	6
24	7	8
24	10	13
24	15	15
24	16	19
24	20	21
24	22	25
24	26	26
24	27	28
24	29	31
24	32	32
24	33	34
24	35	36
24	37	37
24	38	38
24	39	39

25	0	0
25	1	2
25	3	4
25	5	6
25	7	8
25	9	10
25	11	11
25	12	16
25	17	17
25	18	18
25	19	21
25	22	22
25	23	23
25	24	25
25	26	27
25	28	28
25	29	30
25	31	32
25	33	33
25	34	35
25	37	40
25	41	41
25	42	45
25	46	47
25	49	49
25	50	51
25	52	52
25	53	54
25	55	56
25	57	57
25	58	59
25	60	61
25	62	62
25	63	63
25	64	64

26	0	2
26	3	5
26	6	7
26	8	8
26	9	9
26	10	10
26	11	13
26	14	16
26	17	18
26	19	19
26	20	20
26	21	21
26	22	22
26	23	24
26	25	26
26	27	27
26	28	28
26	29	29
26	30	30
26	31	32
26	33	33
26	34	34
26	35	35
26	36	37
26	38	39
26	40	40
26	41	41
26	42	42
26	43	44
26	45	45
26	47	47
26	48	50
26	51	51
26	52	53
26	54	54
26	55	55
26	56	56
26	57	60
26	61	61
26	62	64
26	65	65
26	66	66
26	67	67
26	68	68
26	69	70
26	71	72
26	73	74
26	75	75
26	76	77
26	78	78
26	79	79
26	80	80
26	81	81
26	82	83
26	84	84

27	0	0
27	1	2
27	3	3
27	4	5
27	6	8
27	9	9
27	10	10
27	11	11
27	12	14
27	15	15
27	16	16
27	17	17
27	18	18
27	19	20
27	21	21
27	22	22
27	23	23
27	24	24
27	25	26
27	27	27
27	28	31
27	32	32
27	33	36
27	37	37
27	38	38
27	39	39
27	40	40
27	41	42
27	43	43
27	44	44
27	45	45
27	46	46
27	47	47
27	48	48
27	50	51
27	52	52
27	53	53
27	54	54

28	2	2
28	3	3
28	4	4
28	5	7
28	8	8
28	9	9
28	10	10
28	11	11
28	12	13
28	14	15
28	16	16
28	17	17
28	18	18
28	19	20
28	21	22
28	23	24
28	25	25
28	26	26
28	27	27
28	28	29
28	30	30
28	31	34
28	35	35
28	36	37
28	38	38
28	39	39
28	40	40
28	41	41
28	42	43
28	44	44
28	45	45
28	46	46
28	48	48
28	49	50
28	51	51
28	52	53
28	54	55
28	56	56
28	57	58
28	59	59
28	60	60
28	61	61
28	62	62
28	63	63
28	64	64
28	65	65

29	2	3
29	4	5
29	6	7
29	8	8
29	9	12
29	13	13
29	14	14
29	15	15
29	16	16
29	17	17
29	18	18
29	19	19

30	2	2
30	3	4
30	5	6
30	7	8
30	9	11
30	13	17
30	18	18
30	19	22
30	23	23
30	24	25
30	26	27
30	29	31
30	32	32
30	33	34
30	35	35
30	36	36
30	37	37
30	38	39
30	40	40
30	41	41
30	42	43
30	44	46
30	47	47
30	48	48
30	49	50
30	52	52
30	53	53
30	54	54

31	0	0
31	2	2
31	3	4
31	5	6
31	7	9
31	11	15
31	17	17
31	19	22
31	23	24
31	25	26
31	27	27
31	28	29
31	30	31
31	32	33
31	34	34
31	35	35
31	36	37
31	38	38
31	39	39
31	40	41
31	42	42
31	43	43
31	44	45
31	46	47
31	48	49
31	50	50

32	1	3
32	5	9
32	11	11
32	13	16
32	17	18
32	19	20
32	21	21
32	22	24
32	25	26
32	27	28
32	29	31
32	32	32
32	33	33
32	34	35
32	36	36
32	37	37
32	38	39
32	40	40
32	41	41
32	42	43
32	44	44
32	45	47
32	49	53
32	55	55
32	56	59
32	60	60
32	62	63
32	64	65
32	66	67
32	68	69
32	70	72
32	73	73

33	2	2
33	3	4
33	5	5
33	6	7
33	8	9
33	10	11
33	12	12
33	13	15
33	16	18
33	19	20
33	21	23
33	24	25
33	26	27
33	28	28
33	29	31
33	32	32
33	33	34
33	35	37
33	38	38
33	39	41
33	42	42
33	43	44
33	46	48
33	49	49
33	51	53
33	54	54
33	55	56
33	57	57
33	59	59

34	2	2
34	3	4
34	5	6
34	7	8
34	9	9
34	10	11
34	12	15
34	16	17
34	18	21
34	22	25
34	26	27
34	28	30
34	31	31
34	32	33
34	34	35
34	36	38
34	39	42
34	43	43
34	45	46
34	47	48
34	49	51
34	52	53
34	54	57
34	58	60
34	61	63
34	64	64
34	65	66
34	67	70
34	71	72
34	73	76
34	77	79
34	80	82
34	83	83

35	0	0
35	1	2
35	3	4
35	5	7
35	8	8
35	9	10
35	11	11
35	12	14
35	15	15
35	16	18
35	19	19
35	20	22
35	23	23
35	24	26
35	27	27

36	0	1
36	2	3
36	4	6
36	7	7

37	0	1
37	2	2
37	3	3
37	4	4
37	5	6
37	7	7
37	8	8
37	9	10
37	11	13

38	0	0
38	1	2
38	3	3
38	4	5
38	6	6
38	7	8
38	9	10
38	11	11
38	12	15
38	16	16
38	17	17
38	18	19
38	20	21
38	22	23
38	24	24
38	25	26
38	27	27
38	28	29
38	30	30
38	31	32
38	33	33
38	34	35
38	36	36
38	37	38
38	39	40
38	41	42
38	43	43
38	45	45
38	46	47
38	48	49
38	50	50
38	51	51
38	52	52
38	53	54
38	55	56
38	57	57
38	58	59
38	60	61
38	62	63
38	64	65
38	66	67
38	68	68
38	69	70
38	71	71
38	72	73
38	74	74
38	75	76
38	77	78
38	79	79
38	80	80
38	81	82
38	83	84
38	85	86
38	87	87
38	88	88
38	90	90
38	91	91
38	92	95
38	96	96
38	97	97
38	98	99
38	100	101
38	102	103
38	104	105
38	106	106
38	107	109
38	110	110
38	112	112

39	4	4
39	5	6

40	2	2
40	3	6
40	7	7
40	8	8
40	9	10
40	11	11
40	12	12
40	13	14
40	15	17
40	18	18
40	19	20
40	21	21
40	22	23
40	24	24
40	25	26
40	27	27
40	28	29
40	30	30
40	31	32
40	33	33
40	34	35
40	36	37
40	38	38
40	39	40
40	41	42
40	43	44
40	46	46
40	47	47
40	48	49
40	50	50
40	51	52
40	53	53
40	54	55
40	56	56

41	2	2
41	3	4
41	5	6
41	7	7
41	8	10
41	11	11
41	12	13
41	14	14
41	15	16
41	17	18
41	19	19
41	20	21
41	22	22
41	23	26
41	27	27
41	28	29
41	30	33
41	34	34
41	35	36
41	37	37
41	38	38
41	39	39
41	40	41
41	42	42
41	43	44
41	46	47
41	48	48
41	49	49
41	50	51
41	52	52
41	53	54
41	55	55
41	56	56
41	57	58
41	59	59
41	60	60
41	61	61
41	62	62
41	63	63
41	64	64
41	65	67
41	68	68
41	69	70
41	71	73
41	74	74
41	75	77
41	78	79
41	80	80
41	81	82
41	83	83
41	84	85
41	86	86

42	0	0
42	1	2
42	3	3
42	4	5
42	6	6
42	7	8
42	9	10
42	11	11
42	12	12
42	13	14
42	15	17
42	18	18

43	0	0
43	1	2
43	3	4
43	5	6
43	7	7
43	8	9
43	10	10
43	11	13
43	14	14
43	15	16
43	17	18
43	19	19
43	20	21
43	22	22
43	23	24
43	25	27
43	28	28

44	0	0
44	1	1
44	2	3
44	4	4
44	5	6
44	7	8
44	9	9
44	10	10
44	11	12
44	13	14
44	15	15
44	16	16
44	17	17
44	18	18
44	19	20
44	21	23
44	24	24
44	25	25
44	26	26
44	27	27
44	29	29
44	30	30
44	31	31
44	32	32
44	33	33
44	34	35
44	36	36
44	37	38
44	39	39
44	40	40
44	41	42
44	43	44
44	45	45
44	46	47
44	48	49
44	50	51
44	52	52
44	54	54
44	55	56
44	57	57
44	58	59
44	60	61
44	62	62
44	63	63
44	64	66
44	67	67
44	68	68
44	69	69
44	70	70
44	71	72
44	73	74
44	75	76
44	77	77
44	78	80
44	81	81
44	82	83
44	84	84
44	85	86
44	87	87
44	88	88
44	89	90
44	91	91
44	92	93
44	94	96
44	97	98
44	99	100
44	102	102
44	103	103
44	104	105
44	106	106

45	4	4
45	6	8
45	9	10
45	11	12

46	2	3
46	4	5
46	6	7
46	8	8
46	9	10
46	11	11
46	12	13
46	14	14
46	15	18
46	19	19
46	20	20
46	21	22
46	23	23
46	24	25
46	26	26
46	27	28
46	29	30
46	31	31
46	32	33
46	34	35
46	36	36
46	37	38
46	39	40
46	41	41
46	42	43
46	45	45
46	46	46
46	47	48
46	49	50
46	51	52
46	53	53
46	54	55
46	56	57
46	58	58
46	59	59
46	60	61
46	62	63
46	64	64
46	65	66
46	67	68
46	69	69
46	70	71
46	72	72
46	73	73
46	74	75
46	76	77
46	78	79
46	80	80

47	0	1
47	2	3
47	4	6
47	7	8
47	9	9
47	10	12

48	0	1
48	2	2
48	3	4
48	6	8
48	9	9
48	10	11
48	12	13
48	14	15
48	16	16
48	17	18
48	19	19
48	20	20
48	22	24
48	25	25
48	26	29
48	30	30
48	31	33
48	35	38
48	40	40
48	41	44
48	45	45
48	46	48
48	49	49

49	0	1
49	2	3
49	4	6
49	7	9
49	10	10
49	11	12
49	13	13
49	14	14
49	16	18
49	19	19
49	20	23
49	24	24
49	25	27
49	29	31
49	33	40
49	41	41

50	0	1
50	2	3
50	4	5
50	6	7
50	8	10
50	11	11
50	12	13
50	14	16
50	17	18

51	0	2
51	3	4
51	5	6
51	7	9
51	10	10
51	11	12
51	13	13
51	14	14
51	16	18
51	19	19
51	20	23
51	24	24
51	25	27
51	29	31
51	33	37
51	39	39
51	41	44
51	45	45
51	47	48
51	49	50
51	51	51
51	52	54
51	55	56
51	57	58
51	59	61
51	62	62
51	63	64
51	65	65
51	66	66

52	0	1
52	2	4
52	6	6
52	8	8
52	10	11
52	12	12
52	13	14
52	15	15
52	16	17
52	19	22
52	23	23
52	25	25
52	26	26
52	27	30
52	31	31
52	32	34
52	36	38
52	40	44
52	45	45
52	47	47
52	49	49
52	51	54
52	55	55

53	0	1
53	2	2
53	3	4
53	5	6
53	7	8
53	9	10
53	11	13
53	14	16
53	17	17
53	18	20
53	21	21
53	22	22
53	23	23
53	24	25
53	26	26
53	27	27
53	29	32
53	33	33
53	34	37
53	38	38
53	40	42
53	44	46
53	48	51
53	52	52

54	0	1
54	2	3
54	4	4
54	5	5
54	6	7
54	8	8
54	9	9
54	11	14
54	15	15
54	16	19
54	20	20
54	21	23
54	25	27
54	29	30
54	31	31
54	32	32
54	33	33
54	34	37
54	38	38
54	40	41
54	42	43
54	44	45
54	46	48
54	49	49
54	50	51
54	52	52
54	53	53
54	55	58
54	59	59
54	60	63
54	64	64
54	65	67
54	69	72
54	74	74
54	75	78
54	79	79
54	80	82
54	83	83
54	85	86
54	87	88
54	89	90
54	91	92
54	93	93
54	94	94
54	95	96
54	97	97
54	98	98
54	100	103
54	104	104
54	105	108
54	109	109
54	110	112
54	114	116
54	118	121
54	122	122
54	123	126
54	127	127
54	129	130
54	131	134
54	135	136
54	137	138
54	139	139
54	140	140
54	141	142
54	143	144
54	145	146
54	147	147
54	148	149
54	150	152
54	153	153
54	154	155
54	156	156
54	157	158
54	159	159
54	160	160
54	162	165
54	166	166

55	0	1
55	2	3
55	4	5
55	6	6
55	7	8
55	9	10
55	11	13
55	14	14
55	15	16
55	17	17
55	18	20
55	21	21
55	22	22
55	24	27
55	29	29
55	30	33
55	34	34
55	35	37
55	39	41
55	43	46
55	47	47
55	48	51
55	52	52
55	54	55
55	56	57
55	58	58
55	59	61
55	62	62
55	63	63
55	64	67
55	68	68
55	69	70
55	71	72

56	0	1
56	2	2
56	3	5
56	6	6
56	7	7
56	8	11
56	12	13
56	14	15
56	16	18
56	19	19
56	20	21
56	22	22
56	23	23

57	0	1
57	2	3
57	4	6
57	7	7
57	8	9
57	11	12
57	13	14
57	15	17
57	18	19
57	20	22

60	2	3
60	4	4
60	5	5
60	7	11

61	2	3
61	4	4
61	5	5
61	7	11

62	2	3
62	4	4
62	5	5
62	7	11

63	0	2
63	4	8
63	9	9
63	10	13
63	14	14
63	15	17
63	18	18

64	2	3
64	4	4
64	5	5
64	7	11
64	12	13
64	14	16
64	17	17
64	18	20
64	21	21
64	22	22
64	23	24
64	25	25
64	27	27
64	28	29
64	30	30
64	31	31
64	33	35
64	36	38
64	39	39
64	40	41
64	42	44
64	45	46
64	47	48

65	1	1
65	2	3
65	4	4
65	5	5
65	7	9
65	10	11
65	12	13
65	14	17

66	2	3
66	4	4
66	5	6
66	7	7
66	8	8
66	10	13

67	0	0
67	1	1
67	3	3
67	4	4
67	5	5
67	6	9
67	10	10
67	11	13
67	14	14

68	2	3
68	4	4
68	5	6
68	7	7
68	8	8
68	10	13

69	0	0
69	1	1
69	3	3
69	4	4
69	5	5
69	6	9
69	10	10
69	11	13
69	14	14

70	2	3
70	4	4
70	5	6
70	7	7
70	8	8
70	10	13

71	0	3
71	4	4
71	5	7
71	8	8

72	2	3
72	4	4
72	5	6
72	7	7
72	8	8
72	10	13

73	0	2
73	3	3
73	4	5
73	7	7

74	2	3
74	4	4
74	5	6
74	7	7
74	8	8
74	10	10
74	11	12
74	13	13
74	14	14
74	15	16

75	0	3
75	4	4
75	5	7
75	8	8
75	10	10
75	11	11

76	0	1
76	2	4
76	5	5
76	6	7
76	8	9
76	10	11

77	0	1
77	2	2
77	3	4
77	5	6
77	7	9
77	10	10
77	11	12
77	13	16
77	17	19
77	20	21
77	22	24

78	0	1
78	2	3
78	4	5
78	6	7
78	8	8
78	9	10
78	11	12
78	13	14
78	15	16
78	17	18
78	19	19
78	20	21
78	22	23
78	24	24
78	25	26
78	27	27
78	28	28
78	30	34
78	35	35
78	36	39
78	40	40

79	0	1
79	2	2
79	3	3
79	4	5
79	6	6
79	7	10
79	11	12
79	13	14
79	15	17
79	18	18
79	19	20
79	21	21
79	22	23
79	24	24
79	25	25
79	27	30
79	31	31
79	32	35
79	36	36
79	38	40
79	42	46

80	0	0
80	1	2
80	3	3
80	4	4
80	5	6
80	7	7
80	9	9

81	0	1

82	0	0
82	1	1
82	2	3
82	4	4
82	5	6
82	7	7
82	8	8
82	10	13
82	14	14
82	15	18
82	19	19
82	20	22
82	24	28

83	0	1
83	2	2
83	3	4
83	5	6
83	7	7
83	8	8
83	9	9

84	0	3
84	4	4
84	5	8
84	9	9
84	11	13
84	15	19
84	20	20

85	0	0
85	1	2
85	3	4
85	5	6
85	7	9
85	10	10
85	11	12
85	13	13
85	14	15
85	16	16
85	17	17
85	19	20

86	0	0
86	1	3
86	4	4
86	5	7
86	9	13
86	14	14
86	16	19
86	20	20

88	4	4
88	5	6
88	7	7
88	8	8
88	9	10
88	11	15
88	16	16
88	17	17
88	18	18

89	1	1
89	2	2
89	3	4
89	5	5
89	6	6
89	7	9
89	10	12
89	13	13
89	14	14
89	15	17
89	18	19
89	20	20
89	21	22
89	23	23
89	24	25
89	26	26
89	27	27
89	28	28
89	29	29

90	1	1
90	2	3
90	4	4

91	1	2
91	3	4
91	5	5
91	6	7
91	8	9
91	10	12
91	13	13

92	0	0
92	1	2
92	3	3
92	4	6
92	7	9
92	10	10
92	11	12
92	13	13

93	0	1
93	2	2
93	3	3
93	4	4
93	5	6
93	7	9
93	11	11
93	12	13
93	14	14
93	15	15
93	16	16
93	17	17
93	18	18
93	19	19
93	20	20
93	21	24

94	0	0
94	1	1
94	2	2
94	3	3
94	4	5

95	0	3
95	4	4

96	2	3
96	4	4
96	5	5
96	7	8
96	9	9

97	2	3
97	4	4
97	5	5
97	7	10

98	0	1
98	2	2

99	2	3
99	4	4
99	5	5
99	7	10

100	2	3
100	4	4
100	5	5
100	7	10

101	0	0
101	2	6
101	7	7

102	0	2
102	3	3

103	0	0
103	1	2

104	2	2
104	3	3
104	4	6
104	7	8
104	9	9
104	10	11
104	12	13
104	14	14
104	15	15
104	16	18
104	19	21
104	22	22
104	23	24
104	25	27
104	28	28

105	0	1
105	2	4
105	5	5
105	6	6
105	7	7
105	8	8
105	9	10
105	11	11
105	12	13
105	14	14
105	15	16
105	17	17
105	18	18
105	19	19
105	20	20
105	21	21
105	22	22
105	23	24
105	25	26
105	27	28
105	29	30
105	31	33
105	34	34
105	35	36
105	37	38
105	39	39

106	0	1
106	2	2
106	3	3
106	4	4
106	5	5
106	6	6
106	7	8
106	9	10
106	11	11
106	12	13
106	14	16
106	17	17
106	18	19
106	20	20
106	21	21
106	23	26
106	27	27
106	28	31
106	32	32
106	33	33
106	34	34
106	36	36

107	0	0
107	1	2
107	3	5
107	6	6
107	7	8
107	9	11
107	12	13

108	0	2
108	4	8
108	9	9
108	10	13
108	14	14
108	15	17
108	18	18

109	2	3
109	4	4
109	5	5
109	7	10
109	12	13
109	14	15

110	2	4
110	6	10
110	11	12
110	13	14
110	15	15
110	16	18

111	0	1
111	2	3
111	4	6
111	7	7

112	0	0
112	1	1
112	2	5
112	6	6
112	7	9
112	10	10

113	0	0
113	1	1
113	2	2
113	4	7
113	8	8
113	9	12
113	13	13

114	0	0
114	1	3
114	4	4
114	5	13
114	15	22
114	23	23

115	0	12
115	14	15
115	17	22
115	24	30
115	31	31
115	32	41
115	42	42
115	43	52
115	54	54
115	55	55
115	56	58
115	60	71
115	73	84
115	85	85

116	0	0
116	1	2
116	3	3
116	4	5

117	2	3
117	4	5
117	6	6
117	7	8
117	9	10
117	11	12
117	13	14
117	15	15

118	0	0
118	1	1
118	3	3

119	2	4
119	5	5
119	7	17
119	19	21

120	2	3
120	4	4
120	5	7
120	8	8
120	9	11
120	12	12
120	13	15
120	16	16
120	17	18
120	19	19
120	20	21
120	22	25
120	26	26
120	27	27
120	28	28
120	29	30
120	31	31
120	32	33
120	34	35
120	36	36
120	37	38
120	39	40
120	41	42
120	43	43

121	0	2

122	2	3
122	4	5
122	6	6
122	8	10
122	12	22
122	24	33
122	35	37

123	2	2
123	3	4
123	5	6
123	7	8
123	9	10
123	11	11
123	12	12
123	13	14
123	15	16
123	17	18
123	19	19
123	20	21
123	22	22
123	23	24
123	25	26
123	27	27
123	28	29
123	30	31
123	32	33
123	34	34

162	0	2

163	2	4
163	6	13

164	2	2
164	3	4
164	5	6
164	7	8
164	9	10
164	11	12
164	13	13
164	14	14
164	15	16
164	17	17
164	18	19
164	20	21
164	22	22
164	23	24
164	25	26
164	27	27
164	28	29
164	30	30
164	31	32
164	33	33

165	2	2
165	3	3
165	4	4
165	5	5
165	6	8
165	9	11
165	12	12
165	13	13
165	14	14
165	15	15
165	17	17
165	18	18
165	19	19
165	20	21
165	22	23
165	24	26
165	27	27
165	28	28
165	29	29
165	30	30
165	31	31
165	32	33
165	34	34
165	35	35
165	36	38
165	39	39
165	40	40
165	41	41

166	0	2

167	2	4
167	5	7
167	9	19
167	21	28

168	0	0
168	1	2
168	3	4
168	5	5
168	6	7
168	8	9
168	10	11
168	12	12
168	13	15
168	16	16

169	2	2
169	3	3
169	4	4
169	5	6
169	7	9
169	10	12
169	13	14
169	15	16
169	17	17
169	18	18
169	19	19
169	20	21
169	22	23
169	24	24
169	25	27
169	28	28
169	29	29
169	30	30
169	31	31
169	32	33
169	34	35
169	36	36
169	37	38
169	39	41
169	42	44
169	45	45

170	0	2
170	3	3

171	2	2
171	3	3
171	4	6
171	7	9
171	10	10
171	12	22
171	24	26
171	28	28

172	2	2
172	3	3
172	4	6
172	7	9
172	10	10
172	11	11
172	12	13
172	14	15
172	16	16
172	17	17
172	19	19
172	20	21
172	22	22
172	23	24
172	25	27
172	28	28
172	29	30
172	31	32
172	33	33

173	0	2

174	2	2
174	3	4
174	5	7
174	8	10
174	11	11
174	13	17
174	19	27
174	29	31

175	2	4
175	5	7
175	8	9
175	10	10
175	11	12
175	13	14
175	15	15
175	16	17
175	18	18
175	19	23
175	24	24
175	25	25
175	26	27
175	28	29
175	30	30
175	31	31
175	33	33
175	34	35
175	36	36
175	37	38
175	39	41
175	42	42
175	43	43
175	44	45
175	46	46
175	47	47

176	0	2

177	2	2
177	3	5
177	6	8
177	9	9
177	10	18
177	20	22

178	2	4
178	5	7
178	8	9
178	10	10
178	11	12
178	13	14
178	15	15
178	16	16
178	17	21
178	22	22
178	23	27
178	28	29
178	30	30
178	31	31
178	32	33
178	34	35
178	36	36
178	37	37
178	39	39
178	40	41
178	42	42
178	43	44
178	45	47
178	48	48
178	49	50
178	52	53
178	54	54

179	0	2

180	2	2
180	3	4
180	5	5
180	6	6
180	7	8
180	9	11
180	13	18
180	20	26
180	28	37
180	39	41

181	2	2
181	3	4
181	5	5
181	6	6
181	7	8
181	9	10
181	11	11
181	12	12
181	13	14
181	15	16
181	17	17

182	0	0
182	1	1
182	2	3
182	4	5
182	6	6
182	7	7
182	8	8
182	9	10
182	11	11
182	12	12
182	13	13
182	14	14
182	15	15
182	16	19
182	20	20
182	21	22
182	23	23
182	24	25
182	26	26
182	27	27
182	28	28
182	29	30
182	31	31
182	32	32
182	33	34
182	35	35
182	36	37
182	38	39
182	40	41
182	42	43
182	44	45
182	46	46
182	47	47
182	48	48
182	49	50
182	52	52
182	53	53
182	54	54
182	55	55
182	56	58
182	59	59
182	60	62
182	63	63
182	64	64
182	65	65
182	66	67
182	68	71
182	72	72
182	73	74
182	75	75
182	76	76
182	77	77
182	78	78
182	79	82
182	83	83
182	84	86
182	87	87
182	88	88
182	89	90
182	91	91
182	92	93
182	94	94
182	95	97
182	98	98
182	99	99
182	100	101
182	102	102
182	103	103
182	105	105
182	106	106
182	107	108
182	109	109
182	110	110
182	111	113
182	114	114
182	115	116
182	117	119
182	120	121
182	122	122

183	0	2

184	2	3
184	4	4
184	6	14
184	16	18

185	2	3
185	4	4
185	5	5
185	6	7
185	8	8
185	9	9
185	10	11
185	12	12
185	13	14
185	15	16
185	17	18
185	19	20
185	21	21
185	22	22
185	23	24
185	25	25

186	2	2
186	3	3
186	4	4
186	5	6
186	7	7
186	8	8
186	9	9
186	10	10
186	11	12
186	13	14
186	15	16
186	17	18
186	19	20
186	21	21
186	22	22
186	23	24
186	25	25
186	26	27
186	28	28
186	29	29

187	0	3

188	2	2
188	4	4
188	5	6
188	8	20
188	22	29
188	31	38

189	2	4

190	2	3
190	4	6
190	7	7
190	8	8
190	9	10
190	11	12
190	13	14
190	15	16
190	17	17
190	18	19
190	20	21
190	22	23
190	24	24
190	25	26
190	27	28
190	29	29
190	30	31
190	32	32
190	33	33
190	34	35
190	36	37
190	38	38
190	39	41
190	42	43
190	45	46
190	47	48
190	49	49
190	50	51
190	52	53
190	54	54
190	55	56
190	57	57
190	58	59
190	60	60
190	61	62
190	64	64

191	0	0
191	1	2
191	3	3
191	4	5
191	7	7

192	0	2
192	3	4
192	5	6

193	0	0
193	1	1
193	3	3
193	4	4
193	6	6
193	7	10

194	2	2
194	3	4
194	5	6
194	7	8
194	9	11
194	12	13
194	14	15
194	16	16

195	3	3
195	4	6
195	7	7
195	8	8

196	4	4
196	5	6
196	7	8
196	9	9
196	10	10

197	0	0
197	1	1
197	3	5
197	6	8
197	9	11
197	12	13

198	2	3
198	4	6
198	7	8
198	9	11
198	12	14
198	15	16
198	17	17
198	18	19
198	20	20
198	21	22
198	23	24
198	25	26
198	27	27

199	3	3
199	4	4
199	5	7
199	8	10
199	11	11
199	12	12
199	13	13
199	14	14
199	15	15
199	16	17
199	19	19

200	2	2
200	3	4
200	5	7
200	8	10
200	11	11
200	12	12
200	13	13
200	14	14
200	15	16
200	17	17
200	19	19
200	20	20
200	21	23
200	24	26
200	27	27
200	28	28
200	29	29
200	30	30
200	31	32
200	33	33

201	0	0
201	1	1
201	3	5
201	6	7
201	8	9
201	10	11
201	12	13
201	14	14
201	15	19
201	20	20

202	2	3
202	4	6
202	7	7
202	8	9
202	10	12
202	13	15
202	16	16
202	17	17
202	18	19
202	20	21
202	22	23
202	24	25
202	26	27
202	28	29
202	30	30
202	31	35
202	36	36
202	37	37

203	1	1
203	2	3
203	4	5
203	6	7
203	8	9
203	10	10
203	11	15
203	16	16
203	17	17
203	18	19
203	20	22
203	23	24
203	25	25
203	26	27
203	28	29
203	30	31
203	32	32
203	33	33
203	34	35
203	36	39
203	40	41
203	42	45
203	47	47
203	48	49
203	50	50
203	51	52
203	53	54
203	55	55
203	56	57
203	58	59
203	60	61
203	62	63
203	64	64
203	65	69
203	70	70
203	71	71
203	72	73
203	74	75
203	76	77
203	78	78
203	79	80
203	81	82
203	83	84
203	85	85
203	86	87
203	88	88
203	89	89
203	90	90
203	91	92
203	93	93

207	0	2
207	3	4
207	5	6

208	2	4
208	5	5
208	6	7
208	8	8
208	9	9
208	10	10

209	2	2
209	3	4
209	5	6
209	7	7

210	2	3
210	4	5
210	6	6

211	0	2
211	3	3
211	4	4
211	5	6
211	7	7

213	0	1

214	3	3
214	4	4
214	5	5
214	6	6
214	7	8
214	9	9
214	10	11
214	12	13

215	1	1
215	2	3
215	4	5
215	6	7
215	8	9
215	12	12
215	13	13
215	14	14
215	15	17
215	18	20
215	21	21
215	22	22

216	0	3

217	0	0
217	1	2
217	3	3

218	0	0
218	1	2
218	3	3
218	4	4
218	5	6
218	7	8
218	9	9

219	0	0
219	1	2
219	3	4
219	5	5
219	6	6
219	7	7

220	0	0
220	1	3
220	4	4
220	5	6
220	7	7

221	0	0
221	1	2
221	3	3
221	4	5
221	6	7

222	0	2
222	3	4
222	5	6

223	0	0
223	1	1
223	3	3
223	4	4
223	6	6
223	7	9
223	10	10
223	11	11
223	12	13
223	14	14
223	15	16
223	17	18
223	19	19
223	20	21
223	22	23
223	24	25
223	26	26
223	27	27

224	0	0
224	1	1
224	3	5
224	6	8
224	9	9
224	10	10
224	11	12
224	13	13
224	14	15
224	16	17
224	18	18
224	19	20
224	21	22
224	23	24
224	25	25
224	26	26

225	2	2
225	3	3
225	4	5
225	6	6
225	7	7
225	8	8
225	9	10
225	11	11
225	12	13
225	14	14
225	15	17
225	18	18
225	19	19
225	20	21
225	22	25
225	26	26
225	27	28
225	29	29
225	30	32
225	33	33
225	34	35
225	36	36
225	37	37
225	38	39
225	40	42
225	43	43
225	44	44
225	45	46
225	47	47
225	48	49
225	50	51
225	52	52
225	54	54
225	55	55
225	57	59
225	60	61
225	62	63
225	64	64
225	65	66
225	67	68
225	69	69
225	70	71
225	72	73
225	74	75
225	76	76
225	77	77

226	0	2
226	3	3
226	4	4
226	5	7

227	2	2
227	3	4
227	5	5
227	6	6
227	7	8
227	9	9
227	10	10
227	11	12
227	13	14
227	15	16
227	17	18
227	19	19
227	20	24
227	25	25
227	26	26
227	27	27
227	28	29
227	30	30
227	31	31
227	32	33
227	34	36
227	37	37
227	38	39
227	40	41
227	42	43
227	44	46
227	48	48
227	49	49
227	50	50
227	51	53
227	54	54
227	55	56
227	57	58
227	59	59
227	60	60
227	62	66
227	67	67
227	68	69
227	70	71
227	72	72

229	0	0
229	1	2
229	3	4

230	0	2
230	3	4
230	5	6
230	7	7
230	8	9
230	10	11

231	0	0
231	1	1
231	3	3
231	4	4
231	6	6
231	7	8
231	9	10

232	2	2
232	3	4
232	5	6
232	7	8
232	9	10
232	11	12
232	13	13
232	14	15
232	16	16
232	17	18
232	19	20
232	21	21
232	22	22
232	23	24
232	25	25
232	26	27
232	28	29
232	30	30
232	31	32
232	33	33
232	34	35
232	36	37
232	38	39
232	40	40
232	41	42
232	43	43
232	44	45
232	46	46
232	47	48
232	50	51
232	52	52
232	53	53
232	54	54
232	55	56
232	57	58
232	59	59
232	60	60
232	61	63
232	64	64
232	65	67
232	68	68
232	69	69
232	70	72
232	73	75
232	76	77
232	78	78
232	79	79
232	80	80
232	81	82
232	83	84
232	85	85
232	86	86
232	87	88
232	89	89
232	90	91
232	92	92
232	93	94
232	95	95
232	96	96
232	97	97
232	99	100
232	101	101
232	103	103

233	3	3
233	4	6
233	7	7
233	8	11
233	12	13
233	14	15
233	16	17
233	18	19
233	20	23
233	24	24
233	25	26
233	27	27
233	28	28
233	29	30
233	31	32
233	33	34
233	35	36
233	37	38
233	39	39
233	40	41
233	42	44
233	45	45
233	46	46
233	48	49
233	50	51
233	52	53
233	54	55
233	56	56

234	2	2
234	3	3
234	4	4
234	5	6
234	7	8
234	9	10
234	11	12
234	13	13
234	14	16
234	17	17
234	18	19
234	20	20

235	0	0
235	1	1
235	3	5
235	6	7
235	8	9

236	2	3
236	4	5
236	6	7
236	8	8
236	9	11
236	12	13
236	14	15
236	16	17
236	18	18
236	19	20
236	21	22
236	23	24
236	25	25

237	2	2
237	3	4
237	5	6
237	7	7
237	8	9
237	10	11
237	12	13
237	14	14

238	2	2
238	3	3
238	5	5
238	6	7
238	8	9
238	10	10
238	11	12
238	13	14
238	15	16
238	17	17
238	18	18

239	2	2
239	3	3
239	5	7
239	8	8
239	9	12
239	13	13
239	14	15
239	16	17
239	18	19
239	20	20
239	21	22
239	23	24
239	25	28
239	29	29
239	30	30

240	2	2
240	3	3
240	5	7
240	8	8
240	9	12
240	13	13
240	14	15
240	16	17
240	18	19
240	20	20
240	21	21
240	22	23
240	24	24
240	25	25

241	2	2
241	3	3
241	5	6
241	7	8
241	9	10
241	11	11
241	12	13
241	14	15
241	16	17
241	18	19
241	20	20
241	21	22
241	23	24
241	25	25
241	26	26

242	0	2
242	3	4

243	2	2
243	3	5
243	6	6
243	7	10
243	11	12
243	13	13
243	14	15
243	16	16
243	17	17
243	18	19
243	20	20
243	21	22
243	23	24
243	25	25
243	26	26
243	27	27
243	28	29
243	30	30

244	0	2
244	3	4

245	3	4
245	5	6
245	7	7
245	8	9
245	10	11
245	12	13
245	14	14
245	15	16
245	17	17
245	18	18
245	20	23
245	24	25
245	26	26
245	27	28
245	29	30
245	31	32
245	33	33
245	35	35
245	36	37
245	38	39
245	40	40
245	41	42
245	43	43
245	44	44
245	45	46
245	47	48
245	49	49
245	51	51
245	52	52
245	53	54
245	55	55
245	56	56
245	58	61
245	62	63
245	64	64

246	0	2
246	3	4
246	5	6

247	2	3
247	4	5
247	6	6
247	7	8
247	9	10
247	11	12
247	13	14
247	15	15
247	16	16
247	18	18
247	19	20
247	21	22
247	23	23
247	24	25
247	26	26
247	27	27
247	28	28
247	29	30
247	31	32
247	33	34
247	35	36
247	37	37

248	0	2
248	3	4
248	5	6

249	3	3
249	4	5
249	6	7
249	8	8
249	9	10
249	11	12
249	13	14
249	15	16
249	17	17
249	18	19
249	20	20
249	21	21
249	23	23
249	24	25
249	26	27
249	28	28
249	29	30
249	31	31
249	32	32
249	33	33
249	34	35
249	36	36
249	37	37
249	39	42
249	43	43
249	44	45
249	46	48
249	49	50
249	52	52
249	53	54
249	55	56
249	57	58
249	59	59
249	60	61
249	62	62
249	63	63
249	64	64
249	65	66
249	67	68
249	69	70
249	71	72
249	73	73
249	74	75
249	76	77
249	78	78
249	79	79
249	80	80
249	81	82
249	83	84
249	85	86
249	87	87
249	88	88
249	89	89
249	90	91
249	92	93
249	94	95
249	96	96
249	98	98
249	99	100
249	101	101

250	0	0
250	1	2
250	3	3
250	4	5
250	6	6
250	7	8
250	9	9
250	10	11

251	3	4
251	5	5
251	6	7
251	8	8
251	9	10
251	11	11
251	12	13
251	14	14
251	15	16
251	17	18
251	19	19
251	20	21
251	23	26
251	27	28
251	29	29
251	30	31
251	32	32
251	33	34
251	35	36
251	37	37
251	38	39
251	40	40
251	41	42
251	43	44
251	45	46
251	48	49
251	50	50
251	52	52

252	3	3
252	4	5
252	6	7
252	8	8
252	9	10
252	11	11
252	12	13
252	14	15
252	16	18
252	19	20
252	21	21
252	22	23
252	24	24
252	25	26
252	27	28
252	29	30
252	31	31
252	32	34
252	35	36
252	37	37
252	38	39
252	40	41
252	42	42
252	43	45
252	46	46

253	0	0
253	1	1
253	2	3
253	4	4
253	5	7
253	8	8
253	9	10
253	11	11
253	12	13
253	14	14
253	15	16
253	17	19
253	20	20
253	21	22
253	23	23
253	24	25
253	26	26

255	0	0
255	1	1
255	2	4
255	5	5
255	6	6
255	7	8
255	9	9
255	10	11
255	12	13
255	14	14
255	15	16
255	17	18

256	0	0
256	2	2
256	4	7
256	9	10
256	11	12

257	0	1
257	2	3
257	4	5
257	6	7
257	8	8
257	9	13
257	14	14
257	16	16
257	18	18
257	19	19
257	21	21
257	22	23
257	25	25
257	26	26
257	28	28
257	29	30
257	32	32
257	33	33
257	35	35
257	36	37
257	39	39
257	40	40
257	42	42
257	43	44
257	46	46
257	47	47

258	2	2
258	6	7
258	8	8
258	9	9
258	10	10
258	12	12
258	13	14
258	16	16
258	17	18
258	20	20
258	22	23
258	25	25
258	26	27
258	29	29
258	30	32
258	34	34
258	35	36
258	40	41
258	42	42
258	43	43
258	45	48

259	3	4
259	5	6
259	7	7
259	8	8
259	9	11
259	12	12
259	13	13
259	14	14
259	16	16
259	17	18
259	28	29
259	30	30
259	31	31
259	33	35

260	4	5
260	7	7
260	8	8
260	11	12
260	16	17
260	19	20
260	22	23
260	25	26
260	32	32
260	33	33

261	4	4
261	6	6
261	7	7
261	10	10
261	12	14
261	18	18
261	20	20
261	22	22
261	24	24

262	4	4
262	5	6
262	8	8
262	9	9
262	12	12
262	14	14
262	16	18
262	20	20
262	22	22
262	24	24

263	4	4
263	5	6
263	8	8
263	9	9
263	12	12
263	16	16
263	18	18
263	20	22
263	24	24
263	28	28

264	0	0
264	2	2
264	7	7
264	8	9
264	11	11
264	12	12

265	3	3
265	4	5
265	7	7
265	8	8
265	11	11
265	15	15
265	17	17
265	19	19
265	21	23
265	25	25
265	27	30
265	33	34
265	35	35
265	36	37
265	38	38
265	39	39
265	41	44

266	2	2

267	2	2
267	3	3
267	7	8
267	9	9
267	10	13
267	14	14
267	15	15
267	16	17
267	18	18
267	19	20
267	21	21
267	23	23
267	24	25
267	27	28
267	29	29
267	30	31
267	35	36
267	37	37
267	38	38
267	40	43

268	3	4
268	5	6
268	7	7
268	8	9
268	10	11
268	12	13
268	14	15
268	16	16
268	17	17
268	18	19
268	29	30
268	31	31
268	32	32
268	34	36

269	2	2
269	3	4

270	3	3
270	4	5
270	6	6
270	11	12

271	3	3
271	4	5
271	6	6
271	7	7
271	12	13

272	3	4
272	5	5
272	6	6
272	7	8
272	10	10
272	11	11
272	12	12
272	13	13
272	14	14
272	15	16
272	17	17
272	18	19
272	20	20
272	22	22
272	23	24
272	26	28
272	32	33
272	34	34
272	35	35
272	37	40
272	42	42

273	2	3
273	4	4
273	5	5
273	7	10

274	3	4
274	5	6
274	7	8
274	9	9
274	10	10
274	11	12
274	14	14
274	15	15
274	16	16
274	18	18
274	19	20
274	22	22
274	23	23
274	25	27
274	31	32
274	33	33
274	34	34
274	36	39

275	3	4
275	6	7
275	8	9
275	10	10
275	11	11
275	12	14
275	15	15
275	16	18
275	20	21
275	22	22

276	3	4
276	5	5
276	6	6
276	7	9
276	10	10
276	11	11
276	12	12
276	13	13
276	14	15
276	16	16
276	17	17
276	18	18
276	20	20
276	21	22
276	24	24
276	25	25
276	27	28
276	31	32
276	33	33
276	34	35
276	36	36
276	37	37
276	39	42

277	3	5
277	6	6
277	7	7
277	8	8
277	10	10
277	15	16
277	17	17
277	18	18
277	20	22

278	0	0
278	4	5
278	6	7
278	8	8
278	9	9
278	10	11
278	12	12
278	13	13
278	14	14
278	16	16
278	17	18
278	20	21
278	25	26
278	27	27
278	28	28
278	30	33

279	0	0

280	0	0
280	4	4
280	5	7
280	8	8
280	9	9
280	10	11
280	12	13
280	14	14
280	15	15
280	16	16
280	18	18
280	19	20
280	21	22
280	26	27
280	28	28
280	29	29
280	31	34

281	2	2
281	6	8
281	9	9
281	10	10
281	12	12
281	13	15
281	19	20
281	21	21
281	22	22
281	24	27

282	0	0
282	2	2
282	6	8
282	9	11
282	12	13
282	14	14
282	15	15
282	16	17
282	18	19
282	20	20
282	21	21
282	22	22
282	31	32
282	33	33
282	34	34
282	36	39

283	2	2
283	3	3
283	7	7
283	8	8
283	9	11
283	12	14
283	15	15
283	16	16
283	17	17
283	18	18
283	22	23
283	24	24
283	25	25

284	3	4
284	5	7
284	8	10
284	11	11
284	12	12
284	13	13
284	14	14
284	16	16
284	17	18
284	22	22
284	23	23
284	25	26

285	3	3
285	4	6
285	7	9
285	10	10
285	11	11
285	12	12
285	13	13
285	17	17
285	19	20
285	22	22
285	24	24
285	25	25
285	27	28

286	3	3
286	4	4
286	5	6
286	7	8
286	9	9
286	10	10
286	11	12
286	13	13
286	14	15
286	16	16
286	18	18
286	19	20
286	22	22
286	23	23
286	25	25
286	28	29
286	30	30
286	31	32
286	33	33
286	34	34
286	36	39

288	0	0
288	1	1
288	3	3
288	4	4
288	5	5

289	0	0
289	2	2
289	4	7
289	9	10
289	11	12

290	0	1
290	2	3
290	4	5
290	6	7
290	8	8
290	9	13
290	14	14
290	16	16
290	18	18
290	19	19
290	21	21
290	22	23
290	25	25
290	26	26
290	28	28
290	29	30
290	32	32
290	33	33
290	35	35
290	36	37
290	39	39
290	40	40
290	42	42
290	43	44
290	46	46
290	47	47

291	1	1
291	3	3
291	5	5
291	7	7
291	8	8
291	12	13
291	14	16
291	17	17
291	18	20
291	22	22
291	23	23
291	24	24
291	26	28
291	31	32
291	33	33
291	34	35
291	36	36
291	37	37
291	39	42

292	3	4
292	5	6
292	7	7

293	2	2
293	3	3
293	4	4
293	5	6
293	7	8
293	10	10
293	11	13
293	14	14
293	15	15
293	17	19
293	21	21

294	2	2
294	3	3
294	4	4
294	5	5
294	6	7
294	8	8
294	10	11
294	12	14
294	15	15
294	16	16
294	18	20
294	22	22

295	2	2
295	3	3
295	4	4
295	5	5
295	6	8
295	10	12
295	13	13
295	14	14
295	15	17
295	19	19
295	21	21
295	22	23
295	24	24
295	25	25
295	26	28
295	29	29
295	30	30
295	31	31

296	0	0
296	1	2
296	3	3
296	4	4
296	5	5
296	7	7
296	8	9

297	2	3
297	4	4
297	5	6
297	7	8
297	9	9
297	10	10
297	11	11

298	0	0
298	1	2
298	4	4
298	5	5
298	7	7

299	2	3
299	4	5
299	6	7
299	8	8
299	9	10
299	12	12
299	13	13
299	14	14

300	0	0
300	1	2
300	4	4
300	5	5
300	7	9
300	11	12
300	13	13
300	14	14
300	16	19

301	3	3
301	4	5
301	6	6
301	7	7
301	8	10
301	11	11
301	12	14
301	15	15
301	17	17
301	18	19
301	20	21
301	24	25
301	26	26
301	27	28
301	29	29
301	30	30
301	32	35

302	0	1
302	2	2
302	3	3
302	5	7
302	9	9
302	10	11
302	13	13
302	14	16
302	17	17
302	18	19
302	23	24
302	25	25
302	26	27
302	28	28
302	29	29
302	30	30
302	31	31
302	33	33
302	34	35
302	37	39
302	44	45
302	46	46
302	47	47
302	49	51

303	3	5
303	6	6
303	7	7
303	8	10
303	11	11
303	12	13
303	14	14
303	15	16
303	17	18
303	19	19
303	20	20
303	21	21

304	0	0
304	1	2
304	4	4
304	7	8
304	9	9
304	10	11
304	12	12
304	13	13
304	15	18

305	3	6
305	7	7
305	8	10
305	11	11
305	12	13
305	14	14
305	15	16
305	17	18
305	19	19
305	20	20

306	0	0
306	1	2
306	3	3
306	4	5
306	6	6
306	8	9
306	10	10
306	11	11
306	12	12
306	16	17
306	18	18
306	19	19
306	21	24

307	2	2
307	3	3
307	4	4
307	6	6
307	7	7
307	8	9
307	10	11
307	12	12
307	13	14
307	15	18
307	19	20
307	21	22
307	23	23
307	24	25
307	26	27
307	28	29
307	30	30
307	31	31
307	32	34
307	35	35
307	36	36
307	37	40
307	41	42
307	43	44
307	45	45

308	2	2
308	3	3
308	4	4
308	5	5
308	6	7
308	8	9
308	10	10
308	11	11
308	12	12
308	13	13
308	14	15
308	16	17
308	18	18
308	19	19
308	20	20
308	21	21
308	22	25
308	26	27
308	28	29
308	30	31
308	32	33
308	34	34
308	35	36
308	37	38
308	39	40
308	41	41
308	42	42
308	43	44
308	45	45
308	46	46
308	47	49
308	50	50
308	51	51

309	2	2
309	3	3
309	4	5
309	6	6
309	7	8
309	9	9
309	10	11
309	12	12
309	13	14
309	15	15

310	2	2
310	3	4
310	5	6
310	7	7
310	8	8
310	9	10
310	12	12
310	13	13
310	14	14
310	15	15
310	16	18
310	19	20
310	21	22
310	23	24
310	25	26
310	27	27

311	0	0
311	1	1
311	2	5
311	6	6
311	7	8
311	9	11
311	12	12
311	13	13
311	14	14
311	15	16
311	17	17
311	18	19
311	20	21
311	23	24
311	25	25
311	26	27
311	28	29
311	30	30
311	31	32
311	33	34
311	35	35
311	36	36
311	37	38
311	39	39
311	40	41
311	42	43
311	45	46
311	47	47
311	48	49
311	50	51
311	52	52
311	53	54
311	55	56
311	58	58
311	59	60
311	61	62
311	63	64
311	65	65
311	66	68
311	69	69
311	70	71
311	72	72
311	73	73
311	74	77
311	78	79
311	80	82
311	83	83
311	84	84
311	85	85
311	86	87
311	88	88
311	89	90
311	91	92
311	94	95
311	96	96
311	97	98
311	99	100
311	101	101
311	102	103
311	104	105
311	106	106
311	107	107
311	108	109
311	110	110
311	111	112
311	114	115
311	117	118
311	119	119
311	120	121
311	122	123
311	124	124
311	125	126
311	127	127
311	128	129
311	130	131
311	132	133
311	134	135
311	136	136
311	137	139
311	140	140
311	141	142
311	143	143

312	2	2
312	3	3
312	4	5
312	6	7
312	8	9
312	10	11
312	12	12
312	13	14
312	16	16
312	17	17
312	18	18
312	19	20
312	21	22
312	23	23
312	24	25
312	26	27
312	28	28
312	29	29
312	31	31
312	33	35
312	36	36
312	37	38
312	39	40
312	41	42
312	43	44
312	45	46
312	47	47
312	48	48
312	49	50
312	51	52
312	53	55
312	56	56
312	57	57
312	58	58

313	2	2
313	3	6
313	7	7
313	8	9
313	10	10
313	11	12
313	13	13
313	14	14
313	16	20
313	21	22
313	23	23
313	24	25
313	26	26
313	27	27
313	28	28
313	29	30
313	31	31
313	32	32
313	34	37
313	38	38
313	39	40
313	41	41
313	42	42
313	44	47
313	48	48
313	49	50
313	51	52
313	53	53

314	2	2
314	3	6
314	7	7
314	8	9
314	10	10
314	11	12
314	13	13
314	14	14
314	16	20
314	21	21
314	22	23
314	24	24
314	25	26
314	27	27
314	28	28
314	29	29
314	30	31
314	32	32
314	33	33
314	35	38
314	39	39
314	40	41
314	42	43
314	44	44

315	2	2
315	3	3
315	4	5
315	6	7
315	8	8
315	9	10
315	11	11
315	12	14
315	15	16
315	17	17
315	18	19
315	20	20

316	2	2
316	3	3
316	4	5
316	6	7
316	8	10
316	12	13
316	14	15
316	16	16
316	17	17
316	18	18
316	19	20
316	21	21
316	22	22
316	23	23
316	24	24
316	25	25
316	26	26
316	27	27
316	28	29
316	30	30
316	31	32
316	33	33
316	34	35
316	36	36
316	37	37
316	38	38
316	39	40
316	41	41
316	42	42
316	44	46
316	47	48
316	49	50
316	51	52
316	53	54
316	55	55
316	56	56
316	57	57

317	2	2
317	3	6
317	7	7
317	8	9
317	10	10
317	12	13
317	14	14
317	15	15
317	17	21
317	22	22
317	23	24
317	25	25
317	26	26
317	28	32
317	33	33
317	34	35
317	36	36
317	37	37
317	39	42
317	44	46
317	48	52
317	53	53

318	2	2
318	4	5
318	6	6
318	7	7
318	9	12
318	13	13
318	14	14
318	15	15
318	16	17
318	18	18
318	19	20
318	21	21
318	22	23
318	24	24
318	25	25
318	26	27
318	28	28
318	29	29
318	31	35
318	36	37
318	38	39
318	40	41
318	42	42
318	43	46
318	47	48
318	49	50
318	51	51

319	2	2
319	3	6
319	7	7
319	8	9
319	10	10
319	11	12
319	13	13
319	14	14
319	16	19
319	20	20
319	21	22
319	23	23
319	24	25
319	26	26
319	27	27
319	28	28
319	29	30
319	31	31
319	32	32
319	34	37
319	38	38
319	39	40
319	41	42
319	43	43

320	2	2
320	3	3
320	4	5
320	6	6
320	7	7
320	8	8
320	9	9
320	10	10
320	11	11
320	12	13
320	14	15
320	16	16
320	17	18
320	19	20
320	21	21
320	22	22
320	23	24
320	25	26
320	27	28
320	29	30
320	31	31
320	32	33
320	34	34

321	2	2
321	3	3
321	4	5
321	6	6
321	7	8
321	9	10
321	11	11
321	12	13
321	14	14

322	2	2
322	3	4
322	5	6
322	7	7
322	8	10
322	11	12
322	13	14
322	15	15
322	17	18
322	19	19
322	20	21
322	22	22
322	23	23
322	24	24
322	25	26
322	27	29
322	30	30
322	31	31
322	32	32
322	34	34
322	36	37
322	38	38
322	39	40
322	41	41

325	0	0
325	1	1
325	2	4
325	5	5
325	6	6
325	7	8
325	9	9
325	10	11
325	12	13
325	14	14
325	15	16
325	17	18

326	0	0
326	2	2
326	4	7
326	9	10
326	11	12

327	0	1
327	2	3
327	4	5
327	6	7
327	8	8
327	9	13
327	14	14
327	16	16
327	18	18
327	19	19
327	21	21
327	22	23
327	25	25
327	26	26
327	28	28
327	29	30
327	32	32
327	33	33
327	35	35
327	36	37
327	39	39
327	40	40
327	42	42
327	43	44
327	46	46
327	47	47

328	1	2
328	3	3
328	4	4
328	5	5
328	8	8
328	9	10
328	12	12
328	13	14
328	16	16
328	17	18
328	20	20
328	21	22
328	24	24
328	26	27
328	29	29
328	30	31
328	35	36
328	37	37
328	38	38
328	40	43

329	1	2
329	3	4
329	5	5
329	6	6
329	7	8
329	9	9
329	10	10
329	11	11
329	12	12
329	15	15
329	16	17
329	27	28
329	29	29
329	30	30
329	32	34

330	3	4
330	6	6
330	7	7
330	10	11
330	13	14
330	16	17
330	21	22
330	24	25
330	27	27

331	3	3
331	5	5
331	6	6
331	9	9
331	11	13
331	17	17
331	21	21
331	25	25
331	27	27

332	3	3
332	4	5
332	7	7
332	8	8
332	13	13
332	15	15
332	17	19
332	23	23
332	27	27
332	29	29

333	3	3
333	4	5
333	7	7
333	8	8
333	11	11
333	15	15
333	17	17
333	19	21
333	24	24
333	26	26

334	3	3
334	4	5
334	7	7
334	8	8
334	11	11
334	15	15
334	17	17
334	20	20
334	22	24
334	26	26

335	2	3
335	7	7
335	8	9
335	11	11
335	12	12
335	15	15
335	19	19
335	23	23
335	27	27
335	29	29
335	31	34
335	37	38
335	39	39
335	40	41
335	42	42
335	43	43
335	45	48

336	1	1
336	3	3
336	5	5
336	6	7
336	8	8
336	9	9
336	11	11
336	12	13
336	14	14
336	15	16
336	17	17
336	20	20
336	21	22
336	26	27
336	28	28
336	29	30
336	39	39
336	41	44

337	2	2
337	3	3
337	5	6
337	7	8
337	9	9
337	10	11
337	12	13
337	14	15
337	16	17
337	18	18
337	19	19
337	20	21
337	31	32
337	33	33
337	34	34
337	36	38

338	3	3
338	4	5

339	1	1
339	2	3
339	4	4
339	9	10

340	1	1
340	2	3
340	4	5
340	10	11

341	1	2
341	3	3
341	4	4
341	5	6
341	8	8
341	9	9
341	10	10
341	11	11
341	12	12
341	13	14
341	15	15
341	16	17
341	18	18
341	29	30
341	31	31
341	32	32
341	34	37
341	39	39

342	3	3
342	4	5
342	9	11
342	18	19
342	20	20
342	21	21
342	23	26

343	1	3
343	4	4
343	5	5
343	6	6
343	8	9
343	13	14
343	15	15
343	16	16
343	18	20

344	1	2
344	3	4
344	5	6
344	7	7
344	8	8
344	9	10
344	12	12
344	13	13
344	14	14
344	17	17
344	18	19
344	21	21
344	22	22
344	24	26
344	30	31
344	32	32
344	33	33
344	35	38

345	1	2
345	4	5
345	6	7
345	8	8
345	9	9
345	10	12
345	13	13
345	14	16
345	18	19
345	20	20

346	1	2
346	3	3
346	4	4
346	6	8
346	10	10
346	11	11
346	12	12
346	13	13
346	14	14
346	15	16
346	17	17
346	18	18
346	19	19
346	22	22
346	23	24
346	26	26
346	27	27
346	29	30
346	33	34
346	35	35
346	36	37
346	38	38
346	39	39
346	41	44

347	1	1
347	3	3
347	5	7
347	8	8
347	9	9
347	10	10
347	12	12
347	16	17
347	18	18
347	19	19
347	21	23

348	1	2
348	3	4
348	5	5
348	6	6
348	7	8
348	9	9
348	10	10
348	11	11
348	14	14
348	15	16
348	18	19
348	23	24
348	25	25
348	26	26
348	28	31

349	0	0

350	2	2
350	4	4
350	5	7
350	8	8
350	9	9
350	10	11
350	12	13
350	14	14
350	15	15
350	16	16
350	19	19
350	20	21
350	25	25
350	26	26
350	28	29
350	36	37
350	38	38
350	39	39
350	41	44

351	2	2

352	0	0
352	2	2
352	3	3
352	5	7
352	8	8
352	9	9
352	11	11
352	12	14
352	18	19
352	20	20
352	21	21
352	23	26

353	1	3
353	4	6
353	7	8
353	9	9
353	10	10
353	11	12
353	13	14
353	15	15
353	16	16
353	17	17
353	27	28
353	29	29
353	30	30
353	32	35

354	1	1
354	2	4
354	5	7
354	8	8
354	9	9
354	10	10
354	11	11
354	15	15
354	16	16
354	18	19
354	21	21
354	23	23
354	24	24
354	26	27

355	1	1
355	2	2
355	3	4
355	5	6
355	7	7
355	9	9
355	10	11
355	12	12
355	13	14
355	15	15
355	18	18
355	19	20
355	22	22
355	23	23
355	25	26
355	29	30
355	31	31
355	32	33
355	34	34
355	35	35
355	37	40

357	0	0
357	1	1
357	3	3
357	4	4
357	5	5

358	0	0
358	2	2
358	4	7
358	9	10
358	11	12

359	0	1
359	2	3
359	4	5
359	6	7
359	8	8
359	9	13
359	14	14
359	16	16
359	18	18
359	19	19
359	21	21
359	22	23
359	25	25
359	26	26
359	28	28
359	29	30
359	32	32
359	33	33
359	35	35
359	36	37
359	39	39
359	40	40
359	42	42
359	43	44
359	46	46
359	47	47

360	0	0

361	0	0
361	2	2
361	4	4
361	6	6
361	7	7
361	9	10
361	11	13
361	14	14
361	15	17
361	19	19
361	20	20
361	21	21
361	23	23
361	24	24
361	26	26
361	29	30
361	31	31
361	32	33
361	34	34
361	35	35
361	37	40

362	3	4
362	5	6
362	7	7

363	0	0
363	1	1
363	2	2
363	3	3
363	4	6
363	8	10
363	11	11
363	12	12
363	13	15
363	17	17
363	19	19
363	20	21
363	22	22
363	23	23
363	24	26
363	27	27
363	28	28
363	29	29
363	31	31
363	32	33
363	34	34
363	35	35
363	36	36
363	38	38
363	39	40

364	2	3
364	4	4
364	5	6
364	7	8
364	9	9
364	10	10
364	11	11

365	0	0
365	1	2
365	4	4
365	5	5
365	7	8

366	2	3
366	4	5
366	6	7
366	8	8
366	9	9
366	10	11
366	13	13
366	14	14
366	15	15

367	0	0
367	1	2
367	4	4
367	5	5
367	7	9
367	11	12
367	13	13
367	14	14
367	16	19

368	1	1
368	2	3
368	5	5
368	6	6
368	7	9
368	10	10
368	11	11
368	12	14
368	15	15
368	17	18
368	21	22
368	23	23
368	24	25
368	26	26
368	27	27
368	29	32

369	1	2
369	3	4
369	5	5
369	6	8
369	9	9
369	10	10
369	11	12
369	13	13
369	14	15
369	16	16
369	18	19
369	21	22
369	23	23
369	24	24
369	26	28

370	1	2
370	3	3
370	4	5
370	6	6
370	7	7
370	8	8
370	9	9
370	11	11
370	12	13
370	15	17
370	22	23
370	24	24
370	25	25
370	27	29

371	0	1
371	2	2
371	3	3
371	5	7
371	9	9
371	10	11
371	13	13
371	14	16
371	17	17
371	18	18
371	20	22
371	23	23
371	24	24
371	25	27
371	28	28
371	29	30
371	31	31
371	32	33
371	34	35
371	36	36
371	37	37
371	38	38

372	0	0
372	1	2
372	4	4
372	7	8
372	9	9
372	10	11
372	12	12
372	13	13
372	15	18

373	1	4
373	5	5
373	6	8
373	9	9
373	10	11
373	12	12
373	13	14
373	15	16
373	17	17
373	18	18

374	0	0
374	1	2
374	3	3
374	4	5
374	6	6
374	8	9
374	10	11
374	12	12
374	14	15
374	16	16
374	17	17
374	19	22

375	2	2
375	3	3
375	4	4
375	5	6
375	7	8
375	9	9
375	10	10
375	11	11
375	12	15
375	16	17
375	18	19
375	20	21
375	22	23
375	24	24
375	25	26
375	27	28
375	29	30
375	31	31
375	32	32
375	33	34
375	35	36
375	37	37
375	38	38
375	39	40
375	41	41
375	42	42
375	43	43
375	44	45
375	46	46
375	47	47
375	48	50
375	51	51
375	52	52

376	2	2
376	3	3
376	4	5
376	6	6
376	7	8
376	9	9
376	10	11
376	12	12
376	13	14
376	15	15

377	2	2
377	3	4
377	5	6
377	7	7
377	8	8
377	9	10
377	12	12
377	13	13
377	14	14
377	15	15
377	16	18
377	19	20
377	21	22
377	23	24
377	25	26
377	27	27

378	0	0
378	1	1
378	2	5
378	6	6
378	7	8
378	9	11
378	12	12
378	13	13
378	14	14
378	15	16
378	17	17
378	18	19
378	20	21
378	23	24
378	25	25
378	26	27
378	28	29
378	30	30
378	31	32
378	33	34
378	35	35
378	36	36
378	37	38
378	39	39
378	40	41
378	42	43
378	45	46
378	47	47
378	48	49
378	50	51
378	52	52
378	53	54
378	55	56
378	58	58
378	59	60
378	61	62
378	63	64
378	65	65
378	66	68
378	69	69
378	70	71
378	72	72
378	73	73
378	74	77
378	78	79
378	80	82
378	83	83
378	84	84
378	85	85
378	86	87
378	88	88
378	89	90
378	91	92
378	94	95
378	96	96
378	97	98
378	99	100
378	101	101
378	102	103
378	104	105
378	106	106
378	107	107
378	108	109
378	110	110
378	111	112
378	114	115
378	117	118
378	119	119
378	120	121
378	122	123
378	124	124
378	125	126
378	127	127
378	128	129
378	130	131
378	132	133
378	134	135
378	136	136
378	137	139
378	140	140
378	141	142
378	143	143

379	2	2
379	3	3
379	4	5
379	6	7
379	8	9
379	10	11
379	12	12
379	13	14
379	16	16
379	17	17
379	18	18
379	19	20
379	21	22
379	23	23
379	24	25
379	26	27
379	28	28
379	29	29
379	31	31
379	33	35
379	36	36
379	37	38
379	39	40
379	41	42
379	43	44
379	45	46
379	47	47
379	48	48
379	49	50
379	51	52
379	53	55
379	56	56
379	57	57
379	58	58

380	2	2
380	3	6
380	7	7
380	8	9
380	10	10
380	11	12
380	13	13
380	14	14
380	16	20
380	21	22
380	23	23
380	24	25
380	26	26
380	27	27
380	28	28
380	29	30
380	31	31
380	32	32
380	34	37
380	38	38
380	39	40
380	41	41
380	42	42
380	44	47
380	48	48
380	49	50
380	51	52
380	53	53

381	2	2
381	3	6
381	7	7
381	8	9
381	10	10
381	11	12
381	13	13
381	14	14
381	16	20
381	21	21
381	22	23
381	24	24
381	25	26
381	27	27
381	28	28
381	29	29
381	30	30
381	31	32
381	33	33
381	34	34
381	36	39
381	40	40
381	41	42
381	43	44
381	45	45

382	2	2
382	3	3
382	4	5
382	6	7
382	8	8
382	9	10
382	11	11
382	12	14
382	15	16
382	17	17
382	18	19
382	20	20

383	2	3
383	4	4
383	5	6
383	7	8
383	9	11
383	13	13
383	15	15
383	16	17
383	18	18
383	19	19
383	20	20
383	21	22
383	24	24
383	25	25
383	27	27
383	28	28
383	30	30
383	31	31
383	32	32
383	33	34
383	35	35
383	36	37
383	38	38
383	39	40
383	41	41
383	42	42
383	43	43
383	44	45
383	46	46
383	47	47
383	49	51
383	52	53
383	54	55
383	56	57
383	58	59
383	60	60
383	61	61
383	62	62

384	0	0
384	1	4
384	5	5
384	6	7
384	8	8
384	9	10
384	11	11
384	12	12
384	14	17
384	18	18
384	19	20
384	21	21
384	22	22
384	24	28
384	29	29
384	30	31
384	32	32
384	33	33
384	35	38
384	40	42
384	44	48
384	49	49
384	50	51
384	52	52
384	53	54
384	55	55
384	56	56
384	57	57
384	58	59
384	60	60
384	61	61
384	63	66
384	67	67
384	68	69
384	71	72
384	73	73

385	2	2
385	4	5
385	6	6
385	7	7
385	9	12
385	13	13
385	14	14
385	15	15
385	16	17
385	18	18
385	19	20
385	21	21
385	22	23
385	24	24
385	25	25
385	26	27
385	28	28
385	29	29
385	31	35
385	36	37
385	38	39
385	40	41
385	42	42
385	43	46
385	47	48
385	49	50
385	51	51

386	2	2
386	3	6
386	7	7
386	8	9
386	10	10
386	11	12
386	13	13
386	14	14
386	16	19
386	20	20
386	21	22
386	23	23
386	24	25
386	26	26
386	27	27
386	28	28
386	29	30
386	31	31
386	32	32
386	34	37
386	38	38
386	39	40
386	41	42
386	43	43

387	2	2
387	3	3
387	4	5
387	6	6
387	7	7
387	8	8
387	9	9
387	10	10
387	11	11
387	12	13
387	14	15
387	16	16
387	17	18
387	19	20
387	21	21
387	22	22
387	23	24
387	25	26
387	27	28
387	29	30
387	31	31
387	32	33
387	34	34

388	2	2
388	3	3
388	4	5
388	6	6
388	7	8
388	9	10
388	11	11
388	12	13
388	14	14

389	2	2
389	3	4
389	5	6
389	7	7
389	8	10
389	11	12
389	13	14
389	15	15
389	17	18
389	19	19
389	20	21
389	22	22
389	23	23
389	24	24
389	25	26
389	27	29
389	30	30
389	31	31
389	32	32
389	34	34
389	36	37
389	38	38
389	39	40
389	41	41

392	0	0
392	1	1
392	2	3
392	4	5
392	6	6
392	7	8
392	9	10
392	11	11
392	12	13
392	14	15

393	0	0
393	2	2
393	4	7
393	12	13
393	14	15

394	0	1
394	2	3
394	4	5
394	6	7
394	8	8
394	9	13
394	14	14
394	16	16
394	17	18
394	20	20
394	21	21

395	0	0

396	0	0
396	2	2
396	4	4
396	6	6
396	7	7
396	9	10
396	11	11
396	12	12
396	14	14
396	15	16
396	18	18
396	19	20
396	24	25
396	26	26
396	27	27
396	29	32

397	1	2
397	3	4
397	5	5
397	6	6
397	7	9
397	10	10
397	11	11
397	12	12
397	14	14
397	15	16

398	2	3
398	5	5
398	6	6

399	2	2
399	3	4
399	6	6
399	7	7
399	9	9
399	10	10
399	12	12

400	0	3
400	8	9
400	10	10
400	11	11
400	13	15

401	1	2
401	4	11

402	1	1
402	2	3
402	4	4
402	5	5
402	6	6
402	7	8
402	9	9
402	10	11
402	12	12
402	14	14
402	15	16
402	18	19
402	20	20
402	21	22
402	26	26
402	28	28

403	1	2
403	3	4
403	5	5
403	6	6
403	7	8
403	9	10
403	11	12
403	13	14
403	15	15
403	16	16
403	17	18

404	0	0
404	1	2

405	0	0
405	1	2
405	3	3

406	0	0
406	1	2
406	3	3
406	4	4
406	6	7

407	0	1
407	6	7
407	8	8
407	10	10
407	12	14

408	1	2
408	3	5
408	7	7
408	8	8
408	9	9
408	10	10
408	11	11
408	12	13
408	14	14
408	15	16
408	17	17
408	19	19
408	20	21
408	23	25
408	29	30
408	31	31
408	32	32
408	34	37
408	39	39

409	2	3
409	4	4
409	5	5
409	7	10

410	1	2
410	3	4
410	5	6
410	7	7
410	8	8
410	9	10
410	12	12
410	13	13
410	14	14
410	16	16
410	17	18
410	20	20
410	21	21
410	23	25
410	29	30
410	31	31
410	32	32
410	34	37

411	0	0
411	2	2
411	4	4
411	6	6
411	8	8
411	10	10
411	12	12
411	13	13
411	15	16
411	18	19
411	20	21
411	22	22
411	23	23
411	24	26
411	27	27
411	28	30
411	32	33
411	34	34

412	1	2
412	3	3
412	4	4
412	5	7
412	8	8
412	9	9
412	10	10
412	11	11
412	12	13
412	14	14
412	15	15
412	16	16
412	18	18
412	19	20
412	22	22
412	23	23
412	25	26
412	29	30
412	31	31
412	32	33
412	34	34
412	35	35
412	37	40

413	1	3
413	4	4
413	5	5
413	6	6
413	8	8
413	13	14
413	15	15
413	16	16
413	18	20

414	1	2
414	3	4
414	5	5
414	6	6
414	7	8
414	9	9
414	10	10
414	11	11
414	13	13
414	14	15
414	17	18
414	22	23
414	24	24
414	25	25
414	27	30

415	1	1
415	2	4
415	5	5
415	6	6
415	7	8
415	9	10
415	11	11
415	12	12
415	13	13
415	15	15
415	16	17
415	18	19
415	23	24
415	25	25
415	26	26
415	28	31

416	1	3
416	4	4
416	5	5
416	7	7
416	8	10
416	14	15
416	16	16
416	17	17
416	19	22

417	1	3
417	4	6
417	7	8
417	9	9
417	10	10
417	11	12
417	13	14
417	15	15
417	16	16
417	17	17

418	0	0
418	1	3
418	4	6
418	7	7
418	8	8
418	9	9
418	10	10
418	11	11
418	13	13
418	14	14
418	16	17
418	19	19
418	21	21
418	22	22
418	24	25
418	29	30
418	31	31
418	32	32
418	34	37

419	1	1
419	2	2
419	3	4
419	5	6
419	7	7
419	8	8
419	9	10
419	11	11
419	12	13
419	14	14
419	16	16
419	17	18
419	20	20
419	21	21
419	23	23
419	26	27
419	28	28
419	29	30
419	31	31
419	32	32
419	34	37

420	1	1
420	3	3
420	5	5
420	7	7
420	8	8
420	10	11
420	12	14
420	15	15
420	16	16
420	17	18
420	20	20
420	21	21
420	22	22
420	24	26
420	29	30
420	31	31
420	32	33
420	34	34
420	35	35
420	37	40

421	3	4
421	5	6
421	7	7

422	0	0
422	1	1
422	2	2
422	3	3
422	4	6
422	8	10
422	11	11
422	12	12
422	13	15
422	17	17
422	19	19
422	20	21
422	22	22
422	23	23
422	24	26
422	27	27
422	28	28
422	29	29

423	0	0
423	1	2
423	3	3
423	4	4
423	5	5
423	7	7
423	8	9

424	2	3
424	4	4
424	5	6
424	7	8
424	9	9
424	10	10
424	11	11

425	0	0
425	1	2
425	4	4
425	5	5
425	7	7

426	2	3
426	4	5
426	6	7
426	8	8
426	9	9
426	10	11
426	13	13
426	14	14
426	15	15

427	0	0
427	1	2
427	4	4
427	5	5
427	7	9
427	13	14
427	15	15
427	16	16
427	18	21

428	1	1
428	2	3
428	4	4
428	5	5
428	6	8
428	9	9
428	10	12
428	13	13
428	15	15
428	16	17
428	18	19
428	22	23
428	24	24
428	25	26
428	27	27
428	28	28
428	30	33

431	0	0
431	1	1
431	3	3
431	4	4
431	5	5

432	0	0
432	2	2
432	4	7
432	9	10
432	11	12

433	0	1
433	2	3
433	4	5
433	6	7
433	8	8
433	9	13
433	14	14
433	16	16
433	17	18
433	20	20
433	21	21

434	0	1
434	2	2
434	3	3
434	5	7
434	9	9
434	10	11
434	13	13
434	14	16
434	17	17
434	18	19
434	21	22
434	23	23
434	24	25
434	26	26
434	27	27
434	28	28
434	30	30
434	31	32
434	34	36
434	38	39
434	40	40
434	41	41
434	43	45

435	1	3
435	4	4
435	5	5
435	6	8
435	9	9
435	10	11
435	12	12
435	13	14
435	15	16
435	17	17
435	18	18
435	19	19
435	21	21
435	22	23
435	25	25
435	27	28
435	29	29
435	30	31
435	32	32
435	33	33
435	35	38

436	1	4
436	5	5
436	6	8
436	9	9
436	10	11
436	12	12
436	13	14
436	15	16
436	17	17
436	18	18

437	0	0
437	1	2
437	3	3
437	4	5
437	6	6
437	8	9
437	10	10
437	11	11
437	12	12
437	14	15
437	16	16
437	17	17
437	19	22

438	2	2
438	3	3
438	4	4
438	6	6
438	7	7
438	8	9
438	10	11
438	12	12
438	13	14
438	15	18
438	19	20
438	21	22
438	23	23
438	24	25
438	26	27
438	28	29
438	30	30
438	31	31
438	32	34
438	35	35
438	36	36
438	37	40
438	41	42
438	43	44
438	45	45

439	2	2
439	3	3
439	4	4
439	5	5
439	6	7
439	8	9
439	10	10
439	11	11
439	12	12
439	13	13
439	14	15
439	16	17
439	18	18
439	19	19
439	20	20
439	21	21
439	22	25
439	26	27
439	28	29
439	30	31
439	32	32
439	33	33
439	34	34
439	35	36
439	37	38
439	39	40
439	41	41
439	42	42
439	43	44
439	45	45
439	46	46
439	47	49
439	50	50
439	51	51

440	2	2
440	3	3
440	4	5
440	6	6
440	7	8
440	9	9
440	10	11
440	12	12
440	13	14
440	15	15

441	2	2
441	3	4
441	5	6
441	7	7
441	8	8
441	9	10
441	11	11
441	12	12
441	13	13
441	14	16
441	17	19
441	20	20
441	21	22
441	23	24
441	25	25

442	0	0
442	1	1
442	2	3
442	4	5
442	6	6
442	7	8
442	9	11
442	12	12
442	13	13
442	14	15
442	16	16
442	17	17
442	18	19
442	20	21
442	23	24
442	25	25
442	26	27
442	28	29
442	30	30
442	31	32
442	33	34
442	35	35
442	36	36
442	37	38
442	39	39
442	40	41
442	42	43
442	45	46
442	47	47
442	48	49
442	50	51
442	52	52
442	53	54
442	55	56
442	58	58
442	59	60
442	61	62
442	63	64
442	65	65
442	66	68
442	69	69
442	70	71
442	72	72
442	73	73
442	74	77
442	78	79
442	80	82
442	83	83
442	84	84
442	85	85
442	86	87
442	88	88
442	89	90
442	91	92
442	94	95
442	96	96
442	97	98
442	99	100
442	101	101
442	102	103
442	104	105
442	106	106
442	107	107
442	108	108
442	109	110
442	111	111
442	112	113
442	115	115
442	117	117
442	118	119
442	120	120
442	121	121
442	122	123
442	124	125
442	126	126
442	127	128
442	129	130
442	131	132
442	133	134
442	135	135
442	136	137
442	139	139
442	141	141
442	142	143
442	144	144

443	0	0
443	1	2
443	3	4
443	5	6
443	7	9
443	10	10
443	11	12
443	14	14
443	15	15
443	16	16
443	17	18
443	19	20
443	21	21
443	22	23
443	24	25
443	26	26
443	27	27
443	29	29
443	31	33
443	34	34
443	35	36
443	37	38
443	39	40
443	41	42
443	43	44
443	45	45
443	46	46
443	47	48
443	49	50
443	51	53
443	54	54
443	55	55
443	56	56
443	58	58
443	59	60
443	61	62
443	63	63
443	64	65
443	66	66
443	67	68
443	69	69
443	70	70
443	72	75
443	76	76
443	77	78
443	79	79
443	80	81
443	82	82
443	83	83
443	84	84
443	85	86
443	87	87
443	88	88
443	90	93
443	94	94
443	95	96
443	97	97
443	98	98
443	100	103
443	104	104
443	105	106
443	107	108
443	109	109

444	0	0
444	1	4
444	5	5
444	6	7
444	8	8
444	9	10
444	11	11
444	12	12
444	14	18
444	19	19
444	20	21
444	22	22
444	23	24
444	25	25
444	26	26
444	27	27
444	28	29
444	30	30
444	31	31
444	33	36
444	37	37
444	38	39
444	40	41
444	42	42

445	2	2
445	3	3
445	4	5
445	6	7
445	8	8
445	9	10
445	11	11
445	12	14
445	15	16
445	17	17
445	18	19
445	20	20

446	2	2
446	3	3
446	4	5
446	6	7
446	8	10
446	12	12
446	14	14
446	15	16
446	17	17
446	18	18
446	19	19
446	20	21
446	23	23
446	24	24
446	25	25
446	26	26
446	28	28
446	29	29
446	30	30
446	31	32
446	33	33
446	34	35
446	36	36
446	37	38
446	39	39
446	40	40
446	41	41
446	42	43
446	44	44
446	45	45
446	47	49
446	50	51
446	52	53
446	54	55
446	56	57
446	58	58
446	59	59
446	60	60

447	2	2
447	3	6
447	7	7
447	8	9
447	10	10
447	12	13
447	14	14
447	15	15
447	17	21
447	22	22
447	23	24
447	25	25
447	26	26
447	28	32
447	33	33
447	34	35
447	36	36
447	37	37
447	39	42
447	44	46
447	48	52
447	53	53

448	2	2
448	3	4
448	5	5
448	6	6
448	8	11
448	12	12
448	13	13
448	14	14
448	15	16
448	17	17
448	18	19
448	20	20
448	21	22
448	23	24
448	25	26
448	27	27
448	28	28
448	30	34
448	35	36
448	37	38
448	39	40
448	41	41
448	42	45
448	46	47
448	48	49
448	50	50

449	2	2
449	3	6
449	7	7
449	8	9
449	10	10
449	11	12
449	13	13
449	14	14
449	16	19
449	20	20
449	21	22
449	23	23
449	24	25
449	26	26
449	27	27
449	28	28
449	29	30
449	31	31
449	32	32
449	34	37
449	38	38
449	39	40
449	41	42
449	43	43

450	2	2
450	3	3
450	4	5
450	6	6
450	7	7
450	8	8
450	9	9
450	10	10
450	11	11
450	12	13
450	14	15
450	16	16
450	17	18
450	19	20
450	21	21
450	22	22
450	23	24
450	25	26
450	27	28
450	29	30
450	31	31
450	32	33
450	34	34

451	2	2
451	3	3
451	4	5
451	6	6
451	7	8
451	9	10
451	11	11
451	12	13
451	14	14

452	2	2
452	3	4
452	5	6
452	7	7
452	8	10
452	11	12
452	13	14
452	15	15
452	17	18
452	19	19
452	20	21
452	22	22
452	23	23
452	24	24
452	25	26
452	27	29
452	30	30
452	31	33
452	35	36
452	37	37
452	38	39
452	40	40

454	0	1
454	3	3

455	0	0
455	1	3
455	4	5
455	6	6

456	0	0
456	1	2
456	3	3
456	4	5
456	7	10
456	11	11
456	12	15
456	16	17
456	18	21
456	22	22
456	23	24

457	2	2
457	3	3
457	4	4
457	5	5
457	7	7
457	8	9
457	10	10
457	11	11
457	12	13
457	14	14
457	15	16
457	18	21
457	22	22
457	23	26
457	27	28
457	29	32
457	33	33
457	34	35
457	36	38
457	39	39

458	0	0
458	1	1
458	2	2
458	4	4
458	5	5
458	6	7
458	8	8
458	9	10
458	12	15
458	16	16
458	17	20
458	21	22
458	23	26
458	27	27
458	28	29

459	0	0
459	2	2
459	4	4
459	5	6
459	8	9
459	11	14
459	15	15
459	16	18
459	19	19
459	20	20

460	1	3
460	4	4
460	6	6
460	7	7

461	0	1
461	2	2
461	4	5
461	6	6
461	8	9
461	10	10
461	13	14
461	15	15

462	1	2
462	4	5

463	0	1
463	2	2
463	3	3
463	4	4
463	6	6
463	7	8
463	10	10
463	12	13
463	14	14
463	15	15
463	17	18
463	19	19
463	20	20
463	22	23
463	24	24
463	25	25
463	26	27
463	28	28
463	29	29
463	31	32
463	34	34
463	36	37
463	39	39
463	41	41
463	43	43
463	44	45
463	48	49

464	0	1
464	2	2
464	3	3
464	4	4
464	6	6
464	7	8
464	10	10
464	12	12
464	16	16
464	19	19
464	21	22

465	0	1
465	2	3
465	4	4
465	5	5
465	6	8
465	9	9
465	10	10
465	11	11
465	13	13
465	14	15
465	17	18

466	0	0
466	1	2
466	4	4
466	5	5
466	6	6
466	8	9

467	0	0
467	1	2
467	4	4
467	5	5
467	6	6
467	10	10
467	11	11
467	13	13

468	2	2
468	3	3
468	4	4
468	6	6
468	8	9

469	0	0
469	1	2
469	4	4
469	5	5
469	9	10

470	0	0
470	1	2
470	4	4
470	5	5
470	9	10

471	1	1
471	3	3
471	5	5
471	6	6
471	7	7

472	1	1
472	3	5

473	0	0
473	1	1
473	3	3
473	4	4
473	5	5
473	6	6
473	8	9
473	11	11
473	12	12
473	13	13

474	0	0
474	1	2
474	4	4
474	5	5
474	6	6
474	7	7
474	8	9
474	11	11
474	12	12
474	13	13
474	15	15
474	17	19

475	0	0
475	1	1
475	3	3
475	4	4
475	5	5
475	6	6
475	8	9
475	11	11
475	12	12

476	0	0
476	1	2
476	4	4
476	5	5
476	6	6
476	7	7
476	8	9
476	11	11
476	12	12
476	13	13
476	16	16
476	18	20

477	0	0
477	1	1
477	2	3
477	5	5
477	6	6
477	7	7
477	11	11

478	1	1
478	3	5

479	0	0
479	1	1
479	2	3
479	5	5
479	6	6
479	7	7
479	9	9
479	11	13

480	0	0
480	1	1
480	2	3
480	5	5
480	6	6
480	7	7
480	11	11
480	12	12

481	0	0
481	1	1
481	2	4
481	5	5
481	6	6
481	8	8
481	12	12
481	15	15
481	17	19

482	0	0
482	1	1
482	2	3
482	5	5
482	6	6
482	7	7

483	0	1
483	2	3
483	4	4
483	5	5
483	6	7
483	8	8
483	9	10
483	11	11
483	13	13
483	14	15
483	17	18
483	20	21
483	25	26
483	30	31

484	0	1
484	2	2
484	3	4
484	5	5
484	6	6
484	7	7
484	8	8
484	10	10
484	11	12
484	14	16
484	18	20
484	24	26
484	28	30
484	32	34
484	36	38

485	0	0
485	1	2
485	3	3
485	4	4
485	5	6
485	7	7
485	8	9
485	10	10
485	12	12
485	13	14

486	0	3
486	4	4
486	5	6
486	7	9
486	11	14
486	15	16
486	17	19
486	21	22
486	23	23
486	24	25
486	26	26
486	27	27
486	28	29
486	30	30
486	31	32
486	33	33
486	34	36
486	37	37

487	0	1
487	2	2
487	3	4
487	5	5
487	6	6
487	7	8
487	9	9
487	10	11
487	12	12
487	13	15
487	16	16
487	18	19

488	0	1
488	2	3
488	4	4
488	5	6
488	8	8
488	9	10
488	12	13
488	14	14
488	15	15
488	16	17
488	18	18
488	19	19

489	0	1
489	2	2
489	3	3
489	4	5
489	6	6
489	7	7
489	9	10

490	0	1
490	2	2
490	3	3
490	5	7
490	9	9
490	10	10
490	11	11
490	12	12
490	13	14
490	15	15
490	16	16
490	17	17
490	19	19
490	20	20

491	0	0
491	1	2
491	4	4
491	5	5
491	7	8
491	10	10
491	11	11
491	13	14

492	0	1
492	2	4
492	5	5
492	6	8
492	10	10
492	11	11
492	12	12
492	13	13
492	15	15
492	16	16
492	18	18
492	20	20
492	21	21
492	23	23
492	27	29
492	31	31
492	32	32
492	34	34

493	2	3
493	4	5
493	6	6

494	2	2
494	3	3
494	4	4
494	5	5
494	6	7
494	9	11
494	12	12
494	13	13
494	14	14
494	16	18
494	20	20
494	22	22

495	2	2
495	3	3
495	4	4
495	5	5
495	6	7
495	9	12
495	13	13
495	14	14
495	16	18
495	20	20

496	2	2
496	3	3
496	4	4
496	5	6
496	7	7
496	9	10
496	11	11
496	12	12
496	13	15
496	17	17
496	19	19
496	20	21
496	22	22
496	23	23
496	24	26

497	0	0
497	1	1
497	2	2
497	3	3
497	4	5
497	6	6
497	7	7
497	8	8

498	0	0
498	1	2

499	1	2
499	3	3
499	4	5
499	6	7
499	8	8
499	9	9
499	10	10

500	0	0
500	1	2
500	4	4
500	5	5
500	7	7
500	9	9
500	10	10
500	12	13
500	17	17
500	18	18
500	20	20
500	22	22
500	23	23
500	25	26

501	1	2
501	3	4
501	5	6
501	7	7

502	0	0
502	1	2
502	4	4
502	5	5
502	6	6
502	8	8
502	9	10
502	12	12
502	13	13
502	15	17
502	19	19
502	20	20
502	22	24
502	26	26
502	27	27
502	29	31
502	33	33

505	0	0
505	1	1
505	2	2
505	4	4
505	6	6
505	7	7
505	8	8

508	0	1
508	2	2

509	0	0
509	1	3
509	4	5
509	6	6

510	0	1
510	2	3
510	4	5
510	6	7
510	8	8
510	9	13
510	14	14
510	15	15
510	16	18
510	19	19
510	20	20
510	21	22
510	23	24
510	25	25
510	26	27
510	28	29

511	0	0
511	1	2
511	4	7
511	8	8
511	9	12
511	13	14
511	15	15
511	16	17
511	18	18
511	19	20
511	21	22

512	2	2
512	3	3
512	4	4
512	5	5
512	7	7
512	8	9
512	10	10
512	11	12
512	13	14
512	15	16
512	17	18
512	19	19
512	20	24
512	25	25
512	26	26
512	27	29
512	30	30
512	31	31
512	32	33
512	34	35
512	36	36
512	37	38
512	39	40
512	41	41
512	42	43
512	45	48
512	49	49
512	50	53
512	55	56
512	57	57
512	58	59
512	60	60
512	61	62
512	63	64
512	65	65

513	0	0
513	1	1
513	2	2
513	4	4
513	5	6
513	7	8
513	9	10
513	11	12
513	13	13
513	14	18
513	19	19
513	20	20
513	21	23
513	24	24
513	25	25
513	26	27
513	28	29
513	30	30
513	31	32
513	33	33
513	34	35
513	37	37

514	0	0
514	1	2
514	4	7
514	8	8
514	9	12
514	13	14
514	15	15
514	16	17
514	18	18
514	19	20
514	21	22

515	0	1
515	2	3
515	4	5
515	6	7

516	0	0
516	1	5
516	6	6
516	7	7
516	9	10
516	11	12
516	13	13

517	0	0
517	1	3
517	5	5
517	6	6
517	7	7
517	9	10
517	11	12
517	13	13

518	0	0
518	1	1
518	3	4
518	6	9
518	10	10
518	11	14
518	16	17
518	19	19
518	20	20
518	21	22

519	0	0
519	2	2
519	4	6
519	8	8
519	9	10
519	12	13
519	14	14

520	0	0
520	1	1
520	2	3
520	5	5
520	7	9
520	11	11
520	12	13
520	15	16
520	17	17

521	0	0
521	1	1
521	3	3
521	5	7
521	9	9
521	10	11
521	13	13

522	0	0
522	1	1
522	2	3
522	5	5
522	7	9
522	11	11
522	12	13
522	15	16
522	17	17

523	0	0
523	2	2
523	3	3
523	5	5
523	7	9
523	11	11
523	12	13
523	15	15

526	0	1
526	2	2

527	0	0
527	1	3
527	4	5
527	6	6

528	0	0
528	1	2
528	3	4
528	5	6
528	7	7
528	8	10
528	12	16
528	17	17
528	18	21
528	22	23
528	24	25
528	26	28
528	29	30
528	31	32

529	4	4
529	5	5
529	6	6
529	8	8
529	9	10
529	11	11
529	12	12
529	13	14
529	15	16
529	17	18
529	19	19
529	20	22
529	24	28
529	29	29
529	30	33
529	34	35
529	36	37
529	38	40
529	41	42
529	43	44
529	45	47
529	48	48

532	0	1
532	2	2

533	0	0
533	1	3
533	4	5
533	6	6

534	0	0
534	1	2
534	3	3
534	4	6
534	8	12
534	14	14
534	16	19
534	20	22
534	23	24
534	25	26
534	27	28

535	5	5
535	6	6
535	7	7
535	8	8
535	10	10
535	11	11
535	12	12
535	13	13
535	14	14
535	15	16
535	17	17
535	18	20
535	22	26
535	27	27
535	28	31
535	32	34
535	35	36
535	37	38
535	39	40
535	41	43
535	44	44

536	0	0
536	1	1
536	2	2
536	4	4
536	5	5
536	6	7
536	8	8
536	9	11
536	13	17
536	19	19
536	21	24
536	25	27
536	28	29
536	30	31
536	32	33

537	1	1
537	2	3
537	4	5
537	6	7
537	9	11
537	12	13
537	15	15
537	17	17
537	19	19

538	1	1
538	5	8
538	9	9
538	10	11
538	12	12
538	13	15
538	16	17
538	18	18
538	19	20
538	21	22
538	23	23
538	27	28
538	29	30
538	31	32
538	33	33
538	34	34
538	35	35
538	36	37
538	38	38
538	39	40
538	41	41
538	42	43
538	44	44
538	45	47
538	49	50
538	51	51
538	52	52

539	1	1
539	5	6
539	7	9
539	10	11
539	12	13
539	14	14
539	15	15
539	16	17
539	18	18
539	19	19
539	20	21
539	22	23
539	25	25
539	26	27
539	28	28
539	29	30
539	31	31
539	32	33
539	34	34
539	35	36
539	37	40
539	41	41
539	42	42
539	43	43
539	44	44
539	46	46
539	47	49
539	50	51
539	52	53
539	54	54
539	55	55
539	56	56
539	57	58
539	59	60
539	61	62
539	63	63

540	1	1
540	2	3
540	4	4
540	5	6
540	7	8
540	9	10
540	11	14
540	15	16
540	18	18
540	19	20
540	21	22
540	23	23
540	24	24
540	25	25
540	26	26
540	27	27
540	28	28
540	29	29

541	0	0
541	1	1
541	2	2
541	4	5
541	7	10
541	11	11
541	13	13
541	14	14
541	15	16
541	18	20
541	22	26
541	27	27
541	29	29
541	30	30
541	31	31
541	33	33
541	34	34
541	36	38
541	39	39
541	40	40

542	2	2
542	3	4
542	6	7
542	8	8
542	9	9
542	11	13
542	14	14
542	15	16
542	17	17
542	18	18
542	20	22
542	23	23
542	24	25
542	27	27
542	28	28
542	29	29
542	30	30
542	31	31
542	32	32
542	33	33

543	2	2
543	3	3
543	4	4
543	5	5
543	6	7
543	8	8
543	9	9
543	11	13
543	14	14
543	15	16
543	17	17
543	18	18
543	19	19

544	2	2
544	3	3
544	4	5
544	7	8
544	9	9
544	10	10
544	12	15
544	16	16
544	17	18
544	20	20
544	21	21
544	22	22
544	23	23
544	24	24
544	25	25
544	26	26

545	0	0
545	1	2
545	4	5
545	6	6
545	7	7
545	9	12
545	13	13
545	14	15
545	16	16
545	17	17
545	19	23
545	24	24
545	25	26
545	27	27
545	28	28
545	30	34
545	35	35
545	37	38
545	40	43
545	44	44
545	45	46
545	47	47
545	48	48
545	50	53
545	54	54
545	55	56
545	57	57
545	58	58
545	60	63
545	64	64
545	65	66
545	68	68
545	69	69
545	70	70
545	71	71
545	72	72
545	73	73
545	74	74

546	3	3
546	4	5
546	7	8
546	9	9
546	10	10
546	12	16
546	17	17
546	18	19
546	21	21
546	22	22
546	23	23
546	24	24
546	25	25
546	26	26
546	27	27
546	31	32
546	33	34
546	35	36
546	37	38
546	39	39

547	2	3
547	4	6
547	8	12
547	13	13
547	15	15
547	16	16
547	17	18
547	19	19
547	20	21
547	22	23
547	24	25
547	26	26
547	28	29
547	31	34
547	35	35
547	37	37
547	39	39
547	40	40

548	2	3
548	5	8
548	10	10
548	11	14
548	15	16
548	17	18
548	19	19

549	2	2
549	3	3
549	4	4
549	5	5
549	6	6
549	7	7
549	8	10
549	11	11
549	12	13
549	14	14

550	2	2
550	3	4
550	5	6
550	7	7
550	8	8
550	10	13
550	14	14
550	15	15
550	16	16
550	17	17
550	18	18

551	2	2
551	3	6
551	7	7

552	2	3
552	4	4
552	5	7
552	8	8
552	9	9
552	10	11
552	12	13
552	14	14

553	1	1
553	5	6
553	7	8
553	9	9
553	10	10
553	12	14
553	15	16
553	17	18
553	19	20
553	21	21
553	22	23
553	24	24

554	2	3
554	4	4
554	5	5
554	7	7
554	8	8
554	9	11
554	12	12
554	13	13
554	14	15
554	16	16
554	17	17
554	18	19
554	20	20
554	21	23
554	25	25
554	26	27
554	28	30
554	31	33
554	34	34
554	35	36
554	37	38
554	39	41
554	42	42

555	2	3
555	4	4
555	5	5
555	6	6
555	7	7
555	8	9
555	10	11
555	15	15
555	16	17
555	18	19
555	20	21
555	22	23
555	24	24
555	25	26
555	27	28
555	29	29

556	2	2
556	3	6
556	7	7
556	8	9
556	10	10

557	2	2
557	3	4
557	5	5
557	6	7
557	8	8
557	9	10
557	11	12
557	13	14
557	15	15
557	16	17
557	18	18

558	1	3
558	7	8
558	9	10
558	11	12
558	13	13
558	15	15
558	19	19
558	20	23
558	24	24

559	1	1
559	2	2
559	4	4
559	8	8

560	2	4
560	5	5
560	6	7
560	8	9
560	10	11
560	12	13
560	14	14
560	15	19
560	20	20
560	21	22
560	24	24
560	25	26
560	28	28
560	29	29
560	30	30
560	31	31
560	32	32
560	33	33
560	34	35
560	36	37
560	38	38
560	39	39
560	41	42
560	44	44
560	45	45
560	46	46
560	47	47
560	48	48
560	49	49
560	50	51
560	53	53
560	55	57
560	59	61
560	62	62
560	63	64
560	65	65
560	66	67
560	68	68
560	69	69
560	70	70
560	71	72
560	73	73
560	74	75
560	77	77
560	78	78
560	79	79
560	80	80

561	2	3
561	4	5
561	6	6
561	7	7
561	8	9
561	11	11
561	12	12
561	13	13
561	14	14
561	15	16
561	17	18
561	19	19
561	20	22
561	23	23
561	25	26
561	27	27
561	28	29
561	30	31
561	32	32

562	2	2
562	3	4
562	5	6
562	7	7
562	8	9
562	10	11
562	12	12
562	13	13
562	14	17
562	18	19
562	21	23
562	24	24
562	25	25
562	26	26
562	27	28
562	29	29
562	30	31
562	32	33
562	35	36
562	37	37
562	38	39
562	40	41
562	42	42
562	43	44
562	46	47
562	48	48
562	49	49
562	50	51
562	52	52
562	53	54
562	55	56
562	58	59
562	60	60
562	61	62
562	63	64
562	65	65
562	66	67
562	68	68
562	70	71
562	72	73
562	74	75
562	76	77
562	78	78
562	79	81
562	82	82
562	83	84
562	85	85
562	86	86
562	90	91
562	92	93
562	94	95
562	96	97
562	98	99
562	100	100
562	101	102
562	103	103
562	104	106
562	107	108
562	110	111
562	112	112

563	2	3
563	4	5
563	6	7
563	8	8
563	9	9
563	10	11
563	12	13
563	14	14
563	15	16
563	17	18
563	19	19

564	2	3
564	4	4
564	5	6
564	7	8
564	9	10
564	11	11
564	12	13
564	14	15
564	16	16
564	17	18
564	19	19
564	20	21
564	23	24
564	25	25
564	26	27
564	28	28
564	29	30
564	31	32
564	33	33
564	34	34
564	35	36
564	37	37
564	38	39
564	40	40
564	41	41
564	42	43
564	44	44
564	46	46
564	47	48
564	49	49
564	50	51
564	52	53
564	54	55
564	56	57
564	58	58

566	0	0
566	1	1
566	2	2
566	4	4
566	6	6
566	7	7
566	8	8

567	0	0
567	1	2
567	3	4
567	5	6
567	8	10
567	11	12
567	14	14
567	16	16

568	0	0

569	0	0
569	1	1
569	3	3
569	7	9
569	10	10
569	11	12
569	13	14
569	15	16
569	17	17
569	18	18
569	20	24
569	25	25
569	26	27
569	28	29
569	31	32
569	33	33
569	34	34
569	35	38
569	39	40
569	41	42
569	43	44
569	45	45
569	46	46
569	47	47
569	48	49
569	50	50
569	52	52
569	53	54
569	55	55
569	56	56

570	2	2
570	3	3
570	4	4
570	5	5
570	6	6
570	7	8
570	9	10
570	11	12
570	13	14
570	15	15
570	16	16
570	17	18
570	20	20
570	21	21
570	23	24
570	26	27
570	28	28
570	29	31

571	2	2
571	3	3
571	4	5
571	6	8
571	9	9
571	10	11
571	12	13
571	14	14

572	2	2
572	3	3
572	4	5
572	6	7
572	8	9
572	10	10
572	11	12
572	13	14
572	15	15

573	2	3
573	4	5
573	6	7
573	8	9
573	10	10
573	11	13
573	14	16
573	17	17
573	18	19
573	21	22
573	23	23
573	27	27
573	28	29
573	30	31
573	32	33
573	34	34
573	35	35
573	36	37
573	38	38
573	39	39
573	40	41
573	42	42
573	43	44
573	45	45
573	46	46
573	48	49
573	50	51
573	52	53
573	54	54
573	55	56
573	57	57
573	58	59
573	60	61
573	62	64
573	65	66
573	67	68
573	70	71
573	72	73
573	74	75
573	76	77
573	78	79
573	80	80

574	2	2
574	3	4
574	5	5
574	6	6
574	7	7
574	8	8
574	9	10
574	11	11
574	12	13
574	14	14
574	15	17
574	18	18
574	19	19
574	20	20
574	22	22
574	23	26
574	27	27
574	28	29
574	30	30
574	31	33
574	34	35
574	36	37
574	38	38
574	39	40
574	41	41

575	2	3
575	4	5
575	6	7
575	8	8
575	9	10
575	11	12
575	13	13

576	2	3
576	4	5
576	6	6
576	7	7
576	8	8
576	9	10
576	11	11

577	2	3
577	4	6
577	7	8
577	9	10
577	11	11
577	12	13
577	14	15
577	16	16

578	0	0
578	1	1
578	3	3
578	4	4
578	6	6
578	7	7
578	9	9
578	10	10

579	0	0
579	1	1
579	3	3
579	4	4
579	5	5
579	6	6
579	8	8
579	12	13
579	14	14
579	15	17
579	18	19
579	20	21
579	22	22
579	23	24
579	25	26
579	27	27
579	28	28
579	29	29
579	31	31
579	32	33
579	34	34
579	36	36
579	37	37
579	39	39
579	40	41
579	42	43
579	44	44
579	45	45
579	46	46
579	48	48
579	49	50
579	51	52
579	53	53
579	57	58
579	59	60
579	61	62
579	63	64
579	65	66
579	67	68
579	69	70
579	71	71
579	72	73
579	74	75
579	76	76
579	78	79
579	80	80

580	0	1
580	3	3
580	4	4
580	5	5
580	6	6
580	7	7
580	8	8
580	9	9
580	13	13
580	14	14
580	15	15
580	16	17
580	18	18

581	4	5
581	6	6

582	4	5
582	6	6
582	7	7
582	8	8
582	9	9
582	13	14
582	15	16
582	17	17
582	18	18
582	20	20
582	21	21
582	23	23
582	24	24
582	25	28
582	29	29
582	30	31
582	32	33
582	34	34

583	2	3
583	4	4
583	5	6
583	7	8
583	9	10
583	11	12
583	13	13
583	14	15
583	17	20
583	22	22
583	24	27
583	28	28
583	30	31
583	32	33
583	34	34
583	35	36
583	37	38
583	39	39
583	40	40
583	41	41
583	42	43
583	44	44

584	2	3
584	4	5
584	6	6
584	7	7
584	9	15
584	16	16
584	17	20
584	21	21
584	22	23
584	24	25
584	26	26

