1	0	2
1	4	9

2	0	2

3	0	2
3	3	3
3	4	8
3	9	9
3	10	13

4	1	7
4	8	11
4	12	13

5	0	1
5	2	2
5	3	3
5	5	8
5	10	10
5	12	15

6	0	1
6	2	4
6	5	5
6	6	8
6	9	9
6	10	11
6	12	13

7	0	8
7	10	14
7	16	17
7	19	21
7	23	32
7	34	38
7	40	44
7	46	48
7	50	54
7	56	66

8	0	3
8	4	4
8	5	6
8	7	7
8	8	9
8	11	12

9	0	1
9	2	3
9	4	4
9	5	6

10	0	0
10	2	2

11	0	1
11	3	4

12	0	0
12	1	2
12	4	4

13	0	0
13	1	3
13	4	5
13	6	7
13	8	8
13	9	9
13	11	11

14	0	0
14	1	2
14	3	3
14	4	5
14	7	7

15	0	0
15	1	2
15	3	4
15	5	5
15	6	7
15	9	9

16	0	0
16	1	3
16	4	4
16	5	5
16	6	7
16	8	9
16	13	13

17	0	0
17	1	2
17	3	4
17	6	6

18	0	0
18	1	2
18	3	4
18	5	5
18	6	7
18	8	9
18	11	11

19	0	0
19	1	2
19	3	4
19	6	6

20	0	0
20	1	2
20	3	3
20	4	5
20	6	6
20	7	8
20	9	9
20	10	11
20	13	13

21	0	1
21	2	3
21	4	5
21	6	7
21	12	12

22	0	1
22	2	2
22	4	4
22	5	7
22	8	9
22	10	10
22	11	13
22	14	14
22	15	17
22	18	18
22	19	19
22	20	21
22	22	23
22	24	25
22	26	28
22	30	30

23	0	1
23	2	2
23	4	4
23	5	7
23	8	9
23	10	10
23	11	13
23	14	14
23	15	17
23	18	18
23	19	20
23	21	22
23	24	24

24	1	1
24	2	3
24	4	5
24	6	9
24	11	13
24	14	14
24	15	18
24	19	19
24	20	22
24	23	24
24	25	26
24	28	28
24	29	29
24	30	31
24	32	32
24	33	34
24	35	35
24	36	37
24	38	38
24	39	40
24	41	41
24	42	42
24	43	44
24	45	46
24	47	47
24	49	49
24	50	51
24	52	52
24	53	61
24	62	63
24	64	64

25	4	4
25	5	6
25	7	7
25	8	11
25	12	13
25	14	16
25	17	19
25	20	21
25	22	24
25	25	26
25	27	27

26	4	4
26	5	6
26	7	8
26	9	10
26	11	12
26	13	13
26	14	15
26	16	17
26	18	19
26	20	22
26	23	23
26	24	25
26	26	29
26	30	31
26	32	33
26	34	37
26	38	38
26	39	40
26	41	43
26	44	45
26	46	46
26	48	48
26	49	50
26	51	52
26	53	54
26	55	57
26	58	58
26	59	62
26	63	64
26	65	65
26	66	67
26	68	71
26	72	75
26	76	77
26	78	78
26	79	80
26	81	83
26	84	86
26	87	88
26	89	92
26	93	93
26	95	96
26	97	100
26	101	104
26	105	105
26	106	107
26	108	110
26	111	112
26	113	116
26	117	117
26	118	121
26	122	123
26	124	125
26	126	127
26	128	128
26	129	130
26	131	132
26	133	134
26	135	137
26	138	139
26	141	142
26	143	146
26	147	147
26	148	149
26	150	152
26	153	154
26	155	158
26	159	160
26	161	162
26	163	165
26	166	166
26	167	168
26	169	170
26	171	174
26	175	175
26	176	177
26	178	179
26	180	181
26	182	185
26	186	186
26	188	189
26	190	191
26	192	193
26	194	197
26	198	198
26	199	200
26	201	202
26	203	205
26	206	209
26	210	211
26	212	212
26	213	214
26	215	216
26	217	218
26	219	221
26	222	225
26	226	226
26	227	228
26	229	230
26	231	232
26	234	234
26	235	238
26	239	239
26	240	241
26	242	243
26	244	246
26	247	250
26	251	251

27	4	4
27	5	6
27	7	8
27	9	11
27	12	12
27	13	13
27	14	15
27	16	16
27	17	19
27	20	20
27	21	23
27	24	24
27	25	26
27	27	27
27	28	30
27	31	31
27	32	33
27	34	34
27	35	36
27	37	37
27	38	40
27	41	41
27	42	44
27	45	45
27	47	49
27	50	50
27	51	51
27	52	52
27	53	53
27	54	55
27	56	56
27	57	59
27	60	60
27	61	63
27	64	64
27	65	66
27	67	67
27	68	69
27	70	70
27	71	72
27	73	73
27	74	76
27	77	77
27	78	78
27	79	80
27	81	81
27	82	84
27	85	85
27	86	88
27	89	89
27	90	90
27	91	92
27	93	93
27	95	97
27	98	98
27	99	100
27	101	101
27	102	104
27	105	105
27	106	108
27	109	109

28	4	4
28	5	6
28	7	7
28	8	9
28	10	11
28	12	12

29	4	4
29	5	6
29	7	7
29	8	9
29	10	11
29	12	12
29	13	13
29	14	15
29	16	16
29	17	18
29	19	20
29	21	21
29	22	30
29	31	33
29	34	37
29	38	38
29	39	41
29	42	44
29	45	46
29	48	49
29	50	50
29	51	56
29	57	57
29	58	58

31	0	1
31	2	4
31	5	5
31	6	8
31	9	9
31	10	11
31	12	13

32	4	4
32	5	8
32	9	9
32	10	11
32	12	14
32	15	15
32	16	18
32	19	19
32	20	21
32	22	23
32	24	26
32	27	27
32	28	28
32	29	31
32	32	32
32	33	33
32	34	35
32	36	36
32	37	38
32	39	39
32	40	41
32	42	43
32	44	44
32	45	46
32	48	49
32	50	50
32	51	52
32	53	54
32	55	55
32	56	57
32	58	59
32	60	60
32	61	62
32	63	63
32	64	65
32	66	66
32	67	68
32	69	69
32	70	71
32	72	72
32	73	74
32	75	76
32	77	77

33	4	4
33	5	6
33	7	8
33	9	9
33	10	11
33	12	14
33	15	16
33	17	17
33	18	19
33	20	21
33	22	24
33	25	25
33	26	26
33	27	28
33	29	29

34	0	0
34	1	3
34	4	5
34	6	7

35	4	4
35	5	5
35	6	7
35	8	9
35	10	10
35	11	12
35	13	13
35	14	15
35	16	16
35	17	20
35	21	21
35	22	22
35	23	24
35	25	25
35	26	27
35	28	28
35	29	30
35	31	32
35	33	33
35	34	35
35	36	37
35	38	38
35	39	40
35	41	42
35	43	44
35	45	46
35	47	47

36	0	1
36	2	3
36	4	5
36	6	6
36	7	8
36	9	10
36	11	11
36	12	12
36	13	14
36	15	16
36	17	17
36	18	19
36	20	21
36	22	22
36	23	24
36	25	25
36	26	26
36	27	28
36	29	30
36	31	32
36	33	33

37	4	5
37	6	6
37	7	9
37	10	13
37	14	15
37	16	16
37	17	17
37	18	18
37	19	20
37	21	22
37	23	24
37	25	26

38	4	5
38	6	6
38	7	9
38	10	11
38	12	12
38	13	14
38	15	16
38	17	17
38	18	19
38	20	20
38	21	22
38	23	25
38	26	26
38	27	28
38	29	30

39	4	7
39	9	12
39	13	13
39	14	17
39	18	19
39	20	21
39	22	22
39	23	23
39	24	25
39	26	28
39	29	29
39	30	30
39	31	31
39	32	32

40	4	5
40	6	6
40	7	10
40	11	13
40	14	14
40	15	15
40	16	16
40	17	17
40	18	19
40	20	21
40	22	23
40	24	24
40	25	26
40	27	29
40	30	33

42	4	5
42	6	6
42	7	7
42	9	12
42	13	14
42	15	16
42	17	20
42	21	21
42	22	23

43	4	5
43	6	6
43	7	7
43	9	13
43	14	14
43	15	16
43	17	19
43	20	21
43	22	24
43	25	25
43	26	26
43	27	27
43	28	28
43	29	30
43	31	31
43	32	32
43	33	34

45	5	7
45	9	13
45	14	14
45	15	16
45	17	20
45	22	22
45	23	24
45	25	26
45	27	27
45	28	29
45	30	31
45	32	33
45	34	34
45	35	36
45	37	38
45	39	40
45	41	42
45	43	43
45	44	45
45	46	47
45	48	48
45	49	56
45	58	66
45	67	67
45	68	71
45	73	74
45	75	75
45	77	82
45	84	85
45	87	90
45	92	94
45	96	98
45	100	112
45	114	115
45	117	123
45	125	134
45	136	145
45	147	148
45	150	157
45	159	163
45	165	167
45	169	173
45	174	174
45	176	176
45	177	178
45	179	179
45	180	181

46	5	5
46	6	7
46	8	8
46	9	9
46	11	14
46	15	15
46	16	17
46	18	18
46	19	19
46	21	24
46	25	26
46	27	27
46	28	29
46	30	31
46	32	33
46	34	34
46	35	36
46	37	38
46	39	40
46	41	42
46	43	43
46	44	45
46	46	47
46	48	49
46	50	50
46	51	52
46	53	54
46	55	55
46	57	57
46	58	58
46	60	67
46	68	68
46	69	69
46	70	71
46	72	73
46	74	74
46	75	76
46	77	77

47	0	2

48	4	4
48	5	5
48	6	7
48	8	8
48	9	9
48	10	10
48	11	11
48	12	12
48	13	13
48	14	21
48	23	27
48	29	32

49	5	6
49	7	7
49	8	9
49	10	10
49	11	12
49	13	13
49	14	15
49	16	17
49	18	19
49	20	20
49	21	21
49	22	23
49	24	24
49	25	25
49	26	26
49	27	28
49	29	29
49	30	30
49	31	32
49	33	34
49	35	35
49	36	36
49	37	37
49	38	39
49	40	41
49	42	42
49	43	43
49	44	45
49	46	47
49	49	49
49	50	51
49	52	52
49	53	54
49	55	55
49	56	57
49	58	58
49	59	60
49	61	61
49	62	63
49	64	66
49	67	67
49	68	68
49	69	69
49	70	71
49	72	72
49	73	73

50	4	4
50	5	8
50	10	13
50	14	14
50	15	18
50	19	19
50	20	21
50	23	25
50	26	26

51	0	2

52	4	5
52	6	6
52	7	8
52	9	9
52	10	11
52	12	12
52	14	21
52	23	34

53	5	6
53	7	8
53	9	9
53	10	11
53	12	13
53	14	14
53	15	15
53	16	17
53	18	19
53	20	20
53	21	22
53	23	23
53	24	25
53	26	26
53	27	28
53	29	30
53	31	32
53	33	33
53	34	34
53	35	36
53	37	38
53	39	39
53	40	41
53	42	43
53	44	45
53	46	47
53	49	50
53	51	51
53	52	53
53	54	55
53	56	56
53	57	58
53	59	59
53	60	61
53	62	62
53	63	64
53	65	65
53	66	67
53	68	68
53	69	70
53	71	71
53	72	74
53	75	75
53	76	76
53	77	77
53	78	78

54	4	4
54	5	6
54	7	7
54	8	8
54	10	13
54	14	14
54	15	18
54	19	19
54	20	21
54	23	25
54	26	26

55	0	2

56	4	5
56	6	6
56	8	11
56	13	18

57	4	5
57	6	6
57	7	8
57	9	10
57	11	11
57	12	13
57	14	14
57	15	16
57	17	18
57	19	19
57	20	21
57	22	23
57	24	24

58	4	4
58	5	6
58	7	7
58	9	12
58	13	13
58	14	17
58	18	18
58	19	20
58	22	24
58	25	25

59	0	2

60	4	4
60	5	6
60	7	14

61	5	6
61	7	7
61	8	9
61	10	11
61	12	12
61	13	14
61	15	16
61	17	17
61	18	18
61	19	19
61	20	21
61	22	22
61	23	24
61	25	25
61	26	27
61	28	29
61	30	30
61	31	31
61	32	33
61	34	34
61	35	35
61	36	37
61	38	39
61	40	41
61	42	42
61	43	43
61	44	44
61	45	45
61	46	47
61	49	49
61	50	51
61	52	52

62	4	4
62	5	7
62	9	12
62	13	13
62	14	17
62	18	18
62	19	20
62	22	24
62	25	25

63	0	0
63	1	2
63	3	4
63	5	5
63	6	7

64	0	2
64	3	5
64	6	6
64	7	8
64	9	10
64	11	12
64	13	14

65	4	5
65	6	6
65	7	8
65	9	10
65	11	12
65	13	13
65	14	15
65	16	17
65	18	18
65	19	20
65	21	22
65	23	23
65	24	24
65	25	25
65	26	27
65	28	29
65	30	30
65	31	31
65	32	33
65	34	34
65	35	36
65	37	38
65	39	40
65	41	41
65	42	43
65	44	44

66	0	0
66	2	2
66	3	3
66	5	5
66	7	7
66	8	9

67	8	8
67	9	10
67	11	12
67	13	14
67	15	15
67	16	16
67	17	18
67	19	19
67	20	20
67	21	21
67	22	22
67	23	24
67	25	25
67	27	29
67	30	30
67	31	32
67	33	33
67	34	38
67	41	42
67	43	44
67	45	46
67	47	49
67	50	50
67	51	51
67	52	53
67	54	54
67	55	56
67	57	58

68	7	8
68	9	10
68	11	11
68	12	13
68	14	14
68	15	15
68	16	16
68	17	18
68	19	19
68	22	23
68	24	25
68	26	27
68	28	28
68	29	30
68	31	31
68	32	36
68	37	37
68	38	38
68	39	40
68	41	41

69	0	1
69	2	2
69	3	5
69	6	6
69	7	8
69	9	9
69	10	10
69	11	13
69	14	14
69	15	15
69	16	17
69	18	19
69	20	20
69	21	21
69	22	23
69	24	24
69	25	26
69	27	27
69	28	30
69	31	31
69	32	32
69	33	34
69	35	35
69	36	39
69	40	40

70	0	0
70	1	1
70	2	4
70	5	5
70	6	7
70	8	9

71	4	5
71	6	6
71	7	7

72	1	7
72	8	8
72	9	9
72	10	11
72	12	13
72	14	15
72	16	17
72	18	18
72	19	20
72	21	24
72	25	26
72	27	27
72	28	29
72	30	30
72	31	31
72	32	33
72	34	34
72	35	37
72	38	38
72	39	40
72	41	41
72	42	45
72	46	46
72	47	47
72	48	49
72	50	50
72	51	52
72	53	54
72	55	56
72	57	60
72	61	63
72	64	64
72	65	65
72	67	68
72	69	69
72	70	70

73	0	6
73	7	7
73	8	9
73	10	11
73	12	13
73	14	15
73	16	16
73	17	18
73	19	22
73	23	24
73	25	25
73	26	27
73	28	28
73	29	29
73	30	31
73	32	32
73	33	35
73	36	36
73	37	38
73	39	39
73	40	43
73	44	44
73	45	45
73	46	47
73	48	48
73	49	50
73	51	52
73	53	54
73	55	56
73	57	58
73	59	60
73	62	62
73	63	65
73	66	66
73	67	67

74	4	5
74	6	7
74	8	8
74	9	9
74	10	12
74	13	13
74	14	15
74	16	18
74	19	20
74	21	22
74	23	23
74	24	24

75	0	2
75	3	5
75	6	6
75	7	7
75	8	9

76	4	5
76	6	8
76	9	9
76	10	10
76	11	12
76	13	14
76	15	15

77	4	4
77	5	5
77	6	7
77	8	9
77	10	11
77	12	13
77	14	16
77	17	17
77	18	18

78	4	4
78	5	7
78	8	9
78	10	12
78	13	13
78	14	14

79	4	4
79	5	5
79	6	7
79	8	9
79	10	12
79	13	14
79	15	17
79	18	18
79	19	19
79	20	21
79	22	23
79	24	25
79	26	26
79	27	28
79	29	30
79	31	31
79	32	32

80	0	0
80	1	3
80	4	4
80	5	5
80	6	7
80	8	9

81	0	2
81	3	4
81	5	6
81	7	8

82	0	2
82	3	3
82	4	4
82	5	7
82	8	8
82	9	9
82	10	11
82	12	12
82	13	14
82	15	17
82	18	18
82	19	22
82	23	23
82	24	25
82	26	27
82	28	28
82	29	30
82	31	32
82	33	33
82	34	35
82	36	36
82	37	38
82	39	39
82	40	41
82	42	42
82	43	43
82	44	45
82	46	46
82	48	48
82	49	50
82	51	52
82	53	53
82	54	55
82	56	57
82	58	58
82	59	61
82	62	62
82	63	64
82	65	66
82	67	67
82	68	69
82	70	70
82	71	72
82	73	74
82	75	76
82	77	77
82	78	78

83	0	2
83	3	3
83	4	4
83	5	6
83	7	8
83	9	12
83	13	14
83	15	15
83	16	18
83	19	19
83	20	21
83	22	23
83	24	26
83	27	28
83	29	29

84	0	2
84	3	4
84	5	6
84	7	8
84	9	9
84	10	12
84	13	15
84	16	16
84	17	18
84	19	20

85	0	2
85	3	3
85	4	4
85	5	6
85	7	8
85	9	10
85	11	11
85	12	13
85	14	16
85	17	17
85	18	19
85	20	20
85	21	22
85	23	24
85	25	27
85	28	28
85	29	29
85	30	31
85	32	32

86	0	2
86	3	3
86	4	4
86	5	6
86	7	8
86	9	10
86	11	12
86	13	13
86	14	15
86	16	16
86	17	17
86	18	19
86	20	22
86	23	24
86	25	25
86	26	28
86	29	29
86	30	30

87	0	2
87	3	3
87	4	4
87	5	6
87	7	8
87	9	10
87	11	12
87	13	13
87	14	15
87	16	16
87	17	17
87	18	19
87	20	22
87	23	23
87	24	26
87	27	27
87	28	28

88	0	2
88	3	4
88	5	6
88	7	7
88	8	10
88	11	11
88	12	14
88	15	15
88	16	17
88	18	19

89	0	2
89	3	3
89	4	4
89	5	6
89	7	9
89	10	10
89	11	12
89	13	13
89	14	15
89	16	16
89	17	18
89	19	19
89	20	21
89	22	23
89	24	25
89	26	26
89	27	29
89	30	30
89	31	31

90	0	2
90	3	3
90	4	4
90	5	6
90	7	9
90	10	10
90	11	12
90	13	15
90	16	18
90	19	19
90	20	20

91	0	2
91	3	3
91	4	4
91	5	6
91	7	9
91	10	10
91	11	12
91	13	13
91	14	14
91	15	16
91	17	17
91	18	18
91	19	19
91	20	22
91	23	23
91	24	24

93	0	2
93	3	3
93	4	4
93	5	5
93	6	7
93	8	10
93	11	12
93	13	14
93	15	16
93	17	18
93	19	20
93	21	22
93	23	25
93	26	28
93	29	29
93	30	30

94	0	2
94	3	4
94	5	6

95	4	6
95	7	7
95	8	10
95	11	11
95	12	13
95	14	15
95	16	17
95	18	21
95	22	23
95	24	24
95	25	28
95	29	30
95	31	31

96	0	2
96	3	3
96	4	5

97	0	2
97	3	3
97	4	4
97	5	7
97	8	8
97	9	9
97	10	10
97	11	12
97	13	13
97	14	15
97	16	17
97	18	19
97	20	20
97	21	22
97	23	23
97	24	25
97	26	26
97	27	27
97	28	29
97	30	30
97	31	31
97	32	33
97	34	34
97	35	36
97	37	38
97	39	40
97	41	42
97	43	43
97	44	45
97	46	46
97	48	51
97	52	53
97	54	55
97	56	56
97	57	58
97	59	59

98	0	2
98	3	3
98	4	4
98	5	7
98	8	8
98	9	9
98	10	13
98	14	14
98	15	15
98	16	17
98	18	21
98	22	23
98	24	24
98	25	26
98	27	27
98	28	29
98	30	31
98	32	33
98	34	35
98	36	37
98	38	38
98	39	40
98	41	41

99	0	2
99	3	3
99	4	4
99	5	5
99	6	7
99	8	9
99	10	11
99	12	12
99	13	14
99	15	15
99	16	16
99	17	18
99	19	20
99	21	21
99	22	22
99	23	24
99	25	26
99	27	28
99	29	30
99	31	32
99	33	33
99	34	34
99	35	37
99	38	38
99	39	40
99	41	41
99	42	43
99	44	45
99	46	46

100	0	1
100	2	2
100	3	3
100	4	5
100	6	6
100	7	7
100	8	9
100	10	11
100	12	14
100	15	17
100	18	19
100	20	21
100	22	23
100	24	24
100	25	26
100	27	27
100	28	30
100	31	32
100	33	35
100	36	36
100	37	38
100	39	39
100	40	40
100	41	42
100	43	44
100	46	46
100	47	49
100	50	50
100	51	51
100	52	52
100	53	56
100	57	58
100	59	61
100	62	62
100	63	64
100	65	65
100	66	67
100	68	68
100	69	71
100	72	73
100	74	76
100	77	77
100	78	79
100	80	80
100	81	81

101	0	2
101	3	3
101	4	4
101	5	6
101	7	8
101	9	9
101	10	11
101	12	13
101	14	14
101	15	15
101	16	16
101	17	18
101	19	19
101	20	20
101	21	21
101	22	23
101	24	25
101	26	27
101	28	28
101	29	30
101	31	31
101	32	32
101	33	34
101	35	35
101	36	36

102	0	2
102	3	4
102	5	6
102	7	7
102	8	9
102	11	13
102	14	14
102	15	15
102	16	18
102	19	19
102	20	20
102	21	22
102	23	24
102	25	25
102	26	26
102	27	30
102	31	32
102	33	33
102	34	37
102	38	39
102	40	40
102	41	44
102	45	46
102	47	47

103	0	2
103	3	3
103	4	4
103	5	6
103	7	7
103	8	8
103	9	10
103	11	12
103	13	13
103	14	15
103	16	17
103	18	18
103	19	20
103	21	25
103	26	26
103	27	28
103	29	29
103	30	31
103	32	32
103	33	37
103	38	38

104	0	2
104	3	3
104	4	4
104	5	6
104	7	7
104	8	9
104	10	11
104	12	13
104	14	14
104	15	16
104	17	18
104	19	19
104	20	20
104	21	22
104	23	24
104	25	25
104	26	26
104	27	27
104	28	29
104	30	31
104	32	33
104	34	34
104	35	36
104	37	37
104	38	38
104	39	39
104	40	41
104	42	42

105	0	2
105	3	3
105	4	4
105	5	6
105	7	7
105	8	8
105	9	10
105	11	11
105	12	12
105	13	14
105	15	18
105	19	19
105	20	21
105	22	23
105	24	25
105	26	28
105	29	29

106	0	2
106	3	3
106	4	4
106	5	5
106	6	7
106	8	9
106	10	11
106	12	13
106	14	14
106	15	15
106	16	17
106	18	18
106	19	20
106	21	22
106	23	23
106	24	25
106	26	28
106	29	30
106	31	31

107	0	2
107	3	3
107	4	4
107	5	6
107	7	7
107	8	9
107	10	11
107	12	12
107	13	13
107	14	15
107	16	20
107	21	22
107	23	23

110	0	0
110	1	1
110	2	3
110	4	5

111	0	1
111	2	3

112	0	1
112	3	4
112	5	6
112	7	8

113	0	1
113	3	4
113	5	6
113	7	7

114	0	1
114	3	4
114	5	6
114	7	7

115	0	1
115	6	7
115	8	9
115	10	11
115	12	12
115	13	14
115	15	15
115	16	16

116	0	1
116	3	4
116	5	6
116	7	8

117	0	3
117	5	5
117	6	10
117	12	12
117	13	13
117	14	18
117	20	25
117	27	32
117	34	34
117	36	36
117	37	37
117	38	40
117	42	46

118	0	3
118	9	13

119	0	3
119	9	13

121	0	2
121	3	4
121	5	6

122	0	2
122	3	3
122	4	4
122	5	6
122	7	7
122	8	9
122	10	11
122	12	12
122	13	16
122	17	18
122	19	19
122	20	23

123	0	2
123	3	3
123	4	4
123	5	6
123	7	7
123	8	9
123	10	11
123	12	13
123	14	14
123	15	16
123	17	17
123	18	18
123	19	19
123	20	21
123	22	22

124	0	2
124	3	3
124	4	4
124	5	6
124	7	7
124	8	9
124	10	11
124	12	13
124	14	14
124	15	15
124	16	17
124	18	18
124	19	19
124	20	20

125	0	2
125	3	3
125	4	4
125	5	6
125	7	7
125	8	9
125	10	11
125	12	13
125	14	15
125	16	16
125	17	19
125	20	20
125	21	21
125	22	23
125	24	25
125	26	26
125	27	28
125	29	29
125	30	32
125	33	34
125	35	35
125	36	37
125	38	40
125	41	41
125	42	42
125	43	44
125	45	46

126	0	0
126	1	2
126	3	4
126	5	5
126	6	7
126	8	8
126	9	10
126	11	12
126	13	13
126	14	14
126	15	16
126	17	17
126	18	19
126	20	21
126	22	22
126	23	24
126	25	26
126	27	27
126	28	29
126	30	31
126	32	33
126	34	35
126	36	38
126	39	39
126	40	42
126	43	43
126	44	44
126	46	48
126	49	49
126	50	51
126	52	52
126	53	54
126	55	55

127	0	2
127	3	3
127	4	4
127	5	6
127	7	7
127	8	8
127	9	10
127	11	11
127	12	12
127	13	14
127	15	16
127	17	17

128	0	2
128	3	3
128	4	4
128	5	6
128	7	8
128	9	10
128	11	12
128	13	14
128	15	17
128	18	20
128	21	21
128	22	22
128	23	24
128	25	26
128	27	27
128	28	29
128	30	31
128	32	33
128	34	35
128	36	39
128	40	40

129	0	2
129	3	6

130	0	2
130	3	3
130	4	4
130	5	6
130	7	7
130	8	9
130	10	10
130	11	12
130	13	13
130	14	15
130	16	16
130	17	17
130	18	19
130	20	20
130	21	22
130	23	23
130	24	25
130	26	27
130	28	28
130	29	30
130	31	32
130	33	34
130	35	35
130	36	37
130	38	38

131	0	2
131	3	3
131	4	4
131	5	6
131	7	8
131	9	11
131	12	12
131	13	14
131	15	15
131	16	16
131	17	18
131	19	20
131	21	21

132	0	2
132	3	3
132	4	4
132	5	6
132	7	7
132	8	9
132	10	10
132	11	12
132	13	13
132	14	15
132	16	16
132	17	18
132	19	20
132	21	22
132	23	24
132	25	25
132	26	27
132	28	29
132	30	32
132	33	34
132	35	35
132	36	37
132	38	38

133	0	2
133	3	3
133	4	4
133	5	6
133	7	10
133	11	11
133	12	13
133	14	14
133	15	16
133	17	18
133	19	19
133	20	20
133	21	22
133	23	23
133	24	25
133	26	27
133	28	28

134	0	2
134	3	3
134	4	4
134	5	6
134	7	8
134	9	10
134	11	11
134	12	13
134	14	14
134	15	15
134	16	17
134	18	18
134	19	20
134	21	21
134	22	23
134	24	25
134	26	26
134	27	28
134	29	30
134	31	31
134	32	33
134	34	35
134	36	36
134	37	38
134	39	39
134	40	40
134	41	41

135	0	2
135	3	3
135	4	4
135	5	6
135	7	9
135	11	15
135	16	16
135	17	18
135	19	19
135	20	20
135	21	22
135	23	24
135	25	25
135	26	27
135	28	29
135	30	30
135	31	31
135	32	33
135	34	35
135	36	37
135	38	38
135	39	41
135	42	42
135	43	46
135	47	49
135	50	50
135	51	52
135	53	53
135	54	55
135	56	56
135	58	58
135	59	60
135	61	62
135	63	64
135	65	65

136	4	4
136	5	6
136	7	7
136	8	8
136	9	10
136	11	11
136	12	14
136	15	15
136	16	19
136	21	21
136	23	25
136	26	26

137	4	4
137	5	6
137	7	8
137	9	9
137	10	11
137	12	12
137	13	13
137	14	14
137	16	19

138	0	2
138	3	4

139	5	6
139	7	8
139	9	9
139	10	11
139	12	13
139	14	14
139	15	17
139	18	18
139	19	20
139	21	21
139	22	23
139	24	24
139	25	25
139	26	26
139	27	28
139	29	30
139	31	32
139	33	34
139	35	35
139	36	37
139	38	39
139	40	41
139	42	43
139	44	44
139	45	45
139	46	47
139	49	50
139	51	51
139	52	53
139	54	55
139	56	56
139	57	58
139	59	59
139	60	61
139	62	62
139	63	64
139	65	65
139	66	67
139	68	68

140	4	5
140	6	7
140	8	8
140	9	10
140	11	11
140	12	13
140	14	14
140	15	16
140	17	19
140	20	20

141	4	4
141	5	5
141	6	7
141	8	9
141	10	10
141	11	15
141	16	16
141	17	17
141	18	18
141	19	19
141	20	20

142	4	4
142	5	5
142	6	6
142	7	8
142	9	10
142	11	14
142	15	15
142	16	20
142	21	21
142	22	22
142	23	23
142	24	24
142	25	25

143	4	4
143	5	5
143	6	7
143	8	9
143	10	10
143	11	14
143	15	15
143	16	16
143	17	17
143	18	18
143	19	19

144	4	5
144	6	6
144	7	10
144	11	12
144	13	14
144	15	18
144	19	19
144	20	21
144	22	22
144	23	23
144	24	25
144	26	26
144	27	27
144	28	29
144	30	31
144	32	32
144	33	34
144	35	36
144	37	38
144	39	39
144	40	41
144	42	42
144	43	44
144	45	46
144	47	47
144	48	48

145	0	2
145	3	4
145	5	6
145	7	9

146	4	6
146	7	7
146	8	8
146	9	10
146	11	12
146	13	15
146	16	16
146	17	18
146	19	22
146	24	27
146	28	28
146	29	30
146	31	32
146	33	33

147	0	0
147	1	2
147	3	4
147	5	5
147	6	7
147	8	9

148	4	5
148	6	7
148	8	8
148	9	10
148	11	12
148	13	14
148	15	15
148	16	16

149	0	0
149	1	1
149	2	3
149	4	5
149	6	6
149	7	8
149	9	10

150	0	1
150	3	4
150	5	6
150	8	9
150	10	11
150	12	13

151	1	2
151	4	5
151	6	7

152	0	0
152	2	3
152	4	4
152	6	6
152	7	7
152	8	9
152	11	14
152	16	20

153	0	0
153	3	3
153	5	6
153	7	7
153	8	9
153	11	12
153	13	13
153	14	14
153	16	19

154	0	0
154	2	3
154	5	6
154	7	9
154	11	12
154	13	13
154	14	14
154	16	19

155	0	0
155	2	3
155	4	5
155	7	8
155	9	10
155	12	14
155	16	20
155	21	21
155	22	23

156	0	0
156	3	4
156	5	6

157	0	0
157	3	4
157	5	6

158	0	0
158	3	4
158	5	5
158	7	8
158	9	9
158	10	10
158	12	15

159	0	0
159	2	6
159	7	7
159	8	8
159	10	10
159	11	11
159	13	13
159	14	15

160	0	0
160	3	4
160	5	6

161	0	1
161	4	5
161	6	7
161	8	9
161	11	12
161	13	13
161	14	14
161	16	20

162	0	1
162	3	6
162	8	9
162	10	11
162	12	13
162	15	16
162	17	17
162	18	18
162	20	22

163	0	0
163	1	1
163	2	3
163	4	5
163	6	7
163	8	8
163	9	10
163	11	11
163	12	12
163	13	15
163	16	16
163	17	17
163	18	18
163	19	19
163	20	20
163	21	22
163	23	23
163	24	25
163	26	26

165	0	0
165	1	2
165	3	4

166	0	2
166	3	4
166	5	6
166	7	7
166	8	8
166	9	9
166	10	11
166	12	12
166	13	14
166	15	16
166	17	18
166	19	20
166	21	21

167	0	0
167	2	2
167	3	3
167	4	5
167	6	6
167	7	8
167	9	9
167	10	11
167	12	13
167	14	14
167	15	15
167	16	16
167	17	18
167	19	20
167	21	21
167	22	23
167	24	25
167	26	27
167	28	28
167	29	29
167	30	31
167	32	32

168	0	2
168	3	4
168	5	5
168	6	7
168	8	9
168	10	11
168	12	12
168	13	14
168	15	16
168	17	17
168	18	19
168	20	20
168	21	22
168	23	24
168	25	25
168	26	27
168	28	28
168	29	29
168	30	30
168	31	32
168	33	34
168	35	35
168	36	37
168	38	38

169	0	0
169	1	2
169	3	3
169	4	5
169	6	6
169	7	8
169	9	9
169	10	11

170	0	2
170	3	4
170	5	6
170	7	8
170	9	10
170	11	11
170	12	13
170	14	15
170	16	18
170	19	19
170	20	20
170	21	22
170	23	24
170	25	25
170	26	27
170	28	29
170	30	30
170	31	32
170	33	33
170	34	34
170	35	36
170	37	37
170	38	38
170	39	39
170	40	41
170	42	42
170	43	43
170	44	45
170	47	47
170	48	48
170	49	51
170	52	52
170	53	53
170	54	55
170	56	56
170	57	57
170	58	59
170	60	60
170	61	61
170	62	63
170	64	64
170	65	65
170	66	67
170	68	69
170	70	70

171	0	0
171	1	1
171	2	2
171	3	4
171	5	6
171	7	7
171	8	9
171	10	11
171	12	14
171	15	15

172	0	2
172	3	4
172	5	5
172	6	7
172	8	8
172	9	10
172	11	12
172	13	14
172	15	15

173	0	2
173	3	4
173	5	6
173	7	8
173	9	11
173	12	13
173	14	16
173	17	17
173	18	18
173	19	19
173	20	21
173	22	23
173	24	24
173	25	25
173	26	27
173	28	28
173	29	30
173	31	32
173	33	33
173	34	35
173	36	36

174	0	0
174	1	1
174	2	2
174	3	4
174	5	6
174	7	7
174	8	9
174	10	16
174	17	17
174	18	19
174	20	21
174	22	22

175	0	1
175	2	3
175	4	5
175	6	7

176	0	3
176	4	5
176	6	7
176	8	8
176	9	9
176	10	13
176	14	14
176	15	16
176	17	18
176	19	19
176	20	20
176	21	24
176	25	25
176	26	27
176	28	29
176	30	31
176	32	32
176	33	33
176	34	35
176	36	38
176	39	39
176	40	42
176	43	43
176	44	45
176	47	47
176	48	49
176	50	53
176	54	54
176	55	56
176	57	57

177	0	3
177	4	5
177	6	8
177	9	9
177	10	11
177	12	13
177	14	15
177	16	17
177	18	18

178	4	4
178	5	5
178	7	8
178	9	10
178	11	11

179	4	4
179	5	5
179	7	8
179	9	10
179	11	11

180	4	4
180	5	5
180	7	8
180	9	9
180	10	10

181	4	4
181	5	5
181	7	10
181	11	11

182	4	4
182	5	5
182	7	8
182	9	9
182	10	10

183	4	4
183	5	5
183	7	8
183	9	9

184	4	4
184	5	5
184	7	8
184	9	9

185	4	4
185	5	5
185	7	8
185	9	9

186	4	4
186	5	5
186	7	8
186	9	9

187	4	4
187	5	5
187	7	8
187	9	9
187	10	10

188	0	0
188	1	1
188	3	4
188	5	5
188	6	7
188	8	8
188	9	12
188	13	13
188	14	14

189	4	4
189	5	5
189	7	8
189	9	10
189	11	11

190	4	4
190	5	5
190	7	7
190	8	8
190	9	10
190	11	11
190	12	13
190	14	15
190	16	16
190	17	18
190	19	19
190	20	21
190	22	22
190	23	23

191	0	0
191	1	1
191	3	4
191	5	5
191	6	7
191	8	9
191	10	11
191	12	12
191	13	14
191	15	16
191	17	17
191	18	18
191	19	22
191	23	23
191	24	25
191	26	27
191	28	28
191	29	31
191	32	32
191	33	34
191	35	35
191	36	37
191	38	39
191	40	41
191	42	43
191	45	46
191	47	48
191	49	49
191	50	51
191	52	52
191	53	53

192	0	3
192	4	5
192	6	7
192	8	8
192	9	12
192	13	15
192	16	16
192	17	18
192	19	19
192	20	20
192	21	22
192	23	23
192	24	25
192	26	26
192	27	28
192	29	31
192	32	32
192	33	34
192	35	36
192	37	37
192	38	41
192	42	42

193	0	3
193	4	5
193	6	7
193	8	8
193	9	10
193	11	11
193	12	13
193	14	14
193	15	16
193	17	18
193	19	20
193	21	21
193	22	23
193	24	26
193	27	27

194	0	1
194	2	2

195	0	0
195	1	3
195	4	5
195	6	6

196	0	2
196	3	3
196	4	6
196	7	7
196	8	8
196	9	10
196	11	12
196	13	14
196	15	17

197	0	2
197	3	4
197	5	6
197	7	8
197	9	11
197	12	12

198	4	5
198	6	7
198	8	9
198	10	12
198	13	13
198	14	15
198	16	17
198	18	19
198	20	21
198	22	24
198	25	25

199	0	0
199	1	3
199	4	5
199	6	7
199	8	9
199	10	12
199	13	13
199	14	15
199	16	17
199	18	20

200	0	1
200	3	4

201	0	1
201	3	4
201	5	6

202	2	3
202	5	6
202	8	9
202	11	12
202	13	13
202	15	16
202	17	19
202	21	25

203	0	2
203	4	7
203	10	15

204	3	8
204	11	16
204	21	25
204	26	26
204	27	29

205	3	8

206	2	8
206	10	15
206	22	26
206	27	27
206	28	30

207	9	13
207	14	14
207	15	17

208	1	4
208	8	14
208	20	24
208	25	25
208	26	28

209	2	8
209	10	15
209	17	23
209	25	30
209	32	38
209	42	46
209	47	47
209	48	50

210	2	8
210	10	15
210	17	23
210	25	30
210	32	38
210	42	46
210	47	47
210	48	50

211	1	4
211	8	14

212	2	8
212	10	15
212	17	23
212	25	30
212	32	38
212	42	46
212	47	47
212	48	50

213	2	8
213	10	15
213	17	23
213	25	30
213	32	38
213	42	46
213	47	47
213	48	50

214	2	8
214	10	15
214	17	23
214	25	30
214	32	38
214	42	46
214	47	47
214	48	50

215	1	4
215	6	12
215	14	19
215	26	31
215	33	39
215	43	47
215	48	48
215	49	51

216	2	8
216	10	15
216	17	23
216	25	30
216	32	38
216	42	46
216	47	47
216	48	50

217	2	8
217	10	15
217	17	23
217	25	30
217	32	38

219	0	2
219	3	5
219	6	7
219	8	9
219	10	12
219	13	13

220	4	6
220	7	8
220	9	10
220	11	13
220	14	14
220	15	16
220	17	18
220	19	20
220	21	22
220	23	25
220	26	26

221	0	0
221	1	3
221	4	6
221	7	8
221	9	10
221	11	13
221	14	14
221	15	16
221	17	18
221	19	21

222	0	1
222	3	4

223	0	1
223	3	4
223	5	6

224	2	3
224	5	6
224	8	9
224	11	12
224	13	13
224	15	16
224	17	19
224	21	25

225	0	1
225	3	4
225	8	11
225	13	19
225	21	27
225	29	35
225	37	43
225	45	52

226	2	8
226	10	16
226	18	24
226	26	32
226	34	41

227	2	8
227	10	16
227	18	24
227	26	32
227	34	41

228	5	11

229	3	6
229	11	17
229	19	25
229	27	33
229	35	41

230	2	8
230	10	16
230	18	24
230	26	32
230	34	41
230	43	47
230	48	48
230	49	51

231	2	8
231	10	16
231	19	25
231	27	35

236	0	0
236	1	3
236	5	5
236	6	6
236	7	7

237	0	1
237	3	4

238	0	1
238	3	4
238	5	6

239	2	3
239	10	11
239	12	12
239	14	15
239	17	18
239	19	19
239	21	22
239	23	25
239	27	28
239	29	31

240	0	1
240	3	4
240	8	11
240	13	19
240	24	30
240	32	38
240	40	46
240	51	58

241	2	8
241	13	19
241	21	27
241	29	35
241	40	47
241	49	53
241	54	54
241	55	57

242	2	8
242	13	19
242	22	28
242	30	37

243	2	8
243	13	19
243	22	28
243	30	37

244	1	4
244	6	12
244	15	21
244	23	29
244	34	41

245	2	8
245	11	17
245	19	25
245	27	34
245	36	36

246	2	8
246	11	17
246	19	25
246	27	34

248	0	2
248	3	4
248	5	6
248	7	9
248	10	11
248	12	13
248	14	16
248	17	17

249	5	6
249	7	8
249	9	11
249	12	13
249	14	15
249	16	18
249	19	19
249	20	21
249	22	23
249	24	25
249	26	27
249	28	30
249	31	31

250	0	0
250	1	3
250	4	5
250	6	7
250	8	10
250	11	12
250	13	14
250	15	17
250	18	18
250	19	20
250	21	22
250	23	25

251	0	1
251	3	4
251	6	7
251	8	9

252	2	3
252	5	6
252	8	9
252	11	12
252	13	13
252	15	16
252	17	19
252	21	25

253	0	1
253	2	2
253	4	6
253	8	9
253	13	16
253	18	24
253	26	32
253	34	41
253	45	52
253	57	64

254	2	8
254	10	16
254	18	25
254	29	36
254	38	45

255	2	8
255	10	16
255	21	28
255	30	37

256	3	6
256	8	14
256	16	22

257	2	8
257	10	16
257	18	25
257	29	36
257	38	45

258	2	8
258	10	16
258	18	25
258	29	36
258	38	45

259	3	6
259	9	15

260	3	9

262	0	1
262	2	2

263	0	0
263	1	3
263	4	5
263	6	6

264	0	2
264	3	3
264	4	6
264	7	7
264	8	9
264	10	11

265	3	5
265	6	6
265	7	9
265	10	10
265	11	12
265	13	14
265	15	16
265	17	17
265	18	19
265	20	21
265	22	23
265	24	24

266	3	3
266	4	4
266	6	7
266	8	9
266	10	10

267	3	3
267	4	4
267	6	7
267	8	9
267	10	10
267	11	12
267	13	13
267	14	14

268	3	3
268	4	4
268	6	7
268	8	8
268	9	9
268	10	11
268	12	12
268	13	15
268	16	16
268	17	18
268	19	19
268	20	22
268	23	23
268	24	25
268	26	26
268	27	27

269	3	3
269	4	4
269	6	7
269	8	9
269	10	10
269	11	12
269	13	16
269	17	17

270	3	3
270	4	4
270	6	7
270	8	9
270	10	10

271	3	3
271	4	4
271	6	7
271	8	9
271	10	10

272	3	3
272	4	4
272	6	7
272	8	8
272	9	10
272	11	11

273	3	3
273	4	4
273	6	6
273	7	8
273	9	9
273	10	10

274	3	3
274	4	4
274	6	7
274	8	9
274	10	10

275	3	3
275	4	4
275	6	7
275	8	8
275	9	10
275	11	11

276	3	3
276	4	4
276	6	6
276	7	8
276	9	11
276	12	12

277	3	3
277	4	4
277	6	9
277	10	10

278	3	3
278	4	4
278	6	7
278	8	10
278	11	11

279	3	3
279	4	4
279	6	7
279	8	9
279	10	10

280	3	3
280	4	5
280	6	6
280	7	10
280	11	12
280	13	14
280	15	16
280	17	18
280	19	19

281	0	6

282	0	3
282	4	5

283	0	1
283	2	4
283	5	5
283	6	8
283	9	9
283	10	11
283	12	13

284	0	1
284	2	2
284	3	3
284	5	8
284	10	10
284	12	15

285	0	1
285	2	3
285	4	6
285	7	8
285	9	9
285	10	11

286	0	0
286	1	3
286	4	6
286	7	9
286	10	11
286	13	14
286	16	16
286	18	23
286	25	28
286	29	29
286	30	30
286	31	31
286	32	34
286	35	35
286	36	39
286	40	40
286	41	44
286	45	45
286	46	48
286	49	49
286	50	51
286	52	52

287	0	1
287	2	3
287	4	5
287	6	7
287	8	11
287	12	13

288	0	3
288	4	4
288	5	5
288	6	6
288	7	7
288	8	8
288	9	9
288	11	14
288	15	15
288	16	16
288	17	17
288	18	19
288	20	22
288	23	24

289	0	2
289	3	3
289	4	4
289	5	9
289	10	11
289	12	13
289	14	15
289	16	19
289	20	21
289	22	23
289	24	25

290	0	1
290	2	5
290	6	6
290	7	10
290	11	11

291	0	1
291	2	3
291	4	9
291	11	11
291	13	16
291	17	18
291	19	22
291	23	23

292	0	0
292	1	1
292	2	3

293	0	1
293	2	3
293	4	4
293	5	5
293	6	7
293	8	9
293	10	10
293	11	12
293	13	14
293	15	15
293	16	16
293	17	17
293	18	19

294	0	1
294	2	3
294	4	5
294	6	7
294	8	9
294	10	10
294	11	12
294	13	15
294	16	17
294	18	19

295	0	1
295	2	3
295	4	7

301	0	1
301	2	3
301	4	6
301	7	8
301	9	10

302	0	1
302	2	3
302	4	4
302	5	5

