1	0	1

2	0	6
2	7	10
2	11	12

3	0	1
3	2	2
3	3	3
3	5	8
3	10	10
3	12	15

4	0	1
4	2	4
4	5	5
4	6	7
4	8	8
4	9	10
4	11	12

5	0	8
5	10	19
5	21	23
5	25	31
5	33	36
5	38	39
5	41	45
5	47	57

6	0	3
6	4	4
6	5	6
6	7	7
6	8	9
6	11	12

7	0	1
7	2	3
7	4	4
7	5	6

8	0	0
8	2	2

9	0	1
9	3	5

10	0	0
10	1	2
10	4	4

11	0	0
11	1	3
11	4	5
11	6	7
11	9	9

12	0	0
12	1	2
12	3	3
12	4	5
12	6	6
12	7	8
12	10	10

13	0	2
13	3	4
13	5	5
13	6	7
13	9	9

14	0	2
14	3	4
14	6	6

15	0	0
15	1	2
15	3	4
15	6	6

16	0	2
16	3	4
16	5	6
16	7	9
16	10	11
16	12	13
16	15	15

17	0	2
17	3	4
17	5	5
17	6	7
17	8	9
17	10	13
17	15	15

18	0	0
18	1	2
18	3	4
18	5	5
18	6	7
18	8	8
18	9	10
18	12	12

19	0	2
19	3	4
19	6	6

20	0	2
20	3	4
20	5	6
20	8	9

21	0	2
21	3	4
21	5	6
21	7	7
21	8	9
21	10	10
21	12	13

22	0	2
22	3	4
22	5	5
22	6	7
22	8	9
22	10	11
22	12	12
22	13	13
22	14	14
22	15	15
22	18	19

23	0	2
23	3	4
23	5	6
23	8	9

24	0	2
24	3	5
24	7	8

25	0	2
25	3	4
25	5	6
25	8	9

26	0	2
26	3	4
26	5	7
26	8	8
26	9	11
26	15	16

27	0	2
27	3	4
27	5	7
27	9	9
27	10	10
27	13	14

28	0	3
28	4	5
28	6	7
28	8	9
28	11	12

29	0	0
29	1	2
29	3	4
29	6	7

30	0	2
30	3	4
30	5	5
30	6	7
30	8	9
30	10	11
30	12	13
30	16	17

31	0	2
31	3	4
31	5	5
31	6	8
31	9	10
31	12	13

32	0	2
32	3	4
32	5	6
32	7	8
32	9	9
32	10	11
32	12	13
32	15	16

33	0	2
33	3	3
33	4	4
33	5	6
33	7	7
33	8	9
33	10	11
33	12	13
33	14	14
33	15	16
33	17	19
33	21	22

34	0	0
34	1	2
34	3	3
34	4	5
34	6	6
34	7	8
34	9	9
34	10	11
34	13	14

35	0	2
35	3	4
35	6	7

36	0	2
36	3	4
36	6	7

37	0	2
37	3	4
37	6	7

38	0	2
38	3	4
38	6	7

39	0	1
39	2	2
39	4	4
39	5	7
39	8	9
39	10	10
39	11	13
39	14	14
39	15	16
39	17	20
39	22	23

40	0	1
40	2	2
40	4	4
40	5	7
40	8	9
40	10	10
40	11	12
40	13	13
40	14	15
40	16	19
40	21	22

41	0	1
41	2	2
41	4	4
41	5	7
41	8	9
41	10	10
41	11	12
41	13	13
41	14	15
41	16	17
41	18	20
41	21	21
41	22	23
41	24	24
41	25	26
41	27	30
41	31	31
41	32	35
41	37	38

42	0	1
42	2	2
42	4	4
42	5	7
42	8	9
42	10	10
42	11	12
42	13	14
42	15	17
42	18	18
42	19	20
42	21	21
42	22	23
42	24	27
42	28	28
42	29	32
42	34	35

43	0	1
43	2	2
43	4	4
43	5	7
43	8	9
43	10	10
43	11	13
43	14	14
43	15	16
43	17	17
43	18	19
43	20	23
43	24	24
43	25	28
43	31	32

44	0	1
44	2	2
44	4	4
44	5	7
44	8	9
44	10	10
44	11	11
44	12	13
44	14	15
44	16	18
44	19	19
44	20	21
44	22	23
44	24	25
44	26	27
44	28	31
44	32	32
44	33	36
44	38	39

45	0	1
45	2	2
45	4	4
45	5	7
45	8	9
45	10	10
45	11	12
45	13	13
45	14	15
45	16	17
45	18	19
45	20	21
45	25	26

46	0	1
46	2	2
46	3	3
46	5	8
46	10	10
46	12	15

47	0	1
47	2	2
47	4	4
47	5	7
47	8	9
47	10	10
47	11	12
47	13	13
47	14	16
47	17	18
47	20	21

48	0	1
48	2	2
48	3	3
48	4	6
48	7	8
48	9	9
48	10	11
48	12	13
48	14	15
48	16	16
48	17	17
48	18	19
48	20	21
48	23	23
48	25	26

49	0	1
49	2	2
49	4	4
49	5	7
49	8	9
49	10	10
49	11	12
49	13	14
49	15	15
49	16	17
49	18	19
49	20	21
49	22	22
49	23	24
49	25	27
49	29	29
49	31	32

50	4	4
50	5	6
50	7	8
50	9	10
50	11	11
50	12	12
50	14	16
50	17	17
50	18	21
50	22	22
50	23	25
50	26	27
50	28	29
50	31	31
50	32	32
50	33	34
50	35	35
50	36	37
50	38	38
50	39	40
50	41	41
50	42	43
50	44	44
50	45	45
50	46	47
50	48	49
50	50	50

51	4	4
51	5	6
51	7	7
51	8	16
51	17	18
51	19	19

52	4	4
52	5	6
52	7	7
52	8	11
52	12	13
52	14	16
52	17	19
52	20	21
52	22	24
52	25	25
52	26	27
52	28	28
52	29	32
52	33	33
52	34	35
52	36	36

53	4	4
53	5	6
53	7	8
53	9	10
53	11	12
53	13	13
53	14	15
53	16	17
53	18	19
53	20	22
53	23	23
53	24	26
53	27	28
53	29	31
53	32	35
53	36	36
53	37	38
53	39	41
53	42	43
53	44	45
53	46	46
53	48	48
53	49	50
53	51	52
53	53	55
53	56	56
53	57	58
53	59	62
53	63	64
53	65	66
53	67	70
53	71	71
53	72	73
53	74	76
53	77	79
53	80	81
53	82	85
53	86	86
53	87	88
53	89	90
53	91	92
53	94	95
53	96	99
53	100	100
53	101	102
53	103	104
53	105	106
53	107	110
53	111	111
53	112	115
53	116	117
53	118	118
53	119	120
53	121	123
53	124	125
53	126	129
53	130	130
53	131	132
53	133	134
53	135	138
53	139	139
53	141	142
53	143	146
53	147	150
53	151	151
53	152	153
53	154	155
53	156	157
53	158	158
53	159	160
53	161	163
53	164	167
53	168	169
53	170	171
53	172	174
53	175	175
53	176	177
53	178	180
53	181	182
53	183	184
53	185	185
53	187	187
53	188	189
53	190	191
53	192	194
53	195	195
53	196	197
53	198	199
53	200	201
53	202	204
53	205	205
53	206	207
53	208	209
53	210	213
53	214	214
53	215	216
53	217	218
53	219	221
53	222	222
53	223	224
53	225	226
53	227	228
53	229	231
53	233	234
53	235	238
53	239	239
53	240	241
53	242	243
53	244	246
53	247	250
53	251	252
53	253	253
53	254	255
53	256	257
53	258	260
53	261	264
53	265	265

54	4	4
54	5	6
54	7	8
54	9	11
54	12	12
54	13	13
54	14	15
54	16	16
54	17	18
54	19	19
54	20	21
54	22	22
54	23	25
54	26	26
54	27	28
54	29	29
54	30	32
54	33	33
54	34	36
54	37	37
54	38	40
54	41	41
54	42	44
54	45	45
54	47	49
54	50	50
54	51	52
54	53	53
54	54	55
54	56	57
54	58	58
54	59	59
54	60	61
54	62	62
54	63	65
54	66	66
54	67	69
54	70	70
54	71	73
54	74	74
54	75	77
54	78	78
54	79	81
54	82	82
54	83	84
54	85	85
54	86	86
54	87	88
54	89	89
54	90	92
54	93	93
54	95	96
54	97	97
54	98	99
54	100	100
54	101	103
54	104	104
54	105	106
54	107	107
54	108	109
54	110	110
54	111	113
54	114	114

55	4	4
55	5	6
55	7	7
55	8	9
55	10	11
55	12	12

56	4	5
56	6	6
56	7	8
56	9	10
56	11	11
56	12	12
56	13	14
56	15	15
56	16	17
56	18	19
56	20	20
56	21	29
56	30	32
56	33	36
56	37	37
56	38	40
56	41	43
56	44	45
56	46	46
56	48	48
56	49	49
56	50	55
56	57	57
56	58	58

57	0	1
57	2	2
57	4	6
57	7	7
57	8	12
57	13	13
57	14	16

58	0	1
58	2	4
58	5	5
58	6	7
58	8	8
58	9	10
58	11	12

59	4	4
59	5	8
59	9	9
59	10	11
59	12	12
59	13	14
59	15	16
59	17	19
59	20	20
59	21	23
59	24	24
59	25	26
59	27	28
59	29	31
59	32	32
59	33	33
59	34	35
59	36	37
59	38	40
59	41	41
59	42	43
59	44	44
59	45	45
59	46	46
59	48	48
59	49	49
59	50	51
59	52	52
59	53	54
59	55	55
59	56	57
59	58	59
59	60	60
59	61	62
59	63	64
59	65	65
59	66	67
59	68	68
59	69	70
59	71	71
59	72	73
59	74	75
59	76	76
59	77	78
59	79	79
59	80	81
59	82	82
59	83	84
59	85	85
59	86	87
59	88	88

60	4	4
60	5	6
60	7	8
60	9	9
60	10	11
60	12	13
60	14	14
60	15	17
60	19	19
60	20	21
60	22	22
60	24	25
60	26	26
60	27	32
60	33	34
60	35	35
60	36	37
60	38	39
60	40	42
60	43	43
60	44	46
60	47	47
60	48	49
60	50	51
60	52	52
60	54	54
60	55	58
60	60	60
60	61	61
60	62	63
60	64	65
60	66	67
60	68	70
60	71	71
60	72	72
60	73	74
60	75	76
60	77	79
60	80	80

61	0	0
61	1	3
61	4	5
61	6	7

62	4	5
62	6	7
62	8	9
62	10	10
62	11	12
62	13	13
62	14	15
62	16	16
62	17	20
62	21	21
62	22	22
62	23	24
62	25	25
62	26	27
62	28	28
62	29	30
62	31	32
62	33	33
62	34	35
62	36	37
62	38	38
62	39	40
62	41	42
62	43	44
62	45	46
62	47	47
62	49	50
62	51	52
62	53	54
62	55	55
62	56	57
62	58	59
62	60	60
62	61	61
62	62	63
62	64	65
62	66	66
62	67	68
62	69	70
62	71	71
62	72	73
62	74	74
62	75	75
62	76	77
62	78	79
62	80	81
62	82	82

63	0	1
63	2	2
63	3	3
63	5	7
63	8	10

66	0	1
66	2	2
66	3	3
66	5	8
66	9	9
66	10	10
66	11	11
66	12	15
66	16	18
66	19	19
66	20	21
66	22	22

67	0	1
67	2	2
67	3	3
67	5	10
67	11	11
67	12	15
67	16	17
67	18	19
67	20	20
67	22	22
67	23	23

68	0	1
68	2	2
68	3	3
68	5	10
68	11	12
68	13	14
68	15	15
68	16	16
68	17	17
68	18	19
68	20	20

69	0	1
69	2	2
69	3	3
69	5	10
69	11	12
69	13	14
69	15	15
69	17	17
69	18	18
69	19	20
69	21	21

70	0	1
70	3	6
70	7	7
70	8	11
70	13	16
70	17	17

71	0	1
71	2	2
71	3	3
71	5	10
71	11	11
71	12	15
71	16	17
71	18	19
71	21	21
71	22	22
71	23	24
71	25	25
71	26	27
71	28	29

72	4	5
72	6	6
72	7	7
72	9	13
72	14	15
72	16	17
72	18	18
72	19	19
72	20	21
72	22	22
72	23	23
72	24	25
72	26	27
72	28	29
72	30	31
72	32	33

73	0	4
73	6	7
73	8	9
73	11	11
73	12	12
73	13	14
73	15	15
73	16	17
73	18	19
73	20	20
73	21	22
73	23	24
73	25	26
73	27	28

74	0	1
74	2	2
74	3	7
74	8	8
74	9	11
74	12	12
74	14	18
74	19	21
74	22	23
74	24	26
74	28	28
74	29	30
74	31	31
74	32	33
74	34	34
74	35	36
74	38	40
74	41	42
74	43	43
74	44	45

75	4	5
75	6	7
75	8	8
75	9	10
75	11	12
75	13	14
75	15	16
75	17	18
75	19	20
75	21	22
75	23	23
75	24	25
75	26	27
75	28	29
75	30	30
75	32	33
75	34	34
75	35	41
75	42	42
75	43	46
75	47	47
75	48	49
75	50	50
75	51	51
75	52	53
75	55	56
75	57	57
75	58	59
75	60	60

76	0	1
76	2	2
76	3	3
76	5	8
76	10	10
76	12	15

77	0	2
77	3	3
77	4	4

78	0	1
78	2	2
78	3	4
78	5	6
78	7	8
78	10	14
78	16	23
78	24	24
78	26	28
78	29	29
78	30	41
78	43	51

79	0	0

80	5	5
80	6	7
80	8	10
80	11	12
80	13	14
80	15	15
80	16	17
80	18	19
80	20	20
80	21	23
80	24	24
80	25	25
80	26	27
80	28	28
80	29	30
80	31	31
80	32	33
80	34	35
80	36	37
80	38	39
80	40	41
80	42	42
80	43	44
80	45	45
80	46	47
80	49	49
80	50	50
80	51	52
80	53	53
80	54	54
80	55	55
80	56	57
80	58	59
80	60	60
80	61	62
80	63	65
80	66	66
80	67	67
80	68	69
80	70	70
80	71	71
80	72	73
80	74	74

81	0	0
81	1	2
81	3	3
81	4	4
81	6	11
81	12	12
81	13	16
81	17	17
81	18	19
81	21	21
81	22	22
81	23	24
81	25	25

82	0	2
82	3	3
82	4	4

83	4	5
83	6	7
83	8	10

84	4	4
84	5	6
84	7	7
84	8	9
84	10	11
84	12	12
84	13	14
84	15	15
84	16	16
84	17	18
84	19	20
84	21	22
84	23	23
84	24	25
84	26	26

85	4	4
85	5	5
85	6	7
85	9	10
85	11	11
85	12	12
85	14	19
85	20	20
85	21	24
85	25	25
85	26	27
85	29	31
85	32	32

86	0	3

87	0	0
87	1	2
87	4	10
87	12	15

88	4	5
88	6	7
88	8	8
88	9	11
88	12	13
88	14	14
88	15	16
88	17	17
88	18	19
88	20	20
88	21	23
88	24	25
88	26	27
88	28	28
88	29	30
88	31	32
88	33	33

89	0	0
89	1	2
89	3	3
89	4	4
89	6	11
89	12	12
89	13	16
89	17	17
89	18	19
89	21	21
89	22	22
89	24	24
89	25	25

90	0	2
90	3	3
90	4	4

91	0	1
91	2	2
91	4	10
91	12	15

92	4	5
92	6	7
92	8	8
92	9	10
92	11	13
92	14	15
92	16	16
92	17	19
92	20	20

93	0	0
93	1	2
93	3	3
93	4	4
93	6	11
93	12	12
93	13	16
93	17	17
93	18	19
93	21	21
93	22	22
93	24	25
93	26	26

94	0	2
94	3	3
94	4	4

95	0	2
95	4	12
95	14	17

96	4	5
96	6	7
96	8	9
96	10	11
96	12	12
96	13	13
96	14	14

97	0	0
97	1	2
97	3	3
97	4	4
97	6	11
97	13	13
97	14	17
97	18	18
97	19	20
97	22	24
97	25	25

98	0	0
98	1	1
98	2	2
98	3	5

99	0	1
99	2	4
99	6	14
99	16	21
99	23	31
99	33	36

100	4	4
100	5	6
100	7	8
100	9	10
100	11	12
100	13	13
100	14	14
100	15	16
100	17	17
100	18	18

101	0	2
101	3	3
101	4	6

102	0	0
102	1	1
102	2	4
102	6	10
102	12	20
102	22	25

103	4	4
103	5	5
103	6	7
103	8	9
103	10	11
103	12	13
103	14	14
103	15	15
103	16	16
103	17	18
103	19	19
103	20	23
103	24	24
103	25	26
103	27	28
103	29	29
103	30	30
103	31	32
103	33	33
103	34	35
103	36	36
103	37	37

104	0	0
104	1	1
104	2	4

105	0	1
105	2	2
105	3	3
105	4	6
105	8	16
105	18	21
105	23	26
105	28	30
105	31	31
105	32	35
105	37	41

106	4	4
106	5	5
106	6	7
106	8	9
106	10	11
106	12	13
106	14	14
106	15	15
106	16	16
106	17	17
106	18	19
106	20	21
106	22	23
106	24	24
106	25	28
106	29	29
106	30	31
106	32	33
106	34	34
106	35	35
106	36	37
106	38	38
106	39	40
106	41	41
106	42	42

107	0	2
107	3	3
107	4	4

108	0	1
108	2	2
108	3	4
108	6	10
108	12	18
108	20	30
108	32	37
108	39	43

109	4	4
109	5	7
109	8	9
109	10	10
109	11	13
109	14	15
109	16	17
109	18	19
109	20	21
109	22	22
109	23	24
109	25	25
109	26	26

110	0	2
110	3	3
110	4	6

111	0	1
111	2	3
111	4	4
111	5	6
111	8	12
111	14	20
111	22	32
111	34	39
111	41	45
111	47	50
111	52	59
111	61	67

112	4	4
112	5	6
112	7	7
112	8	9
112	10	11
112	12	12
112	13	14
112	15	15
112	16	17
112	18	19
112	20	21
112	22	22
112	23	24
112	25	25
112	26	27
112	28	28

113	0	0
113	2	2
113	4	6

114	0	1
114	2	3
114	4	4
114	5	6
114	8	12
114	14	20
114	22	32
114	34	39
114	41	45
114	47	50
114	52	59
114	61	67

115	4	6
115	7	7
115	8	9
115	10	11
115	12	12
115	13	14
115	15	15
115	16	17
115	18	19
115	20	21
115	22	22
115	23	24
115	25	25
115	26	27
115	28	28

116	0	3

117	0	1
117	2	3
117	5	13
117	15	23

118	5	5
118	6	7
118	8	8
118	9	10
118	11	11
118	12	13
118	14	14
118	15	16
118	17	17
118	18	19
118	20	21
118	22	22
118	23	24
118	25	25
118	26	27
118	28	28
118	29	31
118	32	33
118	34	34
118	35	36
118	37	38
118	39	40
118	41	41
118	42	43
118	44	44
118	45	45
118	46	47
118	49	49
118	50	52
118	53	53
118	54	54
118	55	55
118	56	57
118	58	59
118	60	61
118	62	63
118	64	64
118	65	66
118	67	67
118	68	68

119	0	3
119	4	4
119	5	5

120	0	1
120	2	3
120	4	5
120	7	11
120	13	21
120	23	31

121	4	4
121	5	6
121	7	8
121	9	10
121	11	12
121	13	14
121	15	15
121	16	17
121	18	18
121	19	20
121	21	22
121	23	24
121	25	26
121	27	28
121	29	29
121	30	31
121	32	34
121	35	35
121	36	37
121	38	39
121	40	41
121	42	42
121	43	44
121	45	45
121	46	46

122	0	0
122	1	1
122	2	5

123	0	1
123	2	3
123	4	5
123	7	12
123	14	22
123	24	32

124	4	4
124	5	6
124	7	8
124	9	10
124	11	12
124	13	14
124	15	16
124	17	17
124	18	19
124	20	20
124	21	22
124	23	24
124	25	26
124	27	28
124	29	29
124	30	31
124	32	34
124	35	35
124	36	37
124	38	39
124	40	41
124	42	42
124	43	44
124	45	45
124	46	46

125	0	2
125	3	3
125	4	4

126	0	1
126	2	3
126	5	16
126	18	27
126	29	37

127	5	5
127	6	7
127	8	9
127	10	10
127	11	11
127	12	13
127	14	15
127	16	18
127	19	20
127	21	22
127	23	24
127	25	25
127	26	27
127	28	28
127	29	29
127	30	31
127	32	32
127	33	34
127	35	36
127	37	38
127	39	39
127	40	41
127	42	42
127	43	44
127	45	47
127	49	50
127	51	51
127	52	53
127	54	54
127	55	56
127	57	57
127	58	59
127	60	61
127	62	64
127	65	65
127	66	66
127	67	67
127	68	69
127	70	71
127	72	73
127	74	74
127	75	76
127	77	77
127	78	78

128	4	4
128	5	5
128	6	7
128	8	9
128	10	10
128	11	14
128	15	15
128	16	16
128	17	17
128	18	21
128	22	22
128	23	24
128	25	27
128	28	28

129	0	0
129	1	1
129	2	4

130	0	0
130	1	1
130	2	3
130	4	5
130	7	8
130	9	9
130	10	16
130	18	29
130	31	40
130	42	50

131	4	4
131	5	6
131	7	8
131	9	9
131	10	11
131	12	13
131	14	15
131	16	16
131	17	18
131	19	19
131	20	21
131	22	22
131	23	23
131	24	25
131	26	27
131	28	29
131	30	31
131	32	32
131	33	34
131	35	36
131	37	37

132	0	2
132	3	3
132	4	5

133	0	0
133	1	1
133	2	2
133	3	3
133	4	5
133	6	7
133	9	12
133	13	13
133	14	17
133	19	22
133	23	23
133	24	30
133	32	41
133	43	51

134	4	4
134	5	5
134	6	7
134	8	9
134	10	10
134	11	13
134	14	14
134	15	16
134	17	18
134	19	19
134	20	20
134	21	21
134	22	23
134	24	25
134	26	27
134	28	28
134	29	30
134	31	32
134	33	33
134	34	35
134	36	36
134	37	38
134	39	41
134	42	42

135	4	4
135	5	5
135	6	7
135	8	8
135	9	9
135	10	10
135	11	12
135	13	13
135	14	15
135	16	17
135	18	19
135	20	21
135	22	23
135	24	27
135	28	28
135	29	31
135	32	32
135	33	33
135	34	34
135	35	38
135	39	39
135	40	43
135	44	44
135	45	47
135	48	49
135	50	51
135	52	52

136	0	4

137	0	1
137	2	3
137	4	5
137	7	11
137	13	21
137	23	34
137	36	45
137	47	55

138	4	5
138	6	8
138	9	10
138	11	12
138	13	13
138	14	15
138	16	17
138	18	18

139	0	0
139	2	2
139	4	6

140	0	2
140	3	4
140	5	6
140	8	14
140	16	19
140	21	32
140	34	43
140	45	53

141	4	5
141	6	7
141	8	9
141	10	11
141	12	12
141	13	14
141	15	16
141	17	17

142	0	2
142	3	3
142	4	6

143	0	2
143	3	4
143	5	6
143	8	15
143	17	28
143	30	39
143	41	49

144	4	4
144	5	6
144	7	8
144	9	9
144	10	11
144	12	13
144	14	15
144	16	17
144	18	18
144	19	20
144	21	23
144	24	24
144	25	26
144	27	27
144	28	30
144	31	31
144	32	33
144	34	34
144	35	35

145	0	2
145	3	3
145	4	6

146	0	0
146	1	2
146	3	3
146	4	5
146	6	7
146	8	9
146	11	18
146	20	31
146	33	42
146	44	52
146	54	57
146	59	63
146	65	73
146	75	79

147	4	4
147	5	6
147	7	8
147	9	9
147	10	11
147	12	13
147	14	15
147	16	17
147	18	19
147	20	20
147	21	21
147	22	23
147	24	25
147	26	27
147	28	29
147	30	30
147	31	33
147	34	34
147	35	36
147	37	38
147	39	40
147	41	41
147	42	43
147	44	45
147	46	47
147	48	48

148	0	2
148	3	3
148	4	6

149	0	2
149	3	4
149	5	6
149	7	8
149	10	17
149	19	30
149	32	41
149	43	51
149	53	56
149	58	68

150	4	4
150	5	6
150	7	8
150	9	9
150	10	11
150	12	13
150	14	15
150	16	17
150	18	19
150	20	20
150	21	21
150	22	22
150	23	24
150	25	26
150	27	28
150	29	29
150	30	31
150	32	33
150	34	35
150	36	36
150	37	38
150	39	40
150	41	42
150	43	43

151	0	2
151	3	3
151	4	4

152	0	1
152	2	2
152	3	3
152	5	14
152	16	19

153	4	5
153	6	6
153	7	7
153	8	9
153	10	11
153	12	12
153	13	14
153	15	15

154	0	0
154	1	2
154	3	3
154	4	4
154	6	10
154	12	12
154	13	16
154	17	17
154	18	19
154	21	21
154	22	22
154	23	24
154	25	25

155	0	2
155	3	3
155	4	5

156	0	1
156	2	3
156	5	17
156	19	23

157	5	6
157	7	8
157	9	9
157	10	10
157	11	12
157	13	14
157	15	16
157	17	18
157	19	20
157	21	22
157	23	24
157	25	26
157	27	27
157	28	28
157	29	30
157	31	32
157	33	33
157	34	35
157	36	37
157	38	39
157	40	40
157	41	42
157	43	44
157	45	46
157	48	49
157	50	50
157	51	51
157	52	53
157	54	55
157	56	57
157	58	58
157	59	60
157	61	61
157	62	63
157	64	65
157	66	66

158	0	0
158	1	2
158	3	3
158	4	7
158	8	8
158	9	9
158	11	11
158	12	15
158	16	16
158	17	18
158	20	20
158	21	21
158	22	22
158	23	23

159	0	2
159	3	3
159	4	5

160	0	1
160	2	3
160	4	11
160	13	16

161	4	4
161	5	6
161	7	8
161	9	9
161	10	11
161	12	12
161	13	14
161	15	16
161	17	18
161	19	20
161	21	22
161	23	24
161	25	25
161	26	27
161	28	29
161	30	30
161	31	31
161	32	32
161	33	34
161	35	35
161	36	39
161	40	40

163	1	2
163	3	3
163	4	4
163	6	9
163	11	11
163	12	15

164	1	3
164	4	4
164	5	8
164	9	10
164	11	12
164	14	17
164	19	25

165	1	2
165	3	3
165	4	5
165	6	6
165	7	8
165	9	10
165	11	12
165	13	13
165	14	15
165	16	17
165	18	18
165	19	20
165	21	22
165	23	24
165	25	25
165	26	26
165	27	27
165	28	29
165	30	30
165	32	32
165	33	34
165	35	35
165	36	36
165	38	43
165	45	45
165	46	49
165	50	50
165	51	52
165	54	54
165	55	55
165	57	58
165	59	59

166	1	3
166	4	4
166	5	8
166	9	10
166	11	12
166	14	24

167	5	6
167	7	7
167	8	9
167	10	10
167	11	12
167	13	14
167	15	16
167	17	18
167	19	20
167	21	21
167	22	22
167	23	23
167	24	25
167	26	26

168	5	5
168	6	7
168	8	8
168	9	9
168	11	15
168	17	17
168	18	21
168	22	22
168	23	24
168	26	26
168	27	27
168	28	30
168	31	31

169	0	2
169	3	3
169	4	7
169	8	9
169	10	10
169	11	11
169	13	16
169	18	28
169	30	31
169	32	33
169	34	34
169	35	37
169	38	38
169	39	41
169	42	42
169	43	43
169	44	44
169	45	46
169	47	47

170	5	5
170	6	6
170	7	8
170	9	10
170	11	11
170	12	17
170	18	18
170	19	22
170	23	23
170	24	25
170	26	26
170	27	27
170	28	28
170	29	29

171	1	3
171	4	4
171	5	8
171	9	11
171	12	12
171	13	13
171	15	25
171	27	33

172	1	2
172	3	4
172	5	7
172	8	8
172	9	11
172	12	12
172	13	14
172	15	16
172	17	17
172	18	20
172	21	23
172	24	24
172	25	26
172	27	28
172	29	30
172	31	31
172	33	33
172	34	34
172	35	36
172	38	39
172	40	40
172	41	41
172	43	48
172	49	49
172	50	53
172	54	54
172	55	56
172	58	58
172	59	59
172	60	62
172	63	63

173	1	3
173	4	4
173	5	6

174	5	6
174	7	8
174	10	20
174	22	23
174	25	28
174	30	33

175	5	6
175	7	7
175	8	9
175	10	10
175	11	12
175	13	14
175	15	15
175	16	17
175	18	18

176	5	5
176	6	13
176	15	15
176	16	16
176	17	20
176	21	21
176	22	23
176	25	27
176	28	28
176	29	30
176	31	31

177	1	3
177	4	4
177	5	6

178	1	1
178	2	3
178	4	4
178	5	9
178	11	12
178	13	14
178	15	16
178	17	18
178	19	20
178	21	22
178	23	23
178	24	25
178	26	27
178	28	28

179	5	5
179	6	7
179	8	8
179	9	9
179	11	16
179	17	17
179	18	21
179	22	22
179	23	24
179	26	28
179	29	29
179	30	31
179	32	32

180	1	3
180	4	4
180	5	6

181	1	1
181	2	3
181	4	11
181	13	13
181	14	15
181	16	16
181	17	18
181	19	19
181	20	21
181	22	22
181	23	23
181	24	24
181	25	28
181	29	29
181	30	30
181	31	32
181	33	33

182	1	1
182	2	3
182	4	4
182	5	5
182	7	12
182	13	13
182	14	17
182	18	18
182	19	20
182	22	24
182	25	25
182	26	26
182	27	27

183	1	1
183	2	2
183	3	4

184	5	6
184	8	14
184	16	19

185	5	5
185	6	9
185	10	11
185	12	13
185	14	14
185	15	16
185	17	17
185	18	18
185	19	19
185	20	20

186	1	3
186	4	5

187	5	6
187	7	8
187	9	10
187	11	12
187	13	14
187	15	15

188	1	3
188	4	5
188	6	6
188	7	8
188	9	9
188	10	11

189	5	6
189	7	7
189	8	9
189	10	12
189	13	14
189	15	15
189	16	16

190	0	0
190	1	1
190	2	2

195	0	0
195	1	2
195	3	3
195	4	5

196	0	2
196	3	3
196	4	4
196	5	6
196	7	8
196	9	9
196	10	11

197	5	6
197	7	8
197	9	10
197	11	12
197	13	14
197	15	16
197	17	17
197	18	19
197	20	21
197	22	23
197	24	24
197	25	26
197	27	28
197	29	30
197	31	33
197	34	35
197	36	36
197	37	37
197	38	39
197	40	41
197	42	43
197	44	46
197	47	47

198	0	0
198	1	1
198	2	2

199	0	0
199	1	1
199	2	2
199	3	5

200	5	6
200	7	7

205	0	0
205	1	1
205	2	3
205	4	5
205	6	7
205	8	10

210	0	0
210	1	1
210	2	3
210	4	5
210	6	7
210	8	10

211	0	2
211	3	3
211	4	4
211	5	6
211	7	8
211	9	9
211	10	11

212	4	5
212	6	7
212	8	9
212	10	11
212	12	13
212	14	15
212	16	16
212	17	18
212	19	20
212	21	22
212	23	23
212	24	24
212	25	26
212	27	27
212	28	29
212	30	31
212	32	33
212	34	34
212	35	37
212	38	39
212	40	41
212	42	43
212	44	44

213	4	5
213	6	7
213	8	10
213	11	12
213	13	13
213	14	14
213	15	16
213	17	18
213	19	20
213	21	23
213	24	25
213	26	26
213	27	27
213	28	28
213	29	30
213	31	31
213	32	33
213	34	35
213	36	37
213	38	40
213	41	42
213	43	43
213	44	44
213	45	47
213	49	50
213	51	52
213	53	54
213	55	57
213	58	59
213	60	60
213	61	61

222	0	1
222	2	2

223	0	0
223	1	1
223	2	2

224	0	0
224	2	2

225	0	0
225	1	3
225	4	5
225	6	7
225	8	9
225	10	11
225	12	13
225	14	14
225	16	16
225	17	17
225	18	19
225	20	21
225	22	23
225	24	25
225	26	27
225	28	29
225	30	30

226	0	0
226	1	1
226	2	3
226	4	5
226	6	7
226	8	9
226	10	10
226	11	12
226	13	13

227	0	0
227	1	1
227	2	3
227	4	5
227	6	7
227	8	9
227	10	10
227	11	12
227	13	13

228	0	1
228	2	2

229	0	1
229	2	2

230	0	0
230	2	2
230	3	3
230	4	5
230	6	7
230	8	8
230	9	10
230	11	11

231	0	0
231	1	2
231	3	4
231	5	6
231	7	7
231	8	9
231	10	10

232	0	0
232	2	2
232	3	4
232	5	6
232	7	8
232	9	10
232	11	12
232	13	14
232	15	15
232	16	17
232	18	18

233	0	0
233	1	1
233	2	2

234	0	1
234	2	3
234	4	5
234	6	6

235	0	1

238	0	1
238	2	2

239	1	1
239	2	2
239	3	4
239	5	6
239	7	8
239	9	10
239	11	12
239	13	14
239	15	15
239	16	17
239	18	18

240	1	1
240	3	4
240	5	6
240	7	8
240	9	10
240	11	11
240	12	13
240	14	14

241	1	1
241	3	3
241	4	5
241	6	7
241	8	8
241	9	10
241	11	11

242	0	1
242	2	3
242	4	5
242	6	7
242	8	9
242	10	10
242	11	12
242	13	13

243	1	1
243	2	2
243	3	4
243	5	6
243	7	8
243	9	10
243	11	12
243	13	14
243	15	15
243	16	17
243	18	18

244	0	0
244	1	1
244	2	3
244	4	5
244	6	7
244	8	9
244	10	11
244	12	13
244	14	14

245	0	0
245	1	1
245	2	2
245	3	4
245	5	6
245	7	8
245	9	10
245	11	11
245	12	13
245	14	14

246	0	0
246	1	2
246	3	4
246	5	6
246	7	7
246	8	9
246	10	10

247	0	0
247	1	2
247	3	4
247	5	6
247	7	8
247	9	9
247	10	11
247	12	12

248	0	0
248	1	1
248	2	2
248	3	4
248	5	6
248	7	8
248	9	10
248	11	12
248	13	13

249	0	1
249	2	2

250	0	1
250	2	2

251	0	0
251	1	1
251	2	3
251	4	5
251	6	7
251	8	10

324	0	0

330	0	5

333	0	0
333	1	1
333	2	2
333	3	3
333	4	4
333	5	5

334	0	0
334	1	1
334	2	2
334	3	3
334	4	4
334	5	5
334	6	6

335	0	0
335	1	1
335	2	2
335	3	3
335	4	4
335	5	5

351	0	1
351	2	2

352	0	0
352	1	3
352	4	5
352	6	7
352	8	9
352	10	11
352	12	13
352	14	14
352	15	16
352	17	17
352	19	19
352	21	22
352	23	24
352	25	26
352	27	28
352	29	29
352	30	31
352	32	32

353	0	0
353	2	2
353	3	4
353	5	6
353	7	7
353	8	9
353	10	10

354	0	1
354	2	3
354	4	5
354	6	7
354	8	9
354	10	10
354	11	12
354	13	13

355	0	0
355	1	1
355	2	3
355	4	5
355	6	7
355	8	9
355	10	11
355	12	13
355	14	14
355	15	16
355	17	17
355	19	20
355	21	23
355	24	25
355	26	27
355	28	29
355	30	30
355	31	32
355	33	33

356	0	0
356	1	1
356	2	3
356	4	5
356	6	7
356	8	9
356	10	11
356	12	13
356	14	14
356	15	16
356	17	17

357	0	0
357	1	1
357	2	3
357	4	5
357	6	7
357	8	9
357	10	10
357	11	12
357	13	13

358	0	0
358	2	2
358	3	4
358	5	6
358	7	7
358	8	9
358	10	10

359	0	1
359	2	3
359	4	5
359	6	7
359	8	9
359	10	10
359	11	12
359	13	13
359	15	16
359	17	18
359	19	20
359	21	22
359	23	24
359	25	26
359	27	28
359	29	29
359	30	31
359	32	32

362	0	0
362	1	1
362	2	2
362	3	4
362	5	5
362	6	7
362	8	9
362	10	11
362	12	14

366	4	4
366	5	5
366	6	6
366	7	9
366	10	11
366	12	13
366	14	15
366	16	17
366	18	20

367	0	1
367	2	2

368	1	1
368	2	2
368	3	3
368	4	5
368	6	7
368	8	9
368	10	11
368	12	13
368	14	15
368	16	16
368	17	18
368	19	19
368	21	21
368	22	22
368	23	24
368	25	26
368	27	28
368	29	30
368	31	32
368	33	34
368	35	35
368	36	37
368	38	38
368	40	40
368	41	41
368	42	43
368	44	45
368	46	47
368	48	49
368	50	50
368	51	52
368	53	53

369	1	1
369	2	2
369	3	3
369	4	5
369	6	7
369	8	9
369	10	11
369	12	12
369	13	14
369	15	15

370	1	1
370	3	3
370	4	5
370	6	7
370	8	8
370	9	10
370	11	11

371	1	1
371	3	3
371	4	5
371	6	7
371	8	8
371	9	10
371	11	11

372	0	1
372	2	2
372	3	3
372	4	5
372	6	7
372	8	9
372	10	10
372	11	12
372	13	13
372	15	15
372	16	16
372	17	17
372	18	19
372	20	21
372	22	23
372	24	24
372	25	26
372	27	27

373	0	0
373	2	2
373	3	3
373	4	5
373	6	7
373	8	9
373	10	11
373	12	13
373	14	15
373	16	16
373	17	18
373	19	19

374	0	0
374	2	2
374	3	3
374	4	5
374	6	7
374	8	9
374	10	11
374	12	13
374	14	14
374	15	16
374	17	17
374	19	20
374	21	22
374	23	24
374	25	26
374	27	27
374	28	29
374	30	30

377	0	0
377	1	1
377	2	4
377	5	6
377	7	8
377	9	10
377	11	13

380	0	0
380	1	2
380	3	4

381	0	2
381	3	4
381	5	6
381	7	9
381	10	11
381	12	13

382	0	2
382	3	3
382	4	4
382	5	6
382	7	8
382	9	11

383	0	2
383	3	3
383	4	6
383	7	8
383	9	10
383	11	13
383	14	15
383	16	16
383	17	20
383	21	21
383	22	22
383	23	27
383	28	30
383	31	32
383	33	35
383	36	36
383	37	41
383	42	42
383	43	44
383	45	46
383	47	48
383	49	51
383	52	52
383	54	54
383	55	56
383	57	57
383	58	58
383	59	61
383	62	63
383	64	64
383	65	65
383	66	66
383	67	70
383	71	71
383	72	73
383	74	74
383	75	75

384	0	2
384	3	3
384	4	6
384	7	9
384	10	11
384	12	12
384	13	14
384	15	16
384	17	17
384	18	18
384	19	20
384	21	21
384	22	23
384	24	24
384	25	26
384	27	27
384	28	30
384	31	32
384	33	33
384	34	35
384	36	36
384	37	37
384	38	39
384	40	40

385	0	2
385	3	3
385	4	6
385	7	9
385	10	13
385	14	14
385	15	16
385	17	17
385	18	20
385	21	21

386	0	2
386	3	3
386	4	9
386	10	11
386	12	12
386	13	14
386	15	16
386	17	18
386	19	20
386	21	21
386	22	23
386	24	25
386	26	28
386	29	29
386	30	32
386	33	33
386	34	34
386	35	36
386	37	37
386	38	39
386	40	43
386	44	44
386	45	45
386	46	50
386	51	51
386	53	57
386	58	59
386	60	61
386	62	63
386	64	64
386	65	66
386	67	68
386	69	71
386	72	72
386	73	75
386	76	76
386	77	77
386	78	79
386	80	80
386	81	81
386	82	82
386	83	87
386	88	90
386	91	92
386	93	95
386	96	96
386	97	101
386	102	102
386	104	109
386	110	111
386	112	113
386	114	115
386	116	116
386	117	118
386	119	120
386	121	123
386	124	124
386	125	127
386	128	128
386	129	129
386	130	130
386	131	135
386	136	136
386	137	138
386	139	140
386	141	142
386	143	143
386	144	146
386	147	147

387	0	2
387	3	3
387	4	6
387	7	8
387	9	10
387	11	13
387	14	15
387	16	17
387	18	19
387	20	22
387	23	23
387	24	25
387	26	26
387	27	28
387	29	29
387	30	30

388	0	2
388	3	3
388	4	4
388	5	6
388	7	8
388	9	11
388	12	12
388	13	14
388	15	15
388	16	17
388	18	18

389	0	2
389	3	3
389	4	6
389	7	8
389	9	10
389	11	13

390	4	5
390	6	7
390	8	10
390	11	11
390	12	13
390	14	16
390	18	20
390	21	21
390	22	23
390	24	24
390	25	29
390	30	30
390	31	32
390	33	34
390	35	36
390	37	38
390	39	39
390	40	41
390	42	43
390	44	46
390	47	47
390	48	50
390	52	52
390	53	54
390	55	56
390	57	58
390	59	59
390	60	60
390	61	62
390	63	63
390	64	64
390	65	69
390	70	70
390	71	72
390	73	74
390	75	76
390	77	78
390	79	79
390	80	81
390	82	83
390	84	86
390	87	87
390	88	90
390	91	91
390	92	93
390	94	95
390	96	97
390	98	98
390	100	101
390	102	103
390	104	106
390	107	107
390	108	108
390	109	110
390	111	112
390	113	115
390	116	116
390	117	118
390	119	120
390	121	122
390	123	123
390	124	124
390	125	125
390	126	126

391	0	2
391	3	3
391	4	6
391	7	8
391	9	10
391	11	12
391	13	13
391	14	15
391	16	16

392	4	5
392	6	7
392	8	9
392	10	10
392	11	12
392	13	14
392	15	16
392	17	18
392	19	19
392	20	23
392	24	24
392	25	26
392	27	27
392	28	29
392	30	30
392	31	32
392	33	34
392	35	35
392	36	37
392	38	38
392	39	40
392	41	41
392	42	43
392	44	45
392	46	47
392	48	48
392	50	50
392	51	52
392	53	53
392	54	55
392	56	57
392	58	58

393	0	2
393	3	3
393	4	4
393	5	6
393	7	8
393	9	11

394	4	5
394	6	7
394	8	9
394	10	10
394	11	11
394	12	12
394	13	14
394	15	15
394	16	18
394	19	19
394	20	23
394	24	24
394	25	26
394	27	28
394	29	30
394	31	31

395	4	5
395	6	8
395	9	10
395	11	11
395	12	14
395	15	15
395	16	17
395	18	19
395	20	21
395	22	22
395	23	23
395	25	30
395	31	31
395	32	35
395	36	36
395	37	38
395	39	39
395	40	40
395	41	42
395	43	44
395	45	45
395	46	47
395	48	48
395	49	49
395	50	50
395	51	52
395	53	53

396	0	2
396	3	3
396	4	4
396	5	6
396	7	8
396	9	10

397	4	5
397	6	6
397	7	7
397	8	9
397	10	13
397	14	14
397	15	16
397	17	17
397	18	18

398	0	2
398	3	4
398	5	5
398	6	7
398	8	9
398	10	13

399	0	2
399	3	3
399	4	4
399	5	6
399	7	7
399	8	9

400	0	2
400	3	3
400	4	6
400	7	7
400	8	9
400	10	11
400	12	13
400	14	14
400	15	16
400	17	17
400	18	18
400	19	20
400	21	21
400	22	22
400	23	24
400	25	26
400	27	27
400	28	28
400	29	29
400	30	33
400	34	35
400	36	37
400	38	38

401	0	2
401	3	3
401	4	6
401	7	8
401	9	10
401	11	12
401	13	14
401	15	17
401	18	18
401	19	19
401	20	20
401	21	22
401	23	24
401	25	25
401	26	27
401	28	28
401	29	29
401	30	31
401	32	32
401	33	33

402	0	2
402	3	3
402	4	6
402	7	8
402	9	10
402	11	12
402	13	13
402	14	15
402	16	17
402	18	19
402	20	20
402	21	21
402	22	22
402	23	23
402	24	25
402	26	28
402	29	29
402	30	31
402	32	32
402	33	33
402	34	35
402	36	36
402	37	40
402	41	41
402	42	43
402	44	44

403	4	5
403	6	6
403	7	8
403	9	9
403	10	11
403	12	12
403	13	14
403	15	15
403	16	17
403	18	19
403	20	21
403	22	26
403	27	28
403	29	30
403	31	31

404	0	0
404	1	4
404	5	5
404	7	10
404	11	11
404	12	14
404	15	15
404	16	16
404	17	17
404	18	20
404	21	21
404	23	26
404	27	27
404	28	30
404	31	31

405	0	0
405	1	4
405	5	5
405	7	10
405	11	11
405	12	14
405	16	16
405	18	18
405	19	19
405	20	20
405	22	25
405	26	26
405	27	29
405	31	31

406	0	0
406	1	4
406	5	5
406	7	10
406	11	11
406	12	14
406	15	15
406	16	16
406	17	17
406	18	24
406	25	25
406	26	28
406	29	29
406	30	30

407	4	5
407	6	6
407	7	8
407	9	10
407	11	12
407	13	14
407	15	15
407	16	18
407	19	21
407	22	23
407	24	24
407	25	26
407	27	28
407	29	30
407	31	31
407	32	32
407	33	35
407	36	36
407	37	38
407	39	40
407	41	41
407	42	42
407	43	43
407	44	47
407	48	49
407	50	51
407	52	52

408	4	5
408	6	6
408	7	8
408	9	12
408	13	13
408	14	15
408	16	16
408	17	17
408	18	18
408	19	20
408	21	21

409	0	0
409	1	1
409	2	3
409	4	4
409	5	6
409	7	10

411	0	2
411	3	3
411	4	4
411	5	6
411	7	8

412	0	2
412	3	3
412	4	6
412	7	8
412	9	10
412	11	12
412	13	13
412	14	14
412	15	16
412	17	18
412	19	19
412	20	21
412	22	22
412	23	23
412	24	24
412	25	25
412	26	26
412	27	27
412	28	28
412	29	29
412	30	31
412	32	33
412	34	35
412	36	36
412	37	38
412	39	39
412	40	40
412	41	42
412	43	43
412	44	44
412	45	46
412	47	47
412	49	50
412	51	52
412	53	53
412	54	55
412	56	56
412	57	57
412	58	59
412	60	60
412	61	62
412	63	64
412	65	65
412	66	66
412	67	67
412	68	71
412	72	73
412	74	75
412	76	76

413	5	5
413	6	6
413	7	8
413	9	9
413	10	11
413	12	13
413	15	16
413	17	17
413	18	19

414	0	1
414	2	3
414	4	5
414	6	7
414	9	9
414	11	11
414	13	13

415	0	1
415	2	2
415	3	4
415	5	6
415	7	8
415	9	9
415	11	14
415	16	19
415	21	24

417	0	2
417	3	3
417	4	4
417	6	6
417	7	8
417	9	10
417	11	12
417	13	13
417	14	14
417	15	16
417	17	18
417	19	19
417	20	21
417	22	22
417	23	23
417	24	24
417	25	25
417	26	26
417	27	27
417	28	28
417	29	29
417	30	31
417	32	33
417	34	35
417	36	36
417	37	38
417	39	39
417	40	40
417	41	42
417	43	43
417	44	44
417	45	46
417	47	47
417	49	50
417	51	52
417	53	53
417	54	55
417	56	56
417	57	58
417	59	59
417	60	60
417	61	62
417	63	63
417	64	65
417	66	67
417	68	68
417	69	69
417	70	73
417	74	75
417	76	77
417	78	78

418	1	1
418	2	2
418	3	4
418	5	5
418	6	7
418	8	9
418	10	10
418	11	12
418	14	15
418	16	16
418	17	18

419	0	1
419	2	3
419	4	5
419	6	7
419	9	9
419	11	11
419	13	13

420	0	1
420	2	2
420	3	4
420	5	6
420	7	8
420	9	9
420	11	14
420	16	19
420	21	24

421	0	1
421	2	2
421	3	4
421	5	6
421	7	8
421	9	9
421	11	14
421	16	19
421	21	24

423	0	2
423	3	3
423	4	6
423	7	8
423	9	10
423	11	11
423	12	14
423	15	15
423	16	17
423	18	19
423	20	21
423	22	22
423	23	24
423	25	25
423	26	26
423	27	28
423	29	29
423	30	30

424	0	2
424	3	3
424	4	6
424	7	8
424	9	10
424	11	12
424	13	13
424	14	14
424	15	15
424	16	20
424	21	21

425	0	2
425	3	3
425	4	6
425	7	8
425	9	9
425	10	11
425	12	13
425	14	15
425	16	20
425	21	21
425	22	26
425	27	27
425	28	29
425	30	30

426	0	2
426	3	3
426	4	4
426	5	6
426	7	8

427	0	2
427	3	3
427	4	6
427	7	8
427	9	10
427	11	11
427	12	12
427	13	14
427	15	16
427	17	18
427	19	20
427	21	21
427	22	22
427	23	23
427	24	24
427	25	26
427	27	27
427	28	28

428	0	2
428	3	3
428	4	4
428	6	6
428	7	8
428	9	9
428	10	11
428	12	13
428	14	15
428	16	16
428	17	18
428	19	20
428	21	24
428	25	25
428	26	27
428	28	28
428	29	29
428	30	31
428	32	32
428	33	33
428	34	35
428	36	37
428	38	38
428	39	39
428	40	40
428	41	44
428	45	46
428	47	48
428	49	49

429	0	2
429	3	3
429	4	6
429	7	8
429	9	10
429	11	12
429	13	14
429	15	17
429	18	18
429	19	19
429	20	20
429	21	22
429	23	24
429	25	25
429	26	27
429	28	28
429	29	29
429	30	31
429	32	32
429	33	33

430	0	2
430	3	3
430	4	6
430	7	8
430	9	10
430	11	11
430	13	13
430	14	15
430	16	16
430	17	17
430	18	18
430	19	19
430	20	21
430	22	23
430	24	25
430	26	27
430	28	29
430	30	30
430	31	31
430	32	33
430	34	34
430	35	35
430	36	36
430	37	38
430	39	40
430	41	42
430	43	44
430	45	46
430	47	47
430	49	49
430	50	50
430	51	51
430	52	52
430	53	59
430	60	60
430	61	61
430	63	63
430	64	65
430	66	67
430	68	68
430	69	71
430	72	72
430	73	73
430	74	74
430	75	76
430	77	78
430	79	80
430	81	82
430	83	84
430	85	86
430	87	88
430	89	90
430	91	91
430	92	92
430	93	94
430	95	96
430	97	97
430	98	98
430	99	100
430	102	103
430	104	105
430	106	107
430	108	108

433	0	2
433	3	3
433	4	6
433	7	8
433	9	9
433	10	11
433	12	13
433	14	15
433	17	17
433	18	18
433	19	19
433	20	20
433	21	23
433	24	24
433	25	26
433	27	27
433	28	29
433	30	30

434	0	0
434	1	2
434	3	4
434	5	5
434	6	7
434	8	8
434	9	10
434	12	14
434	15	16
434	18	20
434	21	21
434	22	22
434	23	24
434	25	26
434	27	27
434	28	29
434	30	30
434	31	32
434	33	33
434	34	34
434	35	36
434	37	38
434	39	39
434	40	41
434	42	42
434	43	44
434	45	45
434	46	49
434	50	50
434	51	52
434	53	53
434	54	55
434	56	56
434	57	58
434	59	60
434	61	61
434	62	62
434	63	64
434	66	66
434	67	68
434	69	69
434	70	72
434	73	73
434	74	75
434	76	76
434	77	77
434	78	79
434	80	81
434	82	82
434	83	84
434	85	85

435	0	2
435	3	3
435	4	4
435	5	7
435	8	9
435	10	10
435	11	12
435	13	13
435	14	15
435	16	16
435	17	17
435	18	19
435	20	21
435	22	24
435	25	26
435	27	27
435	28	29
435	30	30

436	0	2
436	3	3
436	4	4
436	5	6
436	7	7
436	8	9
436	10	10
436	11	12
436	13	14
436	15	15
436	16	17
436	18	19
436	20	20
436	21	22
436	23	23
436	24	25
436	26	27
436	28	28
436	29	30
436	31	31
436	32	33
436	34	34
436	35	36
436	37	37
436	38	38
436	39	40
436	41	42
436	43	43
436	44	45
436	46	46
436	48	49
436	50	50
436	51	51
436	52	53
436	54	55
436	56	56
436	57	58
436	59	59
436	60	61
436	62	62
436	63	64
436	65	67
436	68	69
436	70	71
436	72	73
436	74	75
436	76	76
436	77	77
436	78	79
436	80	80
436	81	82
436	83	84
436	85	85
436	86	87
436	88	88

437	0	2
437	3	4
437	5	6

438	5	6
438	7	7
438	8	9
438	10	10
438	11	12
438	13	14
438	15	15
438	16	17
438	18	19
438	20	20
438	21	22
438	23	24
438	25	25
438	26	27
438	28	28
438	29	32
438	33	33
438	34	35
438	36	36
438	37	38
438	39	39
438	40	40
438	42	47
438	48	48
438	49	52
438	53	53
438	55	56
438	57	57
438	58	64
438	65	65
438	66	67
438	68	68
438	69	75
438	77	77
438	79	80
438	81	81
438	82	87
438	88	88
438	89	92
438	93	93
438	94	95
438	96	96
438	97	102
438	103	103
438	104	105
438	106	106
438	107	112
438	114	114
438	115	116
438	117	118
438	119	119
438	120	121
438	122	123
438	124	125
438	126	126
438	128	130
438	131	132
438	133	134
438	135	135
438	136	137
438	138	138

439	0	2
439	3	3
439	4	4
439	5	6
439	7	8

440	0	2
440	3	3
440	4	6
440	9	10
440	11	12
440	13	13
440	14	17
440	19	24
440	25	25
440	26	29
440	30	30
440	31	32
440	33	34
440	35	36
440	37	37

441	0	2
441	3	3
441	4	6

442	4	4
442	5	5
442	8	8
442	9	10
442	11	12
442	13	14
442	15	15
442	16	16
442	17	18
442	19	19
442	20	20
442	21	22
442	23	24
442	25	26
442	27	27
442	29	30
442	31	33
442	34	34

443	1	2
443	3	4
443	5	5
443	6	9
443	10	11
443	13	13
443	15	18
443	19	20
443	21	21

444	4	4
444	5	5
444	8	8
444	9	9
444	10	12
444	13	13
444	14	14

445	1	1
445	2	2
445	4	5
445	6	7
445	8	9
445	10	10
445	11	14
445	15	16
445	17	17
445	18	21
445	22	23
445	24	24
445	25	25

446	1	1
446	2	2
446	4	4
446	5	6
446	7	8
446	9	9
446	10	13
446	14	15
446	16	16
446	17	20
446	22	23
446	24	24

448	0	2
448	3	3
448	4	4
448	5	6
448	7	8
448	9	9
448	10	11
448	12	13
448	14	14
448	15	15
448	16	17
448	18	18
448	19	19

449	0	2
449	3	4
449	5	5
449	6	7
449	8	9
449	10	11
449	12	15

450	5	6
450	7	7
450	8	9
450	10	11
450	12	13
450	14	14
450	15	17
450	18	18
450	19	20
450	21	21
450	22	23
450	24	24

451	0	2
451	3	4
451	5	6

452	0	2
452	3	3
452	4	4
452	5	6
452	7	7
452	8	9
452	10	11
452	12	14
452	15	15
452	16	18
452	19	19
452	20	22
452	23	24
452	25	26

453	0	1
453	2	2
453	3	4
453	5	6
453	7	9
453	10	10
453	11	13
453	14	14
453	15	17
453	18	19
453	20	21
453	22	23
453	24	25
453	26	26
453	27	33
453	34	34
453	35	38
453	39	40
453	41	42
453	43	43
453	44	45
453	46	47
453	48	48
453	50	51
453	52	53
453	54	54

454	5	5
454	6	6
454	8	12
454	13	13
454	14	15
454	16	16
454	17	17
454	18	18
454	19	20
454	21	21
454	22	22
454	23	23
454	24	24
454	25	26
454	27	28
454	29	30
454	31	31
454	32	33
454	34	36
454	37	37
454	39	39
454	40	40
454	41	41
454	42	42
454	43	44
454	45	47
454	48	48

455	5	5
455	6	6
455	8	12
455	13	13
455	14	18
455	19	19
455	21	21
455	22	22
455	23	24
455	25	25
455	26	26
455	27	27
455	28	28
455	29	30
455	31	32
455	33	34
455	35	35
455	36	37
455	38	40
455	41	41
455	43	43
455	44	44
455	45	45
455	46	46
455	47	48
455	49	51
455	52	52

456	5	5
456	6	6
456	8	13
456	14	14
456	16	16
456	17	17
456	18	19
456	20	20
456	21	21
456	22	22
456	23	23
456	24	25
456	26	27
456	28	29
456	30	30
456	31	32
456	33	35
456	36	36
456	38	38
456	39	39
456	40	40
456	41	41
456	42	43
456	44	46
456	47	47

457	0	2
457	3	3
457	4	4
457	5	6
457	7	8
457	9	11
457	12	13
457	14	15
457	16	17
457	18	20
457	21	21
457	22	24
457	25	26
457	27	28
457	30	32
457	33	33
457	34	36
457	38	39

458	5	6
458	7	8
458	9	9
458	10	11
458	12	13
458	14	15
458	16	16

459	5	5
459	6	6
459	8	9
459	10	11
459	12	14
459	15	15
459	16	17
459	18	18
459	19	20
459	21	22
459	23	24
459	25	25
459	26	27
459	28	29
459	30	31
459	32	32

460	0	0
460	1	1
460	3	3
460	4	5
460	6	8
460	9	9
460	10	11
460	12	16
460	17	17
460	18	18
460	19	20
460	21	21
460	22	23
460	24	25
460	26	27
460	28	29
460	30	31
460	32	32
460	33	33
460	34	34
460	35	36
460	37	39
460	40	40
460	41	41

461	0	0
461	1	1
461	3	3
461	4	6
461	7	8
461	9	13
461	14	14
461	15	16
461	17	18
461	19	23
461	24	24
461	25	25
461	26	26
461	27	27
461	28	28
461	29	30
461	31	31
461	32	33
461	34	35
461	36	37
461	38	39
461	40	40
461	41	41
461	42	42
461	43	44
461	46	48
461	49	49
461	51	51
461	52	53
461	54	55
461	56	56
461	57	58
461	59	60
461	61	61
461	62	62
461	63	64
461	65	66
461	67	67
461	68	68

462	5	5
462	6	6
462	8	9
462	10	11
462	12	13
462	14	15
462	16	16

463	0	0
463	1	1
463	3	3
463	4	5
463	6	6
463	7	7
463	8	8
463	9	10
463	11	11
463	12	13
463	14	14
463	15	15
463	16	16
463	17	17
463	18	18
463	19	20
463	21	24
463	25	25
463	26	27
463	28	32
463	33	33
463	34	35
463	36	37
463	38	38
463	39	40
463	41	42
463	43	44
463	46	47
463	48	49
463	50	50

464	0	0
464	1	1
464	3	3
464	4	5
464	6	6
464	7	7
464	8	8
464	9	10
464	11	11
464	12	13
464	14	14
464	15	15
464	16	16
464	17	17
464	18	18
464	19	20
464	21	21
464	22	23
464	24	25
464	26	27
464	28	29
464	30	30

465	0	2
465	3	3
465	4	6
465	7	8
465	9	10

466	5	6
466	7	8
466	9	11
466	12	13
466	14	15
466	16	17
466	18	20
466	21	21
466	22	24
466	25	26
466	27	28
466	29	29
466	30	31
466	32	32

467	0	0
467	1	1
467	3	4
467	5	6
467	7	7
467	8	8
467	9	13
467	14	14
467	15	16
467	17	17
467	18	18
467	19	20
467	21	21
467	22	23
467	24	24
467	25	26
467	27	30
467	31	31
467	32	33
467	34	38
467	39	39
467	40	41
467	42	42
467	43	44
467	45	46
467	47	47
467	48	48
467	50	50
467	51	52
467	53	54
467	55	56
467	57	58
467	59	59
467	60	60
467	61	62
467	63	66

468	0	0
468	1	1
468	3	4
468	5	6
468	7	7
468	8	8
468	9	13
468	14	14
468	15	15
468	16	17
468	18	18
468	19	20
468	21	21
468	22	23
468	24	26
468	27	27
468	28	29
468	30	31
468	32	36
468	37	37
468	38	39
468	40	40
468	41	42
468	43	44
468	45	45
468	46	47
468	48	49
468	51	52
468	53	54
468	55	56
468	57	57
468	58	58
468	59	60
468	61	63
468	64	66

469	0	0
469	1	1
469	2	3
469	4	5
469	6	6
469	7	7
469	8	12
469	13	13
469	14	14
469	15	16
469	17	17
469	18	19
469	20	20
469	21	22
469	23	26
469	27	27
469	28	29
469	30	34
469	35	35
469	36	37
469	38	38
469	39	40
469	41	42
469	43	43
469	44	45
469	46	47
469	49	50
469	51	52
469	53	54
469	55	55
469	56	56
469	57	58
469	59	61
469	62	63
469	64	64

470	0	2
470	3	5

471	0	2
471	3	3
471	4	4
471	6	7
471	8	8
471	9	9
471	10	10
471	11	11
471	12	14
471	15	15
471	16	19
471	20	20
471	21	23
471	24	24
471	25	27
471	28	28
471	29	29
471	30	30

472	0	2
472	3	3
472	4	4
472	5	6
472	7	7
472	8	9
472	10	11
472	12	14
472	15	15
472	16	18
472	19	19
472	20	21
472	22	23
472	24	26
472	27	28
472	29	30
472	31	32
472	33	35
472	36	36
472	37	38
472	39	39
472	40	40
472	41	42
472	43	43
472	44	50
472	51	51
472	53	56
472	57	57
472	58	59
472	60	61
472	62	63
472	64	64

473	0	2
473	3	4
473	5	6

474	0	2
474	3	3
474	4	4
474	5	6
474	7	8

475	5	6
475	7	7
475	8	12
475	13	13
475	14	14
475	15	15
475	16	18
475	19	20
475	21	22
475	23	23
475	24	24
475	25	26
475	27	27
475	28	29
475	30	31
475	32	33
475	34	35
475	36	37
475	38	38
475	39	40
475	41	42
475	43	43
475	44	45
475	46	46
475	47	50
475	51	51
475	53	54
475	55	56
475	57	57
475	58	59
475	60	60
475	61	61
475	63	63
475	64	64
475	65	66
475	67	67
475	68	68
475	69	70
475	71	72
475	73	74
475	75	77
475	78	78
475	79	79
475	80	80
475	81	81
475	82	82
475	83	83
475	84	84
475	85	86
475	87	87
475	88	89
475	90	92
475	93	93
475	94	94
475	95	96
475	97	97
475	98	99
475	100	101
475	102	103
475	104	105
475	106	106
475	108	110
475	111	111
475	112	112
475	113	114
475	115	115
475	116	117
475	118	119
475	120	122
475	123	123
475	124	126
475	127	127
475	128	128
475	129	129
475	130	132
475	133	134
475	135	136

476	5	6
476	7	8
476	9	10
476	11	12
476	13	13
476	14	15
476	16	17
476	18	20
476	21	21
476	22	24
476	25	25
476	26	26
476	27	27
476	28	30
476	31	32
476	33	34
476	35	36
476	37	37

477	0	0
477	1	1
477	3	7
477	8	8
477	9	10
477	11	11
477	12	13
477	14	15
477	16	16
477	17	17
477	18	19
477	20	21
477	22	22
477	23	25
477	26	26

478	0	0
478	1	1
478	3	7
478	8	8
478	9	13
478	14	14
478	15	16
478	17	18
478	19	19
478	20	20
478	21	22
478	23	24
478	25	25
478	26	28
478	29	29

479	0	0
479	1	1
479	3	8
479	9	9
479	10	11
479	12	13
479	14	14
479	15	15
479	16	17
479	18	18
479	20	21
479	22	22
479	23	26

480	0	2
480	3	3
480	4	4
480	5	6
480	7	8
480	9	11
480	12	13
480	14	15
480	16	17
480	18	20
480	21	21
480	22	23
480	24	26

481	4	5
481	6	7
481	8	8
481	9	9
481	10	11
481	12	12
481	13	13
481	14	15
481	16	16
481	17	17
481	18	18
481	19	20
481	21	22
481	23	24
481	25	25

482	4	5
482	6	7
482	8	9
482	10	11
482	12	13
482	14	16
482	17	18
482	19	20
482	21	22
482	23	25
482	26	26
482	27	27
482	28	28
482	29	31
482	32	33
482	34	35
482	36	37
482	38	38

483	4	4
483	5	5
483	7	8
483	9	10
483	11	11
483	12	12
483	13	17
483	18	18
483	19	20
483	21	21
483	22	23
483	24	25
483	26	26
483	27	27
483	28	29
483	30	31
483	32	32
483	33	35
483	36	36

484	0	0
484	1	1
484	3	4
484	5	6
484	7	7
484	8	8
484	9	13
484	14	14
484	15	16
484	17	18
484	19	19
484	20	20
484	21	22
484	23	24
484	25	25
484	26	28
484	29	29

485	0	0
485	1	1
485	3	4
485	5	6
485	7	8
485	9	13
485	14	14
485	15	16
485	17	18
485	19	19
485	20	20
485	21	22
485	23	25
485	26	26
485	27	30

486	0	2
486	3	4
486	5	7
486	8	8
486	9	11

487	0	2
487	3	3
487	4	4
487	5	6
487	7	7
487	8	9
487	10	11
487	12	14
487	15	15
487	16	18
487	19	19
487	20	22
487	23	23
487	24	25
487	26	28
487	29	29
487	30	32
487	33	33
487	34	34
487	35	36
487	37	37
487	38	38
487	40	45
487	46	46
487	47	48
487	49	50
487	51	51

488	0	2
488	3	3
488	4	4
488	5	6
488	7	8
488	9	11
488	12	13
488	14	15
488	16	17
488	18	20
488	21	21
488	22	24
488	25	25
488	26	27
488	28	30
488	31	31
488	32	34
488	35	36
488	37	38
488	39	39
488	40	41
488	42	42
488	43	45
488	46	46
488	47	49

489	0	0
489	1	2
489	3	3
489	4	6
489	7	8
489	9	9
489	10	11
489	12	12
489	13	13
489	14	15
489	16	17
489	18	19
489	20	20

490	0	2
490	3	4
490	5	7

491	0	2
491	3	3
491	4	4
491	5	6
491	7	7
491	8	9
491	10	11
491	12	14
491	15	15
491	16	18
491	19	19
491	20	21
491	22	22
491	24	25
491	26	27
491	28	29
491	30	32
491	33	33
491	34	34
491	35	36
491	37	37
491	38	38
491	40	45
491	46	46
491	47	48
491	49	50
491	51	51

492	4	5
492	6	7
492	8	9
492	10	12
492	13	13
492	14	14
492	15	16
492	17	17
492	18	18
492	20	25
492	26	26
492	27	30
492	31	31
492	32	33
492	34	35
492	36	36

493	0	2
493	3	3
493	4	4
493	5	6
493	7	8
493	9	11
493	12	13
493	14	15
493	16	17
493	18	20
493	21	21
493	22	23
493	24	24

494	5	6
494	7	7
494	8	9
494	10	10
494	11	12
494	13	14
494	15	15
494	16	17
494	18	19
494	20	21
494	22	23
494	24	25
494	26	26
494	27	28
494	29	32
494	33	35
494	36	36
494	37	37
494	38	39
494	40	41
494	42	42
494	43	44
494	45	45
494	46	47
494	48	48
494	49	49
494	51	52
494	53	54
494	55	55

495	4	5
495	6	7
495	8	9
495	10	11
495	12	15
495	16	18
495	19	19
495	20	20
495	21	22
495	23	24
495	25	25
495	26	27
495	28	28
495	29	30
495	31	31
495	32	32
495	33	34
495	35	36
495	37	37

496	0	3
496	4	5
496	6	7
496	8	9

497	4	4
497	5	6
497	7	8
497	9	10
497	11	11
497	12	13
497	14	15
497	16	16
497	17	18
497	19	19
497	20	23
497	24	25
497	26	26

498	0	0
498	1	2
498	3	4
498	6	8
498	9	10
498	11	11
498	12	13
498	14	15
498	16	17
498	18	19

499	4	5
499	6	6
499	7	8
499	9	10
499	11	12
499	13	14
499	15	15
499	16	17
499	18	19

500	0	2
500	3	4
500	5	5
500	6	8
500	9	10

501	4	5
501	6	6
501	7	9
501	10	11
501	12	12
501	13	14
501	15	16

502	0	2
502	3	4
502	5	6
502	7	8
502	9	9
502	10	11
502	12	13

503	4	5
503	6	7
503	8	9
503	10	10
503	11	12
503	13	14
503	15	16
503	17	18
503	19	19
503	20	20

504	0	2
504	3	3
504	4	4
504	5	6
504	7	7
504	8	9
504	10	11
504	12	13
504	14	14
504	15	16
504	17	19

505	4	5
505	6	7
505	8	8
505	9	10
505	11	12
505	13	14
505	15	15
505	16	17
505	18	20
505	21	22
505	23	24
505	25	25
505	26	26

506	0	0
506	1	2
506	3	3
506	4	5
506	6	6
506	7	8
506	9	9
506	10	11
506	13	15
506	16	17

507	5	6
507	7	8
507	9	10
507	11	12
507	13	14
507	15	16
507	17	18
507	19	19
507	20	21
507	22	22
507	23	24
507	25	25
507	26	27
507	28	29
507	30	30
507	31	31
507	32	32
507	33	33
507	34	35
507	36	36
507	37	38
507	39	39
507	40	42
507	43	44
507	45	45
507	46	46
507	47	47
507	48	48
507	50	50
507	51	52
507	53	53
507	54	55
507	56	56
507	57	58
507	59	59
507	60	61
507	62	63
507	64	64

508	4	5
508	6	7
508	8	9
508	10	10

509	4	4
509	5	5
509	6	8
509	9	10
509	11	11

510	4	4
510	5	6
510	7	7
510	8	11
510	12	12

511	4	4
511	5	6
511	7	8
511	9	9

512	4	4
512	5	6
512	7	8
512	9	10
512	11	11
512	12	13
512	14	14
512	15	15

513	4	4
513	5	6
513	7	10
513	11	11
513	12	13
513	14	14
513	15	15

514	4	4
514	5	6
514	7	8
514	9	9

515	0	0
515	1	2
515	3	3
515	4	4
515	5	5
515	6	6

516	0	0
516	1	2
516	3	3
516	4	5
516	6	6
516	7	7

517	1	2
517	3	3
517	4	5
517	6	6
517	7	7

518	4	4
518	5	6
518	7	7

519	4	4
519	5	7
519	8	8

520	4	4
520	5	8
520	9	9

521	0	2
521	3	4

522	0	2
522	3	3
522	4	4
522	5	6
522	7	7
522	8	9

523	4	5
523	6	6
523	7	8
523	9	9
523	10	11
523	12	13
523	14	15
523	16	16

524	4	4
524	5	5
524	7	8
524	9	9
524	10	11
524	12	12
524	13	14
524	15	16
524	17	17
524	18	22
524	23	23
524	24	24
524	25	25
524	26	26
524	27	28
524	29	30
524	31	32
524	33	33

525	4	4
525	5	5
525	7	8
525	9	9
525	10	11
525	12	12
525	13	14
525	15	16
525	17	18
525	19	20
525	21	21
525	22	23
525	24	28

526	0	0
526	1	1
526	3	4
526	5	6
526	7	8
526	9	10
526	11	11
526	12	13
526	14	14
526	15	15
526	16	17
526	18	18
526	19	20
526	21	21
526	22	23
526	24	25
526	26	27
526	28	28
526	29	29
526	30	30

527	0	2
527	3	3
527	4	4
527	5	6
527	7	8
527	9	9
527	10	11
527	12	13
527	14	15

528	4	5
528	6	7
528	8	8
528	9	10
528	11	12
528	13	14
528	15	15
528	16	17
528	18	19
528	20	21
528	22	22

529	2	3
529	4	5
529	6	6
529	7	8
529	9	9
529	10	11
529	12	12
529	13	14
529	15	16
529	17	17

530	2	3
530	4	5
530	6	6
530	7	8
530	9	10
530	11	11
530	12	12
530	13	14
530	15	15
530	16	16
530	17	18
530	19	19
530	20	20

531	0	0
531	1	2
531	3	4
531	5	6
531	7	7
531	8	12
531	13	13
531	14	18
531	19	19
531	20	21
531	22	23
531	24	24
531	25	26
531	27	28
531	29	30
531	31	31

532	0	1
532	2	2
532	3	4
532	5	6
532	7	7
532	8	12
532	13	13
532	14	18
532	19	19
532	20	21
532	22	23
532	24	25
532	26	27
532	28	28
532	29	30
532	31	31
532	32	33
532	34	35
532	36	36
532	37	37

533	0	1
533	2	3
533	4	4
533	5	6
533	7	8
533	9	9
533	10	10
533	11	11
533	12	12
533	13	14
533	15	15
533	16	16
533	17	17
533	18	18
533	19	20
533	21	22
533	23	23

534	0	0
534	1	2
534	3	3
534	4	5
534	6	6
534	7	8
534	9	9
534	10	11
534	12	13
534	14	14
534	15	15
534	16	17
534	18	18
534	19	19
534	20	21
534	22	24
534	25	26
534	27	28
534	29	29
534	30	31
534	32	33
534	34	35
534	36	37
534	38	38
534	39	40
534	41	41
534	43	43
534	44	44
534	45	46
534	47	48
534	49	50
534	51	52
534	53	54
534	55	57
534	58	59
534	60	62
534	63	63
534	64	64
534	65	65
534	66	68
534	69	69
534	70	71
534	72	73
534	74	75
534	76	77
534	78	79
534	80	82
534	83	83
534	85	86
534	87	87
534	88	88
534	89	89
534	90	92
534	93	94
534	95	96
534	97	98
534	99	99
534	100	101
534	102	104
534	105	105
534	106	107
534	108	108

535	2	3
535	4	5
535	6	6
535	7	8
535	9	10
535	11	11
535	12	13
535	14	14
535	15	16
535	17	18
535	19	20
535	21	22
535	23	23
535	24	25
535	26	29
535	30	30

536	2	3
536	4	5
536	6	6
536	7	8
536	9	10
536	11	12
536	13	14
536	15	16
536	17	18
536	19	19
536	20	21
536	22	22
536	23	23
536	24	25
536	26	26
536	27	28
536	29	29
536	30	31
536	32	32
536	33	34
536	35	36
536	37	37

537	2	3
537	4	5
537	6	6
537	7	7
537	8	11
537	12	12
537	13	14
537	15	16
537	17	17
537	18	19
537	20	21
537	22	23
537	24	27
537	28	28

538	0	2
538	3	3
538	4	5
538	6	7

539	4	5
539	6	7
539	8	8
539	9	10
539	11	12
539	13	14
539	15	16
539	17	17

540	0	0
540	1	1
540	3	4
540	5	5
540	6	7
540	8	9
540	10	10
540	11	12
540	13	14
540	15	16
540	17	17
540	18	19
540	20	21
540	22	22
540	23	24
540	25	26
540	27	28
540	29	29

541	4	4
541	5	5
541	7	8
541	9	9
541	10	11
541	12	12
541	13	14
541	15	15
541	16	17
541	18	18
541	19	20
541	21	22
541	23	24
541	25	25
541	26	27
541	28	28
541	29	30
541	31	31
541	32	33
541	34	36
541	37	37

542	0	0
542	1	2
542	3	5
542	6	6
542	7	8
542	9	9
542	10	11
542	12	15
542	16	16
542	17	17
542	18	19
542	20	21
542	22	24
542	25	26
542	27	27

543	0	1
543	2	2
543	3	4
543	5	6
543	7	8
543	9	10
543	11	14
543	15	15

544	0	1
544	2	2
544	3	3
544	4	4
544	5	6
544	7	8
544	9	10
544	11	12
544	13	14
544	15	16
544	17	18
544	19	20
544	21	21

545	0	1
545	2	3
545	4	4
545	5	6
545	7	8
545	9	9
545	10	11
545	12	13
545	14	14
545	15	16
545	17	18
545	19	20
545	21	21

546	0	1
546	2	3
546	4	5
546	6	7
546	8	9
546	10	10
546	11	12
546	13	13
546	14	15
546	16	17
546	18	19
546	20	20
546	21	22
546	23	23
546	24	25
546	26	26
546	27	28
546	29	29
546	30	31
546	32	33
546	34	35
546	36	36
546	38	39
546	40	41
546	42	43
546	44	45
546	46	47
546	48	49
546	50	50
546	51	51
546	52	52
546	53	54
546	55	56
546	57	58
546	59	60
546	61	62
546	63	63

547	0	2
547	3	4

548	0	2
548	3	3
548	4	4
548	5	6
548	7	7
548	8	9
548	10	11
548	12	12
548	13	13
548	14	14
548	15	16
548	17	18
548	19	20
548	21	22
548	23	24
548	25	26
548	27	28
548	29	29

549	0	2
549	3	3
549	4	4
549	5	6
549	7	7
549	8	9
549	10	10
549	11	12
549	13	13
549	14	15
549	16	16
549	17	18
549	19	19
549	20	21
549	22	22
549	23	24
549	25	25
549	26	26
549	27	28
549	29	29
549	30	30
549	31	31
549	32	34
549	35	35
549	36	36
549	37	39
549	40	41
549	42	42
549	43	44
549	45	45
549	46	46

550	0	2
550	3	3
550	4	4
550	5	6
550	7	7
550	8	9
550	10	10
550	11	12
550	13	14
550	15	15
550	16	17
550	18	19
550	20	20
550	21	23
550	24	24
550	25	28
550	29	30
550	31	31
550	32	33
550	34	34
550	35	36
550	37	39
550	40	40
550	41	43
550	44	44
550	46	46
550	47	47
550	48	48
550	49	49

551	0	1
551	2	2

552	0	0
552	1	3
552	4	5
552	6	6

553	0	2
553	3	3
553	4	5
553	6	9

554	0	2
554	3	6
554	7	7
554	8	8
554	9	10
554	11	14

555	5	8
555	9	9
555	10	10
555	11	12
555	13	16
555	17	18
555	19	21
555	22	22

556	0	0
556	1	3
556	4	7
556	8	8
556	9	9
556	10	11
556	12	15

557	0	1
557	3	4
557	5	6
557	8	9
557	11	13
557	15	16

558	0	0
558	2	3
558	5	6
558	8	12
558	14	14
558	15	19
558	21	21
558	23	24
558	26	29
558	30	30
558	31	34

559	0	0
559	2	3
559	5	5
559	6	6
559	7	9
559	11	14
559	16	16
559	17	20

560	0	0
560	2	5
560	7	8
560	10	11
560	12	12
560	13	13
560	15	19

561	2	3
561	5	6
561	7	7
561	8	8
561	10	10
561	11	14

562	0	0
562	2	4
562	6	7
562	9	9
562	11	15

563	2	3
563	5	5
563	7	11

564	0	0
564	2	3
564	4	4
564	6	7
564	8	8
564	10	10
564	11	12
564	14	14
564	16	16
564	17	17
564	19	24

565	0	0
565	2	2
565	3	4
565	5	6
565	7	9
565	11	12
565	13	13
565	14	14
565	16	19

566	0	0
566	2	3
566	4	5
566	6	6
566	8	9
566	11	14

567	0	0
567	2	2
567	3	4
567	5	5
567	6	7
567	8	8
567	11	13
567	15	15
567	16	18

568	0	0
568	2	3
568	4	5
568	7	7
568	9	12

569	0	1
569	3	4
569	5	6
569	7	8
569	10	11
569	12	12
569	13	14
569	16	19

570	0	1
570	3	4
570	5	6
570	7	7
570	8	9
570	10	10
570	11	18
570	19	19
570	21	21
570	23	27

571	0	1
571	3	3
571	5	7
571	9	9
571	11	13
571	15	15
571	16	18

573	0	2
573	4	8
573	9	11
573	12	13
573	14	16
573	17	17
573	18	19
573	20	23

574	5	9
574	10	12
574	13	14
574	15	17
574	18	18
574	19	22
574	23	24
574	25	27
574	28	28

575	0	0
575	1	3
575	5	9
575	10	12
575	13	14
575	15	17
575	18	18
575	19	20
575	21	24

576	0	1
576	3	4
576	5	6
576	8	8
576	10	11
576	13	15
576	17	18

577	0	0
577	2	3
577	5	6
577	8	12
577	14	14
577	15	19
577	21	21
577	23	24
577	25	25
577	26	26
577	28	31
577	32	32
577	33	36

578	0	0
578	2	3
578	5	5
578	6	6
578	7	9
578	11	14
578	16	16
578	17	20

579	0	0
579	2	5
579	7	8
579	10	11
579	12	12
579	13	13
579	15	15
579	16	19

580	2	3
580	5	6
580	7	7
580	8	8
580	10	14

581	0	0
581	2	4
581	6	7
581	9	9
581	11	15

582	2	3
582	5	5
582	7	11

583	0	0
583	2	3
583	4	4
583	6	7
583	8	8
583	10	10
583	11	12
583	14	14
583	16	16
583	17	17
583	19	20
583	21	21
583	22	24

585	0	0
585	1	3
585	5	5
585	6	6
585	7	7

586	0	1
586	3	4
586	5	6
586	8	9
586	11	13
586	15	15
586	17	18

587	0	0
587	2	2
587	3	4
587	5	6
587	7	9
587	11	12
587	13	13
587	14	14
587	16	19
587	21	21
587	23	24
587	25	25
587	26	26
587	28	31
587	32	32
587	33	36

588	0	0
588	2	3
588	4	5
588	6	6
588	8	9
588	11	14

589	0	0
589	2	2
589	3	4
589	5	5
589	6	7
589	8	8
589	11	13
589	15	15
589	16	18

590	0	0
590	2	3
590	4	5
590	7	7
590	9	13

591	0	1
591	3	4
591	5	6
591	7	8
591	10	11
591	12	12
591	13	14
591	16	19

592	0	1
592	4	5
592	6	7
592	8	8
592	9	10
592	11	11
592	12	15
592	16	16
592	18	21
592	22	22
592	24	24
592	26	30

593	0	1
593	3	5
593	7	7
593	9	11
593	13	13
593	14	16

595	0	2
595	4	8
595	9	9
595	10	11
595	12	13
595	14	15
595	16	18
595	19	19
595	20	21
595	22	25

596	4	8
596	9	9
596	10	11
596	12	13
596	14	15
596	16	18
596	19	19
596	20	21
596	22	25
596	26	27
596	28	30
596	31	31

597	0	0
597	1	3
597	5	9
597	10	10
597	11	12
597	13	14
597	15	16
597	17	19
597	20	20
597	21	24

598	0	1
598	3	4
598	5	6
598	8	9
598	11	13

599	0	0
599	2	3
599	5	6
599	8	12
599	14	14
599	15	19

600	0	0
600	2	3
600	5	5
600	6	6
600	7	9
600	11	14
600	16	16
600	18	21

601	0	0
601	2	5
601	7	8
601	10	11
601	12	12
601	13	13
601	15	19

602	2	3
602	5	6
602	7	7
602	8	8
602	10	13
602	14	14

603	0	0
603	2	4
603	6	7
603	9	9
603	11	11
603	12	15

604	2	3
604	5	5
604	7	11

605	0	0
605	2	3
605	4	4
605	6	6
605	7	7
605	8	8
605	9	9
605	10	11
605	13	13
605	15	15
605	16	16
605	18	23

606	0	0
606	2	2
606	3	4
606	5	6
606	7	9
606	11	12
606	13	13
606	14	15
606	17	21

607	0	0
607	2	3
607	4	5
607	6	6
607	8	9
607	11	14

608	0	0
608	2	2
608	3	4
608	5	5
608	6	7
608	8	8
608	11	13
608	15	15
608	16	18

609	0	0
609	2	3
609	4	5
609	7	7
609	9	13

610	0	1
610	3	4
610	5	6
610	7	8
610	10	11
610	12	12
610	13	14
610	16	18

611	0	1
611	3	4
611	5	6
611	7	7
611	8	9
611	10	10
611	11	18
611	19	19
611	21	21
611	23	27

612	0	1
612	3	5
612	7	7
612	9	11
612	13	13
612	14	16

614	0	2
614	3	3
614	4	5
614	6	6
614	7	7
614	8	9
614	10	13

615	5	5
615	6	7
615	8	8
615	9	9
615	10	11
615	12	14
615	15	15
615	16	16
615	17	17
615	18	19
615	20	22
615	23	23
615	24	25
615	26	28
615	29	30
615	31	31
615	32	32
615	33	34
615	35	35
615	36	37
615	38	39
615	40	40
615	41	42
615	43	43
615	44	45
615	46	47
615	49	49
615	50	51
615	52	53
615	54	54
615	55	55
615	56	57
615	58	61
615	62	62
615	63	64
615	65	65
615	66	67
615	68	70
615	71	72
615	73	74
615	75	76
615	77	77
615	78	78
615	79	80
615	81	81
615	82	83
615	84	85
615	86	86
615	87	88
615	89	89
615	90	93
615	94	94

616	5	6
616	7	8
616	9	11
616	12	13
616	14	15
616	16	17
616	18	20
616	21	21
616	22	23
616	24	24
616	25	26
616	27	27
616	28	29
616	30	30
616	31	31
616	32	33
616	34	36
616	37	37
616	38	40
616	41	41
616	42	43
616	44	44
616	45	45
616	47	47
616	48	48
616	49	51
616	52	53
616	54	54
616	55	55
616	56	56
616	57	58
616	59	60
616	61	61
616	62	63
616	64	64
616	65	65

617	4	4
617	5	6
617	7	7
617	8	8
617	9	10
617	11	14
617	15	16
617	17	19
617	20	20

618	0	0
618	1	3
618	4	4
618	5	6
618	7	7
618	8	8
618	9	10
618	11	14

619	0	1
619	3	4
619	5	6
619	8	9
619	11	12

620	3	7
620	8	9
620	11	15
620	16	17
620	19	23
620	24	25

621	0	0
621	2	3
621	5	6
621	8	12
621	14	14
621	15	19
621	21	25
621	26	26
621	27	31
621	33	37
621	39	39
621	40	44

622	0	0
622	2	3
622	5	5
622	6	6
622	7	9
622	11	14
622	16	16
622	17	20
622	22	25
622	26	26
622	27	30
622	32	35
622	37	37
622	38	41

623	0	0
623	2	5
623	7	8
623	10	10
623	12	12
623	14	14
623	15	15
623	16	16
623	18	20
623	22	24
623	26	28

624	0	0
624	3	4
624	6	6
624	8	8
624	10	10
624	11	11
624	12	12
624	14	16
624	18	20
624	22	24

625	0	0
625	2	4
625	6	7
625	9	9
625	11	14
625	16	19
625	21	24

626	0	0
626	3	4
626	6	6
626	8	11
626	13	16
626	18	21

627	0	0
627	2	3
627	4	4
627	6	7
627	8	8
627	9	9
627	10	11
627	13	13
627	15	15
627	16	16
627	18	22
627	24	24
627	25	29
627	31	35
627	37	37
627	38	42
627	44	48
627	49	49
627	50	54

628	0	0
628	2	2
628	3	4
628	5	6
628	7	9
628	11	12
628	13	13
628	14	14
628	16	17
628	19	20
628	22	23

629	0	0
629	2	3
629	4	4
629	6	7
629	9	10
629	12	12
629	14	15
629	16	16
629	17	17
629	19	22
629	24	27
629	29	32

630	2	3
630	5	6
630	8	8
630	10	11
630	12	12
630	13	13
630	15	18
630	20	23
630	25	28

631	0	1
631	3	3
631	4	5
631	6	6
631	7	8
631	9	9
631	12	12
631	13	13
631	14	14
631	16	16
631	17	17
631	18	18
631	20	20
631	21	21
631	22	22

632	0	1
632	3	4
632	5	6
632	8	8
632	10	13
632	15	18
632	20	23

633	0	1
633	3	4
633	5	5
633	6	7
633	8	9
633	10	11
633	13	14
633	15	15
633	16	17
633	19	20
633	22	23
633	25	26

634	0	1
634	3	5
634	7	7
634	9	9
634	10	10
634	11	11
634	13	13
634	14	14
634	15	15
634	17	17
634	18	18
634	19	19

635	0	1
635	3	3
635	4	5
635	7	7
635	9	12
635	14	17
635	19	19
635	21	23

636	3	3
636	4	4
636	5	6
636	8	8
636	9	10
636	11	11
636	12	12
636	13	13
636	14	15
636	16	16
636	17	18
636	19	20
636	21	21
636	22	22
636	23	24
636	25	25

638	0	2
638	3	5
638	6	7
638	8	8
638	9	9
638	10	11
638	12	15

639	4	6
639	7	8
639	9	9
639	10	11
639	12	13
639	14	14
639	15	16
639	17	18
639	19	19
639	20	20
639	21	21
639	22	23
639	24	25
639	26	26
639	27	28
639	29	30
639	31	31
639	32	33
639	34	35
639	36	36
639	37	37
639	38	39
639	40	40
639	41	42
639	43	43
639	44	45
639	46	46
639	48	48
639	49	49
639	50	52
639	53	54
639	55	55
639	56	56
639	57	58
639	59	62
639	63	64
639	65	67
639	68	68

640	0	0
640	1	3
640	4	6
640	7	8
640	9	9
640	10	10
640	11	12
640	13	16

641	0	1
641	3	4
641	5	6
641	8	9
641	11	13

642	3	7
642	8	9
642	11	15
642	16	17

643	0	0
643	2	3
643	5	6
643	8	12
643	13	13
643	14	18
643	20	24
643	25	25
643	26	30

644	0	0
644	2	3
644	5	5
644	6	6
644	7	9
644	11	14
644	16	16
644	17	20
644	22	25
644	26	26
644	27	30

645	0	0
645	2	5
645	6	6
645	7	8
645	9	9
645	11	12
645	13	13
645	14	14
645	16	20
645	22	26

646	0	0
646	2	4
646	5	5
646	6	7
646	8	8
646	10	10
646	12	14
646	16	18

647	0	0
647	2	3
647	4	5
647	6	7
647	8	8
647	9	10
647	11	11
647	12	12
647	14	15
647	16	16
647	17	17
647	19	23
647	25	25
647	26	27

648	0	0
648	2	3
648	4	5
648	6	7
648	8	8
648	9	11
648	12	13
648	14	14
648	16	17
648	18	18
648	19	19
648	21	24
648	26	29

649	0	0
649	2	3
649	5	5
649	7	8
649	10	11

650	0	0
650	2	4
650	6	6
650	8	9
650	11	12

651	0	0
651	2	2
651	3	4
651	6	6
651	8	8
651	9	9
651	10	10
651	12	12
651	13	13
651	14	14

652	0	1
652	2	2

653	0	0
653	1	3
653	4	5
653	6	6

654	0	1
654	2	2
654	3	4
654	5	8

655	0	2
655	3	4
655	5	5
655	6	7
655	8	11

656	5	6
656	7	7
656	8	9
656	10	13
656	14	15
656	16	16
656	18	19

657	0	0
657	1	3
657	4	5
657	6	6
657	7	8
657	9	12

658	0	1
658	3	4
658	5	6
658	8	9
658	11	13

659	0	0
659	2	3
659	5	6
659	8	9
659	10	10
659	11	11

660	0	0
660	2	3
660	4	4
660	5	7
660	8	8
660	9	9
660	10	12
660	13	14
660	15	15
660	17	18
660	20	22
660	24	24
660	25	28
660	29	29
660	31	31
660	32	36

661	0	0
661	2	4
661	5	5
661	6	9
661	11	11
661	13	15

662	0	0
662	2	3
662	4	4
662	6	6
662	8	11

663	0	0
663	2	3
663	4	5
663	7	7
663	8	8
663	9	9
663	10	11
663	13	15

664	0	0
664	2	3
664	4	5
664	8	10

665	0	0
665	2	3
665	4	4
665	5	7
665	8	8
665	9	9
665	10	12
665	15	16
665	17	18
665	19	20

667	0	1
667	2	2

668	0	0
668	1	3
668	4	5
668	6	6

669	0	1
669	2	2
669	3	4
669	5	6
669	7	9
669	10	10
669	11	12
669	13	13
669	14	15
669	16	19
669	20	20
669	21	24

670	0	2
670	3	4
670	5	5
670	6	7
670	8	9
670	10	12
670	13	13
670	14	15
670	16	16
670	17	18
670	19	20
670	21	24
670	25	25
670	26	27
670	28	28

671	5	6
671	7	7
671	8	9
671	10	11
671	12	14
671	15	15
671	16	17
671	18	18
671	19	20
671	21	22
671	23	26
671	27	27
671	28	31
671	32	33
671	34	34
671	35	35
671	36	37

672	0	0
672	1	3
672	4	5
672	6	6
672	7	8
672	9	10
672	11	13
672	14	14
672	15	16
672	17	17
672	18	19
672	20	21
672	22	25
672	26	26
672	27	30

673	0	1
673	3	4
673	5	8
673	9	9
673	10	13
673	15	18

674	1	2
674	3	4
674	5	6

675	0	1
675	3	5
675	6	7

676	0	0
676	2	2
676	4	6
676	7	7
676	8	8
676	10	13
676	15	16
676	17	18

677	0	0
677	4	5
677	7	10
677	11	11
677	12	16
677	17	17

678	0	1
678	3	6
678	7	7
678	8	12
678	14	14
678	15	15
678	16	16
678	17	17
678	18	19
678	23	27
678	28	28
678	29	30
678	31	32
678	34	35
678	36	36
678	37	39
678	43	44
678	45	45
678	46	47
678	48	48
678	49	50
678	51	52
678	53	53
678	55	56
678	57	59
678	60	60
678	61	62
678	63	63
678	64	65
678	66	66
678	67	67
678	69	69
678	70	71
678	72	72
678	73	74
678	75	77
678	79	84
678	85	87

679	0	0
679	6	10
679	11	13

680	0	0
680	6	10
680	11	13
680	14	15
680	17	19
680	23	24
680	25	25
680	26	27
680	28	28
680	29	29
680	30	30
680	31	31
680	32	33
680	34	34
680	36	37
680	38	40
680	41	41
680	42	43
680	44	44
680	45	46
680	47	47
680	48	48
680	50	50
680	51	52
680	53	53
680	54	55
680	56	58
680	60	64
680	66	66
680	67	71
680	73	75

681	0	0
681	4	7
681	8	8
681	11	15
681	16	16
681	17	18
681	19	19
681	21	22

682	0	0
682	1	1
682	2	6
682	7	7
682	8	9
682	10	12
682	13	14
682	15	15
682	16	16
682	17	20
682	21	21
682	22	22
682	23	23
682	24	24
682	25	25
682	26	29
682	30	31
682	32	33
682	34	34

684	0	2
684	3	4
684	5	5
684	6	7
684	8	9
684	10	12
684	13	13
684	14	15
684	16	17
684	18	19
684	20	23
684	24	24
684	25	28

685	5	6
685	7	7
685	8	9
685	10	11
685	12	14
685	15	15
685	16	17
685	18	19
685	20	21
685	22	25
685	26	26
685	27	30
685	31	32
685	33	35
685	36	36

686	0	0
686	1	3
686	4	5
686	6	6
686	7	8
686	9	10
686	11	13
686	14	14
686	15	16
686	17	18
686	19	20
686	21	24
686	25	25
686	26	29

687	0	1
687	3	4
687	5	8
687	9	9
687	10	13
687	15	18

688	1	1
688	2	3
688	5	6
688	8	9
688	10	11
688	12	13

689	0	1
689	3	5
689	6	7

690	0	0
690	2	2
690	4	6
690	7	7
690	8	8
690	13	16
690	18	19
690	20	21
690	23	23
690	24	25
690	26	26
690	28	29
690	30	31

691	0	0
691	2	2
691	3	3
691	4	4
691	6	7
691	8	9
691	10	11
691	12	12

692	0	0
692	1	1
692	3	6
692	8	8
692	9	12
692	13	13
692	15	16
692	18	21
692	22	22
692	23	27
692	29	30
692	31	32
692	33	34
692	35	35
692	37	37
692	38	38
692	40	43
692	44	44
692	45	48
692	49	49

693	2	2
693	3	3
693	5	8
693	9	9
693	10	13
693	15	15
693	16	17
693	18	18
693	19	20
693	24	28
693	29	29
693	30	30
693	32	32
693	33	34
693	35	36
693	37	37
693	39	41
693	43	44
693	45	45
693	46	47
693	48	48
693	50	51
693	52	53
693	54	55
693	57	57
693	58	60
693	61	61
693	62	63
693	65	65
693	66	67
693	68	68
693	69	70
693	71	71
693	73	73
693	74	74
693	75	76
693	77	79
693	81	86
693	88	90
693	91	92
693	93	93
693	95	98
693	99	99
693	100	101
693	103	108
693	110	110
693	112	113

694	0	0
694	9	13
694	15	15
694	17	18

695	0	0
695	5	9
695	10	11
695	13	15
695	16	18
695	20	21
695	22	22
695	23	24
695	25	25
695	27	28
695	29	30
695	31	32
695	34	34
695	35	37
695	38	38
695	39	40
695	42	42
695	43	44
695	45	45
695	46	47
695	48	48
695	50	50
695	51	51
695	52	53
695	54	56
695	60	64
695	66	66

696	0	4
696	6	6
696	8	9

697	0	0
697	8	11
697	12	12
697	17	21
697	23	23
697	25	26
697	27	27
697	29	30

698	0	0
698	1	1
698	2	6
698	7	7
698	8	9
698	10	12
698	13	14
698	15	16
698	17	20
698	21	21
698	22	22
698	23	23
698	24	24
698	25	25
698	26	29
698	30	31
698	32	33
698	34	34

700	0	2
700	3	4
700	5	5
700	6	7
700	8	9
700	10	12
700	13	13
700	14	15
700	16	17
700	18	19
700	20	23
700	24	24
700	25	28

701	5	6
701	7	7
701	8	9
701	10	11
701	12	14
701	15	15
701	16	17
701	18	19
701	20	21
701	22	25
701	26	26
701	27	30
701	31	32
701	33	35
701	36	36

702	0	0
702	1	3
702	4	5
702	6	6
702	7	8
702	9	10
702	11	13
702	14	14
702	15	16
702	17	18
702	19	20
702	21	24
702	25	25
702	26	29

704	0	5
704	7	10

754	0	1
754	2	2

755	0	0
755	1	3
755	4	5
755	6	6

756	0	1
756	2	3
756	4	6
756	7	7
756	8	9
756	10	10
756	11	12
756	13	16
756	17	17
756	18	19
756	20	20

757	0	2
757	3	4
757	5	6
757	7	9
757	10	10
757	11	12
757	13	14
757	15	15
757	16	17
757	18	19
757	20	23
757	24	24
757	25	28

758	5	6
758	7	8
758	9	11
758	12	12
758	13	14
758	15	16
758	17	17
758	18	19
758	20	21
758	22	25
758	26	26
758	27	30
758	31	32
758	33	33
758	34	34
758	35	35

759	0	0
759	1	3
759	4	5
759	6	7
759	8	10
759	11	11
759	12	13
759	14	15
759	16	16
759	17	18
759	19	20
759	21	24
759	25	25
759	26	27
759	28	28

760	0	1
760	3	4
760	5	8
760	9	9
760	10	13
760	15	18

761	1	2
761	3	4
761	5	6

762	0	1
762	4	5
762	6	7
762	9	10
762	11	12
762	13	13
762	15	17
762	18	18
762	19	19

763	0	0
763	2	2
763	4	6
763	7	7
763	8	8
763	10	11
763	12	13
763	15	16
763	18	19
763	21	22
763	24	25
763	26	27

764	0	0
764	2	2
764	3	3
764	5	8
764	10	10
764	11	14
764	15	15

765	1	2
765	4	7
765	8	8
765	9	13
765	17	18
765	19	19
765	21	22
765	23	24
765	26	27
765	28	29
765	31	32
765	36	37
765	38	39
765	40	42
765	44	44
765	45	47
765	48	49
765	50	50
765	51	51
765	53	54
765	55	58
765	59	60
765	62	62
765	63	64
765	65	65
765	66	67
765	70	71
765	73	74
765	76	77
765	78	79
765	80	80
765	82	83
765	84	84
765	85	85
765	86	87
765	88	88
765	90	90
765	91	92
765	93	93
765	94	95
765	96	96
765	98	99
765	100	100
765	101	102
765	104	106
765	107	108
765	109	109
765	110	111
765	112	112
765	114	115
765	116	118
765	119	120
765	121	121
765	122	122
765	124	125
765	126	127
765	128	129
765	131	133
765	134	134
765	135	137
765	138	139
765	141	142
765	143	143
765	144	145
765	146	146
765	147	147
765	149	150
765	152	152
765	153	157
765	159	161

766	0	0
766	6	9
766	13	13
766	14	18
766	20	22
766	23	23

767	0	0
767	6	7
767	8	9
767	10	12
767	14	14
767	15	17
767	18	19
767	20	20
767	21	21
767	23	24
767	25	28
767	29	30
767	36	36
767	37	41
767	43	43
767	44	45
767	46	46
767	48	49

768	3	3
768	5	5
768	6	10
768	12	13
768	15	15
768	16	20
768	22	22
768	23	23
768	25	29
768	30	30

770	0	0
770	1	1
770	2	2
770	3	4
770	5	6
770	7	9
770	10	10
770	11	12
770	13	14
770	15	16
770	17	18
770	19	20
770	21	22
770	23	26
770	27	27
770	28	31

771	5	6
771	7	8
771	9	11
771	12	12
771	13	14
771	15	15
771	16	17
771	18	18
771	19	20
771	21	22
771	23	24
771	25	28
771	29	29
771	30	33
771	34	35
771	36	38
771	39	39

772	0	1

774	0	1
774	2	3
774	4	5
774	6	8
774	9	9
774	10	11
774	12	13
774	14	15
774	16	17
774	18	19
774	20	23
774	24	24
774	25	26
774	27	27

775	4	5
775	6	7
775	8	10
775	11	11
775	12	13
775	14	15
775	16	17
775	18	19
775	20	21
775	22	25
775	26	26
775	27	30
775	31	32
775	33	35
775	36	36

776	0	0
776	1	3
776	4	5
776	6	7
776	8	10
776	11	11
776	12	13
776	14	15
776	16	17
776	18	19
776	20	21
776	22	25
776	26	26
776	27	30

777	0	0
777	2	2
777	4	5
777	6	9
777	10	10
777	11	14
777	16	17
777	19	20

778	1	2
778	3	3
778	4	5
778	7	8
778	9	10
778	11	12

779	1	2
779	4	5
779	7	8
779	10	11
779	12	13
779	15	16

780	0	1
780	3	4
780	5	6
780	10	11
780	12	13
780	14	14
780	16	18
780	19	19
780	20	20
780	22	22
780	24	24
780	26	28
780	29	29
780	30	30
780	32	33
780	35	36
780	38	39
780	41	42
780	44	45
780	49	50
780	51	52
780	54	55
780	56	56
780	58	59
780	60	61

781	2	2
781	4	4
781	5	5
781	6	6
781	8	9
781	11	13
781	14	14
781	15	15
781	17	20
781	21	21

782	0	0
782	1	1
782	3	6
782	7	7

783	0	3
783	5	6
783	7	7
783	9	10
783	11	12
783	14	15
783	16	17
783	19	20
783	24	25
783	26	27
783	28	28
783	30	31
783	32	32
783	33	35
783	37	38
783	39	39
783	40	40
783	41	42
783	44	47
783	48	49
783	51	51
783	52	53
783	54	54
783	55	56
783	58	59
783	61	62
783	64	65
783	69	70
783	71	72
783	74	75
783	76	77
783	78	78
783	80	81
783	82	83
783	84	84
783	86	86
783	87	87
783	88	89
783	90	90
783	92	93
783	94	94
783	95	96
783	98	100
783	101	102
783	103	103
783	104	104
783	106	106
783	107	107
783	108	109
783	111	113
783	114	115
783	117	117
783	119	119
783	121	122
783	123	124
783	125	125
783	127	127
783	129	131
783	133	133
783	135	137
783	138	139
783	140	140
783	142	142
783	143	143
783	144	145
783	146	146
783	148	148
783	149	149
783	150	150
783	152	154

784	0	3
784	5	6
784	7	7
784	9	10
784	11	14
784	15	15
784	17	18
784	19	20
784	22	22
784	23	24
784	25	25
784	26	27
784	29	29
784	30	30
784	31	32
784	34	35
784	37	37
784	38	42
784	44	46

785	0	0
785	7	7
785	8	8
785	9	9
785	15	15
785	16	20
785	22	24
785	25	25

786	0	0
786	7	8
786	9	10
786	11	11
786	13	14
786	15	15
786	16	18
786	20	21
786	22	22
786	23	23
786	24	25
786	27	30
786	31	32
786	40	40
786	41	45
786	47	47
786	48	49
786	51	53

787	0	0
787	2	2
787	3	7
787	9	10
787	11	11
787	12	16
787	18	19
787	20	25

789	0	2
789	3	4
789	5	6
789	7	9
789	10	10
789	11	12
789	13	14
789	15	16
789	17	18
789	19	22
789	23	23
789	24	27

790	4	5
790	6	7
790	8	10
790	11	11
790	12	13
790	14	15
790	16	17
790	18	19
790	20	23
790	24	24
790	25	28
790	29	30
790	31	33
790	34	34

791	0	0
791	1	3
791	4	5
791	6	7
791	8	10
791	11	11
791	12	13
791	14	15
791	16	17
791	18	19
791	20	23
791	24	24
791	25	28

792	0	0
792	2	2
792	4	5
792	6	9
792	10	10
792	11	14
792	17	18
792	20	21

793	1	2
793	3	3
793	4	5
793	7	8
793	9	10

794	1	2
794	4	5
794	7	8
794	10	11
794	12	13
794	15	16
794	18	19
794	21	22
794	24	25
794	27	28
794	29	29
794	31	32
794	34	36
794	37	37
794	38	38
794	40	40
794	41	42
794	44	44
794	45	45
794	46	48
794	50	52
794	53	54

795	0	0
795	2	2
795	4	6
795	7	7
795	8	8
795	10	11
795	13	14
795	16	17
795	19	20
795	22	23
795	25	26
795	28	29
795	31	32
795	34	35
795	37	38
795	40	41
795	43	44
795	46	47

796	2	2
796	4	4
796	5	5

797	0	1
797	4	5
797	7	10
797	11	11

798	0	3
798	4	4
798	6	6
798	7	7
798	9	12
798	13	13

799	0	4

800	1	1
800	2	5
800	6	6
800	8	8
800	9	9
800	10	11
800	13	14
800	15	17
800	19	19
800	20	22
800	24	25
800	27	28
800	29	29
800	31	32
800	33	33
800	35	37
800	39	39
800	40	41
800	43	43
800	44	45
800	47	50
800	51	52
800	54	54
800	55	56
800	58	58
800	59	59
800	60	60
800	61	62
800	64	65
800	67	68
800	70	73
800	74	74
800	75	75
800	77	77
800	78	79
800	80	80
800	82	83
800	84	84
800	85	86
800	88	88
800	89	89
800	90	91
800	93	94
800	96	97
800	99	100
800	104	105
800	106	107
800	109	110
800	111	112
800	113	113
800	114	114
800	116	116
800	117	118
800	119	120
800	121	121
800	123	124
800	125	126
800	127	127
800	129	130
800	131	133
800	134	135
800	136	136
800	138	139
800	140	140
800	141	142
800	144	147
800	149	149
800	150	150
800	151	151
800	153	153
800	154	155
800	156	157
800	159	161
800	162	162
800	163	165
800	166	166
800	168	169
800	170	170
800	171	171
800	172	173
800	175	176
800	177	177
800	178	178
800	182	182
800	184	186
800	187	187
800	189	189
800	191	193
800	194	194
800	196	196
800	197	197
800	198	198
800	199	199

801	0	3
801	5	5
801	6	10
801	12	14

802	1	1
802	7	8
802	11	14
802	20	20
802	21	25
802	27	29
802	30	30

803	2	2
803	7	8
803	10	11
803	12	12
803	14	15
803	16	16
803	18	20
803	22	22
803	23	24
803	26	26
803	27	28
803	30	33
803	34	35
803	37	38
803	41	42
803	48	48
803	49	53
803	55	55
803	56	57
803	59	61

804	0	0
804	2	2
804	3	7
804	9	10
804	11	11
804	12	16
804	18	18
804	19	19
804	20	24
804	25	25

806	0	1
806	2	3
806	4	5
806	6	8
806	9	9
806	10	12
806	13	14
806	15	16
806	17	18
806	19	20
806	21	24
806	25	25
806	26	29

807	4	5
807	6	7
807	8	10
807	11	11
807	12	14
807	15	16
807	17	18
807	19	20
807	21	22
807	23	26
807	27	27
807	28	31
807	32	33
807	34	36
807	37	37

808	0	0
808	1	1

810	0	1
810	2	3
810	4	5
810	6	8
810	9	10
810	11	12
810	13	13
810	14	15
810	16	17
810	18	19
810	20	21
810	22	25
810	26	26
810	27	30

811	4	5
811	6	7
811	8	10
811	11	12
811	13	14
811	15	15
811	16	17
811	18	19
811	20	21
811	22	23
811	24	27
811	28	28
811	29	32
811	33	34
811	35	37
811	38	38

812	0	0
812	1	1
812	3	3
812	4	5
812	6	7
812	8	10
812	11	12
812	13	14
812	15	15
812	16	17
812	18	19
812	20	21
812	22	23
812	24	27
812	28	28
812	29	30
812	31	31

813	0	6
813	8	8

815	0	1
815	2	2

816	0	0
816	1	3
816	4	5
816	6	6

817	0	2
817	3	3
817	4	5
817	6	6
817	7	8
817	9	12
817	13	13
817	14	17

818	0	2
818	3	5
818	6	6
818	7	8
818	9	9
818	10	11
818	12	13
818	14	17
818	18	18
818	19	20
818	21	21

819	5	7
819	8	8
819	9	10
819	11	11
819	12	13
819	14	15
819	16	19
819	20	20
819	21	24
819	25	26
819	27	29
819	30	30

820	0	0
820	1	3
820	4	6
820	7	7
820	8	9
820	10	10
820	11	12
820	13	14
820	15	18
820	19	19
820	20	23

821	0	1
821	3	4
821	5	8
821	9	9
821	10	13
821	15	18

822	1	2
822	3	4
822	5	6

823	0	1
823	3	5
823	6	7
823	9	9
823	11	11
823	13	16
823	17	17
823	18	18
823	20	22

824	3	4
824	6	7
824	8	9

825	0	0
825	2	2
825	3	3
825	5	8
825	9	9
825	10	13
825	14	14

826	0	0
826	1	1
826	3	6
826	7	7
826	8	12
826	14	14
826	16	17
826	19	20
826	21	21
826	22	23
826	27	31
826	32	32
826	33	34
826	36	37
826	38	39
826	40	40
826	41	42
826	44	44
826	48	49
826	50	50
826	51	52
826	53	53
826	54	55
826	56	57
826	58	59
826	61	61
826	62	64
826	65	65
826	66	67
826	68	68
826	69	70
826	71	71
826	72	73
826	74	74
826	76	76
826	77	77
826	78	79
826	80	82
826	84	89
826	90	92

827	0	0
827	6	10
827	11	13

828	0	0
828	6	10
828	11	13
828	15	16
828	17	19
828	23	24
828	25	25
828	26	27
828	28	28
828	29	30
828	31	32
828	33	34
828	36	36
828	37	39
828	40	40
828	41	42
828	43	43
828	44	45
828	46	46
828	47	48
828	49	49
828	51	51
828	52	52
828	53	54
828	55	57
828	59	63
828	65	65
828	66	70
828	72	74

829	0	0
829	7	10
829	11	11
829	14	18
829	19	19
829	20	21
829	22	22
829	24	25

830	0	0
830	1	1
830	2	6
830	7	7
830	8	9
830	10	12
830	13	14
830	15	15
830	16	16
830	17	20
830	21	21
830	22	22
830	23	23
830	24	24
830	25	25
830	26	29
830	30	31
830	32	33
830	34	34

832	0	2
832	3	5
832	6	6
832	7	8
832	9	10
832	11	12
832	13	16
832	17	17
832	18	21

833	5	7
833	8	8
833	9	10
833	11	12
833	13	14
833	15	18
833	19	19
833	20	23
833	24	25
833	26	28
833	29	29

834	0	1

836	0	2
836	3	5
836	6	6
836	7	8
836	9	10
836	11	12
836	13	16
836	17	17
836	18	21

837	5	7
837	8	8
837	9	10
837	11	12
837	13	14
837	15	18
837	19	19
837	20	23
837	24	25
837	26	28
837	29	29

840	0	2
840	4	7
840	9	12

889	0	1
889	2	2

890	0	0
890	1	3
890	4	5
890	6	6

891	0	0
891	1	2
891	3	4
891	5	7
891	8	8
891	9	10
891	11	12
891	13	14
891	15	16
891	17	20
891	21	21
891	22	23
891	24	24

892	0	2
892	3	3
892	4	5
892	6	7
892	8	10
892	11	11
892	12	13
892	14	15
892	16	17
892	18	19
892	20	23
892	24	24
892	25	26
892	27	27

893	5	5
893	6	7
893	8	9
893	10	12
893	13	13
893	14	15
893	16	17
893	18	19
893	20	21
893	22	25
893	26	26
893	27	30
893	31	32
893	33	35
893	36	36

894	0	0
894	1	3
894	4	4
894	5	6
894	7	8
894	9	11
894	12	12
894	13	14
894	15	16
894	17	18
894	19	20
894	21	24
894	25	25
894	26	29

895	0	0
895	2	2
895	4	5
895	6	9
895	10	10
895	11	14
895	16	17
895	18	18
895	20	20

896	1	2
896	3	3
896	4	5
896	7	8
896	9	10

897	1	2
897	4	5
897	7	8
897	10	11
897	12	13
897	14	15

898	0	1
898	3	4
898	5	6
898	9	10
898	11	11
898	13	15
898	16	17

899	0	0
899	2	2
899	4	6
899	7	7

900	0	0
900	2	3
900	5	6
900	8	9
900	11	12
900	13	14
900	16	17
900	19	20
900	24	25
900	26	27
900	29	30
900	31	31
900	33	33
900	34	35
900	37	38

901	2	2
901	4	5
901	6	6

902	0	1
902	5	5
902	6	6
902	8	11
902	13	13

903	0	3
903	4	4

904	0	1
904	3	6
904	7	7
904	8	11

905	2	2
905	3	6
905	7	7
905	11	12
905	14	15
905	16	16
905	18	19
905	20	20
905	22	22
905	23	24
905	26	27
905	31	32
905	34	35
905	36	36
905	38	39
905	40	40
905	42	44
905	46	46
905	47	48
905	50	50
905	51	52
905	54	57
905	58	59
905	61	61
905	62	62
905	63	63
905	64	64
905	65	66
905	69	69
905	70	70
905	71	71
905	72	73
905	74	74
905	75	76

906	0	0
906	1	1
906	2	2
906	3	4
906	5	6

907	0	1
907	2	3
907	4	6
907	8	9
907	11	12
907	14	15
907	16	17
907	19	20
907	21	22
907	23	23
907	25	26
907	27	28
907	29	29
907	31	31
907	32	32
907	33	34
907	35	35
907	37	38
907	39	39
907	40	41
907	43	45
907	46	47
907	49	49
907	51	51
907	53	53
907	54	54
907	55	56
907	58	60
907	61	62
907	64	64
907	65	66
907	68	69
907	70	71
907	72	72
907	74	74
907	75	77
907	78	78
907	80	82
907	83	84
907	85	85
907	87	87
907	88	88
907	89	90
907	91	91
907	93	93
907	94	94
907	95	95
907	97	98
907	99	99
907	101	102

908	2	3
908	4	4

909	2	5
909	7	7
909	8	12
909	14	14
909	15	16
909	18	20
909	22	23

910	2	2
910	9	12
910	18	18
910	19	23
910	25	25
910	26	27
910	29	31
910	33	34
910	35	35

911	2	2
911	9	10
911	12	13
911	14	14
911	16	17
911	18	18
911	20	22
911	24	24
911	25	26
911	28	28
911	29	30
911	32	35
911	36	37
911	40	40
911	46	46
911	47	51
911	53	53
911	54	55
911	57	57
911	58	59
911	61	63
911	65	66

912	0	0
912	2	2
912	3	7
912	9	10
912	12	12
912	13	17
912	19	19
912	20	20
912	21	25
912	26	26

913	0	1
913	2	2

914	0	0
914	1	3
914	4	5
914	6	6

915	0	1
915	2	2
915	3	4
915	5	6
915	7	8
915	9	10

916	0	2
916	3	4
916	5	5
916	6	7
916	8	9
916	10	10
916	11	12
916	13	14
916	15	15
916	16	16
916	18	22
916	24	24
916	25	27
916	29	32
916	33	33
916	34	35
916	36	39
916	40	41
916	42	42

917	0	2
917	3	3
917	4	5
917	6	7
917	8	8
917	9	10
917	11	12
917	13	14
917	15	16
917	17	18
917	19	20
917	21	21
917	22	22
917	24	28
917	30	30
917	31	33
917	35	39
917	40	40
917	41	42
917	43	46
917	47	47
917	48	49
917	50	50
917	51	51
917	53	57
917	58	59
917	61	62
917	63	64
917	65	68
917	69	70
917	71	71

918	0	2
918	3	4
918	5	5
918	6	7
918	8	9
918	10	10
918	11	12
918	13	13
918	14	15
918	16	17
918	18	19
918	20	20
918	21	22
918	23	23
918	24	25
918	26	27
918	28	31
918	32	32
918	33	35

919	0	1
919	2	2

920	0	0
920	1	3
920	4	5
920	6	6

921	0	1
921	2	2
921	3	5
921	6	7

922	0	0
922	2	2
922	3	4
922	5	5
922	6	8
922	9	10
922	11	11

923	5	6
923	7	7
923	8	10
923	11	12
923	13	14
923	15	17
923	18	18

924	0	0
924	1	3
924	5	5
924	6	8
924	9	11
924	12	13
924	14	15
924	16	16
924	17	18
924	19	19
924	20	22
924	23	24

925	0	2
925	5	6
925	7	7

926	0	2
926	3	4
926	7	7
926	8	8
926	9	9
926	10	10

927	0	1
927	2	3
927	6	6
927	7	7
927	8	9

928	0	1
928	2	3
928	6	7
928	8	9
928	10	11

929	0	0

930	0	1
930	2	3
930	4	4
930	5	6
930	7	7

931	0	1
931	4	5
931	6	7

932	0	1
932	2	3
932	4	4
932	5	6
932	7	7
932	9	9
932	10	11
932	12	12
932	13	13
932	15	15
932	16	16
932	17	19

933	0	1
933	2	2
933	3	4

934	0	1
934	3	4
934	5	6
934	7	7
934	10	11
934	12	13
934	14	14
934	17	18
934	19	20
934	21	21

935	1	2
935	3	4
935	7	8
935	9	9
935	12	12
935	13	14

936	1	4
936	6	7
936	10	11

937	0	1
937	2	3
937	5	6
937	7	7
937	8	9

938	1	2
938	3	4
938	6	7
938	8	9

939	2	3
939	4	5

940	1	2
940	3	4

941	0	1

942	0	1
942	2	3
942	5	5
942	6	7
942	10	12
942	15	15
942	16	17

943	0	1
943	2	3

944	0	1
944	2	3
944	4	4

945	0	1
945	4	5
945	6	7

946	0	1

947	0	1
947	2	3
947	5	6
947	7	8

948	0	0
948	3	4

949	1	2

950	0	0
950	3	4

951	0	1

952	0	1
952	2	3

953	0	1
953	2	3

954	0	1

955	0	1
955	2	2
955	4	5
955	6	6
955	8	9
955	10	10
955	12	13
955	14	14

956	0	1
956	2	2

957	0	0
957	1	3
957	4	5
957	6	6

958	0	1
958	2	3
958	4	5
958	6	6
958	7	7
958	8	9
958	10	11

959	0	2
959	3	4
959	5	6
959	7	7
959	8	9
959	10	11
959	12	12
959	13	13
959	14	14
959	15	15
959	16	17
959	18	19
959	20	23
959	24	24
959	25	26
959	27	27
959	28	29
959	30	31
959	32	32
959	33	33
959	34	35
959	36	37
959	38	38
959	39	39
959	40	43
959	44	44

960	0	2
960	3	4
960	5	6
960	7	7
960	8	9
960	10	10
960	11	12
960	13	14
960	15	16
960	17	18
960	19	20
960	21	22
960	23	24
960	25	25
960	26	26
960	27	28
960	29	29
960	30	31
960	32	32
960	33	34
960	35	36
960	37	37
960	38	39
960	40	41
960	42	42
960	43	44
960	45	45

961	0	1
961	2	3
961	4	4
961	5	6
961	7	7
961	8	8
961	9	10
961	11	11
961	12	13
961	14	14
961	15	16
961	17	18
961	19	20
961	21	21
961	22	22
961	23	24
961	25	26
961	27	28
961	29	29

962	0	2
962	3	4
962	5	6
962	7	8
962	9	10
962	11	12
962	13	13
962	14	15
962	16	16
962	17	18
962	19	19
962	20	21
962	22	22
962	23	23
962	24	25
962	26	26
962	27	28
962	29	30
962	31	32
962	33	34
962	35	36
962	37	37

963	0	2
963	3	4
963	5	6
963	7	7
963	8	9
963	10	11
963	12	13
963	14	15
963	16	17
963	18	18
963	19	19
963	20	21
963	22	22
963	23	24
963	25	26
963	27	28
963	29	29
963	30	30
963	31	31
963	32	32
963	33	34
963	35	36
963	37	38
963	39	39
963	40	40
963	41	43
963	44	44

964	0	1
964	2	2

965	0	0
965	1	3
965	4	5
965	6	6

966	0	1
966	2	3
966	4	4
966	5	6
966	7	8
966	9	10
966	11	11
966	12	13
966	14	16

967	0	2
967	3	4
967	5	6
967	7	7
967	8	9
967	10	11
967	12	13
967	14	14
967	15	16
967	17	19

968	5	6
968	7	8
968	9	9
968	10	11
968	12	13
968	14	15
968	16	16
968	17	18
968	19	21
968	22	23
968	24	26
968	27	27

969	0	0
969	1	3
969	4	5
969	6	7
969	8	8
969	9	10
969	11	12
969	13	14
969	15	15
969	16	17
969	18	20

970	0	1
970	3	3
970	4	4
970	5	6

971	0	1
971	3	4
971	5	6
971	7	8
971	9	9
971	10	11

972	0	0
972	2	2
972	3	6
972	11	11
972	12	13
972	14	15
972	16	17
972	18	19
972	20	20
972	21	21
972	22	23
972	24	25
972	26	26
972	27	27
972	28	28
972	29	31
972	32	34
972	35	36
972	37	38
972	39	39
972	40	41
972	42	43
972	44	44
972	45	47
972	48	48

973	4	7
973	8	9
973	10	10
973	12	17
973	18	19

974	0	0
974	2	4
974	5	5
974	6	9
974	14	14
974	15	17
974	18	18
974	20	20
974	22	28
974	30	34
974	35	35
974	37	40
974	41	49
974	50	51

975	0	0
975	2	5
975	6	6
975	7	10
975	15	15
975	16	18
975	19	19
975	21	24
975	25	26
975	27	27
975	28	28
975	29	29
975	31	34
975	35	36
975	37	37
975	39	42
975	43	51
975	52	53

976	0	0
976	2	11
976	16	16
976	17	19
976	20	20
976	22	25
976	26	28
976	29	29
976	30	30
976	32	35
976	36	37
976	38	38
976	40	43
976	44	45
976	46	46
976	47	47
976	48	48
976	49	52
976	53	54

977	0	0
977	2	12
977	17	17
977	18	20
977	21	21
977	23	26
977	27	28
977	29	29
977	30	30
977	31	31
977	33	36
977	37	38
977	39	39
977	41	44
977	45	47
977	48	48
977	49	52
977	53	54

978	0	0
978	2	2
978	4	8
978	13	17
978	18	18
978	20	23
978	24	26
978	27	27
978	28	29
978	31	34
978	35	36
978	37	37
978	39	42
978	43	48
978	49	50

979	3	3
979	4	4
979	5	5
979	6	7
979	8	9
979	10	11
979	12	12
979	13	16
979	17	17
979	18	19
979	20	21
979	22	22

981	0	6

982	0	3
982	4	5

983	0	1
983	2	4
983	5	5
983	6	7
983	8	8
983	9	10
983	11	12

984	0	1
984	2	2
984	3	3
984	5	8
984	10	10
984	12	15

985	0	0

986	0	1
986	2	3
986	4	4
986	5	6
986	7	8
986	9	9
986	10	11

987	0	0
987	1	3
987	4	6
987	7	9
987	10	11
987	12	13
987	14	14
987	15	20
987	22	25
987	26	26
987	27	27
987	28	28
987	29	31
987	32	32
987	33	36
987	38	41
987	42	42
987	43	45
987	46	46
987	47	48
987	49	49

988	0	1
988	2	3
988	4	5
988	6	7
988	8	11
988	12	13

989	0	3
989	4	4
989	5	6
989	7	7
989	8	10
989	12	13
989	14	14
989	15	15
989	16	16
989	17	18
989	19	19
989	20	21
989	22	24
989	25	26

990	0	2
990	3	4
990	5	5
990	7	10
990	11	12
990	13	14
990	15	16
990	17	20
990	21	22
990	23	24
990	25	26

991	0	1
991	2	5
991	6	6
991	7	10
991	11	11

992	0	0

993	0	1
993	2	3
993	4	9
993	11	11
993	13	16
993	17	18
993	19	23
993	24	24

994	0	0
994	1	1
994	2	3

995	0	1
995	2	3
995	4	4
995	5	5
995	6	7
995	8	9
995	10	10
995	11	12
995	13	14
995	15	15
995	16	16
995	17	18
995	19	19
995	20	20

996	0	1
996	2	3
996	4	6
996	7	7
996	8	9
996	10	10
996	11	12
996	13	15
996	16	17
996	18	19

997	0	1
997	2	3
997	4	7

1003	0	10

