7	0	6
7	7	10
7	11	12

8	0	1
8	2	2
8	3	3
8	5	8
8	9	9
8	10	13

9	0	1
9	3	4
9	5	5
9	6	6
9	8	11
9	12	12
9	13	16

10	0	2
10	3	3
10	4	5
10	6	7
10	8	8
10	9	10
10	11	12

11	0	3
11	4	4
11	5	6
11	7	7
11	8	9
11	11	12
11	14	17
11	18	18
11	19	20
11	21	21
11	22	23
11	25	26

12	0	6
12	7	8
12	9	10
12	11	11
12	12	13
12	14	16
12	18	19

13	0	0
13	2	2

14	0	1
14	3	4

15	0	0
15	1	2
15	4	4

16	0	0
16	1	3
16	4	5
16	6	7
16	9	9

17	0	0
17	1	2
17	3	3
17	4	5
17	7	7

18	0	0
18	1	2
18	3	4
18	6	6

19	0	2
19	3	4
19	6	6

20	0	2
20	3	4
20	6	6

21	0	2
21	3	4
21	6	6

22	0	2
22	3	5
22	7	7

23	0	2
23	3	5
23	7	7

24	0	2
24	3	4
24	5	6
24	7	7
24	8	8
24	9	9
24	10	10
24	12	12

25	0	0
25	1	1
25	2	2
25	3	3
25	4	5
25	7	7

26	0	2
26	3	4
26	5	6
26	8	8

27	0	2
27	3	4
27	5	6
27	8	8

28	0	2
28	4	4
28	6	6

29	0	0
29	1	2
29	3	4
29	6	6

30	0	2
30	3	5
30	6	9
30	11	11

31	0	2
31	3	4
31	5	6
31	8	8

32	0	2
32	3	4
32	5	6
32	7	8
32	10	10

33	0	2
33	3	4
33	5	6
33	8	8

34	0	0
34	1	2
34	3	3
34	4	5
34	6	6
34	7	8
34	10	10

35	0	2
35	4	5
35	7	7

36	0	2
36	3	4
36	6	6

37	0	2
37	3	4
37	6	6

38	0	1
38	2	2
38	4	4
38	5	7
38	8	9
38	10	10
38	11	12
38	13	13
38	14	15
38	16	17
38	18	19
38	20	20
38	21	22
38	23	24
38	26	26

39	0	0
39	1	3
39	4	5
39	6	8
39	9	10
39	11	12
39	13	14
39	16	16

40	0	0
40	1	3
40	4	5
40	6	7
40	8	9
40	10	11
40	12	13
40	15	15

41	0	0
41	1	2
41	3	5
41	6	7
41	8	9
41	10	11
41	13	13

42	0	0
42	1	3
42	4	5
42	6	7
42	8	9
42	10	11
42	12	13
42	15	15

43	0	0
43	1	3
43	4	6
43	7	7
43	8	9
43	10	11
43	12	13
43	15	15

44	0	0
44	1	3
44	5	5
44	6	7
44	8	8
44	9	10
44	11	12
44	13	14
44	16	16

45	0	0
45	1	3
45	4	5
45	6	7
45	8	9
45	10	11
45	12	13
45	15	15

46	0	0
46	1	3
46	4	5
46	6	6
46	7	9
46	11	12

47	0	0
47	1	3
47	4	6
47	7	7
47	8	9
47	11	12

48	0	0
48	1	4
48	5	6
48	7	8
48	9	11
48	13	14

49	0	0
49	2	5
49	7	8
49	9	10
49	11	13
49	15	16

50	0	0
50	1	1
50	2	3
50	4	4
50	5	5
50	6	7
50	9	9

51	0	0
51	1	3
51	4	5
51	6	8
51	9	10
51	11	11
51	12	13
51	14	15
51	17	17

52	0	2
52	3	4
52	5	6
52	7	8
52	9	10
52	11	11
52	12	13
52	15	15

53	0	2
53	3	5
53	6	7
53	8	8
53	9	9
53	10	10
53	11	11
53	13	13

54	0	2
54	3	4
54	5	6
54	7	7
54	8	10
54	12	12

55	0	2
55	3	5
55	6	6
55	7	8
55	9	9
55	10	11
55	12	13
55	15	15

56	0	2
56	3	4
56	5	6
56	7	8
56	9	9
56	10	10
56	11	11
56	12	12
56	14	14

57	0	2
57	3	4
57	5	5
57	6	7
57	8	8
57	9	10
57	11	12
57	14	15

58	0	2
58	3	6
58	7	8
58	9	9
58	10	10
58	11	11
58	12	12
58	14	15

59	0	3
59	4	5
59	6	7
59	8	9
59	10	10
59	11	12
59	13	13
59	15	16

60	3	3
60	4	5
60	6	7
60	8	11
60	13	16
60	17	17
60	18	21
60	22	22
60	23	25
60	26	26
60	27	28
60	29	30
60	31	31
60	32	33
60	34	35
60	36	36
60	37	37

61	3	3
61	4	5
61	6	6
61	7	8
61	9	9
61	10	10
61	12	15
61	16	16
61	17	20
61	21	22
61	23	23
61	24	25
61	26	27
61	28	29
61	30	30

62	3	3
62	4	4
62	5	6
62	7	8
62	9	9
62	10	10
62	11	13
62	14	14
62	15	16
62	17	18
62	19	19
62	20	21
62	22	23
62	24	24
62	25	26
62	27	27
62	28	30
62	31	31
62	32	33
62	34	35
62	36	36
62	37	38
62	39	40
62	41	41
62	42	42

63	0	0
63	1	1
63	2	3
63	4	5
63	6	7
63	8	8
63	9	10
63	11	11
63	12	13
63	14	14
63	15	17
63	18	18
63	19	21
63	22	22
63	23	24
63	25	25
63	26	27
63	28	28
63	29	29
63	30	31
63	32	32
63	33	34
63	35	35
63	36	37
63	38	38
63	39	40
63	41	41
63	43	43
63	44	45
63	46	46
63	47	48
63	49	49
63	51	51
63	52	53
63	54	54
63	55	55
63	56	56
63	57	57
63	58	61
63	62	62
63	63	63
63	64	64
63	65	66
63	67	68
63	69	69
63	70	70
63	71	71
63	72	73
63	74	75
63	76	76
63	77	77
63	78	79
63	80	80

64	3	3
64	4	4
64	5	5
64	6	7
64	8	9
64	10	11
64	12	13
64	14	14
64	15	16
64	17	17
64	18	19
64	20	21
64	22	22
64	23	24
64	25	25

65	3	3
65	4	5
65	6	7
65	8	8
65	9	9
65	10	12
65	13	14
65	15	15

66	3	3
66	4	5
66	6	6
66	7	8
66	9	10
66	11	12
66	13	15
66	16	17
66	18	18

67	3	3
67	4	5
67	6	6
67	7	8
67	9	11
67	12	14
67	15	16
67	17	19
67	20	20
67	21	23
67	24	24
67	25	28
67	29	29
67	30	31
67	32	32

68	1	1
68	2	3
68	4	5
68	6	7
68	8	8
68	9	10
68	11	13
68	14	16
68	17	17
68	18	19
68	20	21
68	22	23
68	24	27
68	28	29
68	30	30
68	31	32
68	33	34
68	35	37
68	38	41
68	42	43
68	44	44
68	46	46
68	47	48
68	49	51
68	52	52
68	53	53
68	54	55
68	56	56
68	57	59
68	60	60
68	61	62
68	63	63

69	3	3
69	4	5
69	6	6
69	7	8
69	9	10
69	11	11
69	12	13
69	14	15
69	16	17
69	18	19
69	20	20

70	3	3
70	4	4
70	5	8
70	10	13
70	14	14
70	15	19

74	0	2
74	3	3
74	4	5
74	6	7
74	8	8
74	9	10
74	11	12

75	0	0
75	1	2

76	3	3
76	4	7
76	8	8
76	9	9
76	10	11
76	12	14
76	15	15
76	16	18
76	19	19
76	20	21
76	22	23
76	24	24
76	25	25
76	26	27
76	28	29
76	30	31
76	32	32
76	33	33
76	34	34
76	35	36
76	37	37
76	38	39
76	40	40
76	41	42
76	43	44
76	45	45
76	47	48
76	49	50
76	51	51
76	52	53
76	54	54
76	55	56
76	57	58
76	59	59
76	60	61
76	62	62
76	63	64
76	65	65
76	66	67
76	68	68

77	2	2
77	3	4
77	5	6
77	7	8
77	9	10
77	11	13
77	14	14
77	15	16
77	17	18
77	19	19
77	20	20

78	0	0
78	1	3
78	4	5
78	6	7

79	3	4
79	5	6
79	7	7
79	8	8
79	9	10
79	11	12
79	13	13
79	14	15
79	16	16
79	17	17
79	18	18
79	19	19
79	20	20
79	21	22
79	23	23
79	24	25
79	26	26
79	27	28
79	29	29
79	30	31
79	32	32
79	33	34
79	35	35
79	36	37
79	38	39
79	40	40
79	41	41
79	42	43
79	44	45
79	46	46
79	48	49
79	50	50
79	51	51
79	52	52
79	53	54
79	55	56
79	57	57
79	58	59
79	60	60
79	61	61
79	62	64
79	65	65
79	66	67
79	68	69
79	70	70
79	71	72
79	73	73
79	74	75
79	76	76
79	77	78
79	79	80
79	81	81
79	82	83
79	84	87
79	88	88
79	89	90
79	91	92
79	94	95
79	96	96
79	97	98
79	99	100
79	101	102
79	103	103
79	104	105
79	106	107
79	108	108
79	109	110
79	111	112
79	113	114
79	115	115
79	116	117
79	118	119
79	120	120
79	121	121
79	122	123
79	124	125
79	126	127
79	128	129
79	130	131
79	132	132

80	0	1
80	2	2
80	3	6
80	7	7
80	8	11
80	13	13
80	14	14
80	15	16
80	17	18
80	19	19
80	20	21
80	22	22
80	23	25
80	27	29
80	30	30
80	32	35
80	36	36
80	38	40
80	41	41

81	0	1
81	2	2
81	3	8
81	9	9
81	10	13

82	0	1
82	2	2
82	3	3
82	5	9
82	10	10
82	11	14

83	0	1
83	2	2
83	3	3
83	5	9
83	10	10
83	11	14

84	0	1
84	2	2
84	3	3
84	5	9
84	10	10
84	11	14

85	0	1
85	2	2
85	3	6
85	7	7
85	8	11
85	13	13
85	14	14
85	15	16
85	18	19
85	20	20
85	21	22
85	23	23
85	24	29
85	30	30
85	32	35
85	36	36
85	38	40
85	41	41

86	0	1
86	2	2
86	3	6
86	7	7
86	8	11
86	13	13
86	14	14
86	15	16
86	17	17
86	18	19
86	21	23
86	24	24
86	25	26
86	27	27
86	28	28
86	29	30
86	31	31
86	32	35
86	36	36
86	38	38
86	39	41
86	43	46
86	47	47
86	49	52
86	53	53
86	55	57
86	58	58

87	1	2
87	3	3
87	4	4
87	6	11
87	12	12
87	13	16
87	17	18
87	19	22
87	23	24
87	25	26
87	27	28
87	29	30
87	31	32
87	33	33
87	34	34
87	35	36
87	37	37
87	38	47
87	48	48
87	49	49
87	50	50
87	52	55
87	56	56
87	58	59
87	60	60
87	61	61
87	63	68
87	69	69
87	70	73
87	74	74
87	75	75
87	76	77
87	78	78
87	79	80
87	82	82
87	83	84
87	85	85
87	86	87
87	88	88
87	89	91
87	92	92
87	93	95
87	97	100
87	101	101
87	103	106
87	107	107
87	109	111
87	112	112

88	3	4
88	5	5
88	6	6
88	8	13
88	14	14
88	15	18
88	19	20
88	21	22
88	23	24
88	25	26
88	28	28
88	29	29
88	30	31
88	32	32
88	33	33
88	34	35
88	36	37
88	38	38
88	39	39
88	40	42
88	43	43
88	44	45
88	46	46
88	47	48
88	49	50
88	51	52
88	54	55
88	56	56
88	57	63
88	64	64
88	65	65
88	66	66
88	68	71
88	72	72
88	74	76
88	77	77

89	0	1
89	2	2
89	3	3
89	5	10
89	11	11
89	12	15
89	17	18
89	19	20
89	22	23
89	24	25
89	26	26
89	27	28
89	29	29
89	30	31
89	32	32
89	33	35
89	37	39
89	41	45
89	46	46
89	47	49
89	50	50
89	52	55
89	56	56

90	3	4
90	5	5
90	6	6
90	8	14
90	15	15
90	16	19
90	20	21
90	22	23
90	25	27
90	28	28
90	29	31
90	32	32
90	33	35
90	36	36
90	37	39
90	40	40
90	41	43
90	45	47
90	49	52
90	53	53
90	54	56
90	57	57
90	59	62
90	63	63
90	65	67
90	69	73
90	74	74
90	75	77
90	78	78
90	80	83
90	84	84

91	3	4
91	5	5
91	6	6
91	8	11
91	12	12
91	13	16
91	17	19
91	20	20
91	21	22
91	23	23
91	24	25
91	26	26
91	27	29
91	30	30
91	31	32
91	34	34
91	35	36
91	37	37
91	38	39

92	0	1
92	2	2
92	3	3
92	5	10
92	11	11
92	12	13
92	14	14
92	15	15
92	17	23
92	24	24
92	25	26
92	27	27
92	28	29
92	30	31
92	32	33
92	34	34
92	35	36
92	37	38
92	39	40
92	41	42
92	43	43

93	0	2

94	0	1
94	2	3
94	4	4
94	6	15
94	16	16
94	17	23
94	25	33

95	3	3
95	4	4
95	5	6
95	7	10
95	11	11
95	12	13
95	14	15
95	16	17
95	18	18
95	19	20
95	21	21
95	22	23
95	24	25
95	26	26
95	27	28
95	29	30
95	31	31
95	32	32
95	33	36
95	37	38
95	39	40
95	41	41
95	42	43
95	44	45
95	46	46
95	48	49
95	50	50
95	51	51
95	52	53
95	54	55
95	56	56
95	57	58
95	59	60
95	61	62
95	63	64
95	65	66
95	67	67
95	68	69
95	70	71
95	72	72
95	73	73

96	0	2

97	0	2
97	4	10
97	12	18
97	20	28

98	2	3
98	4	5
98	6	6
98	7	8
98	9	10
98	11	11
98	12	12

99	0	2

100	0	1
100	2	2
100	4	7
100	9	16
100	18	26

101	2	3
101	4	5
101	6	8
101	9	9
101	10	11
101	12	13
101	14	14
101	15	16
101	17	17
101	18	18

102	0	0
102	1	2
102	3	4

103	0	2
103	3	3

104	0	2
104	3	3
104	4	4
104	5	6
104	7	7
104	8	9
104	10	11
104	12	12
104	13	14
104	15	16
104	17	18
104	19	19

105	0	2
105	3	3
105	4	4
105	5	6
105	7	7
105	8	9
105	10	11
105	12	12
105	13	14
105	15	15
105	16	16
105	17	17
105	18	19
105	20	21
105	22	22
105	23	24
105	25	25
105	26	27
105	28	28
105	29	30
105	31	32
105	33	33
105	34	35
105	36	36
105	37	38
105	39	40
105	41	41
105	42	43
105	44	44
105	45	45
105	47	47
105	48	48
105	49	49
105	50	51
105	52	53
105	54	54
105	55	56
105	57	57
105	58	58
105	59	60
105	61	61
105	62	62
105	63	64
105	65	65
105	66	67
105	68	69
105	70	70

106	0	2
106	3	3
106	4	4
106	5	6
106	7	7
106	8	8
106	9	10
106	11	12
106	13	15
106	16	17
106	18	18
106	19	20
106	21	21
106	22	23
106	24	25
106	26	28
106	29	30
106	31	32
106	33	33
106	34	35
106	36	36
106	37	38
106	39	40
106	41	42
106	43	43

107	0	0
107	1	1
107	2	2
107	3	3

108	0	2
108	3	3
108	4	4
108	5	6
108	7	7
108	8	8
108	9	10
108	11	11
108	12	13
108	14	17
108	18	18
108	19	20
108	21	22
108	23	23
108	24	25
108	26	27
108	28	28

109	0	2
109	3	3
109	4	4
109	5	6
109	7	7
109	8	8
109	9	10
109	11	12
109	13	13
109	14	15
109	16	16
109	17	18
109	19	20
109	21	21
109	22	23
109	24	24
109	25	26
109	27	29
109	30	30
109	31	31
109	32	32
109	33	34
109	35	35
109	36	37
109	38	39
109	40	40
109	41	42
109	43	44
109	45	45
109	47	47
109	48	49
109	50	51
109	52	52
109	53	54
109	55	56
109	57	57
109	58	59
109	60	60

110	0	2
110	3	4

111	2	4
111	5	5
111	6	7
111	8	8
111	9	10
111	11	11
111	12	12
111	13	13
111	14	15
111	16	16

112	0	0
112	1	1
112	2	2
112	3	4
112	5	5
112	6	7

113	0	1
113	3	6
113	8	8
113	9	9
113	11	11
113	13	13

114	0	0
114	2	3
114	8	8
114	9	9
114	10	12
114	15	17
114	18	18
114	19	20

115	4	6
115	7	7
115	8	10

116	3	3
116	5	6
116	7	7
116	8	9
116	10	11
116	12	12
116	14	14
116	16	16
116	17	18

117	3	3
117	5	5
117	6	7
117	8	9
117	10	10
117	15	15
117	17	17
117	18	20

118	3	3
118	5	5
118	6	6
118	7	7
118	8	8
118	9	11
118	16	17
118	18	18
118	19	19
118	21	21
118	22	22

119	0	0
119	2	3
119	4	5
119	6	7
119	8	8
119	11	11
119	12	12

120	3	3
120	5	6
120	7	8
120	13	13
120	15	16
120	17	18
120	20	20

121	3	4
121	5	6
121	8	8

122	0	0
122	2	5
122	9	10
122	11	11
122	13	14
122	15	15
122	16	17
122	19	19
122	20	22

123	5	5
123	6	6
123	8	9
123	10	10
123	11	13
123	15	16
123	17	17
123	19	19
123	20	21

124	5	5
124	6	6
124	7	7
124	8	8
124	9	9
124	10	10
124	12	12
124	13	14

125	7	7
125	9	11
125	13	13
125	14	14
125	15	17
125	19	19
125	20	21

126	0	2
126	3	6

127	3	4
127	5	5
127	6	7
127	8	9
127	10	11
127	12	12
127	13	14
127	15	15
127	16	17
127	18	18
127	19	22
127	23	23
127	24	24
127	25	26
127	27	28
127	29	30
127	31	31
127	32	33
127	34	35
127	36	36
127	37	38
127	39	40
127	41	41
127	42	43
127	44	44
127	46	48
127	49	51

128	3	5
128	6	7
128	8	10
128	11	11
128	12	13
128	14	15
128	16	16
128	17	17
128	18	19
128	20	20
128	21	23
128	24	24
128	25	26
128	27	28
128	29	29
128	30	31
128	32	33
128	34	34
128	35	36
128	37	39
128	40	40
128	41	41
128	42	42
128	43	43
128	44	45
128	47	48
128	49	50
128	51	52
128	53	53
128	54	56
128	57	57
128	58	59
128	60	61
128	62	64
128	65	65
128	66	66

129	0	2
129	3	4
129	5	6
129	7	7
129	8	9
129	10	11

130	2	2
130	3	4
130	5	5
130	6	7
130	8	9
130	10	11
130	12	12
130	13	14
130	15	16
130	17	18
130	19	19
130	20	21
130	22	22
130	23	23

131	0	0
131	1	2
131	3	4
131	5	5
131	6	7
131	9	11
131	12	13
131	14	15

132	2	2
132	3	3
132	4	5
132	6	7
132	8	8
132	9	9
132	10	10
132	11	12
132	13	13
132	14	15
132	16	16
132	17	17
132	18	19
132	20	20
132	21	22
132	23	23
132	24	25
132	26	27
132	28	29
132	30	30
132	31	31

133	2	2
133	3	3
133	5	6
133	7	8
133	9	9
133	10	10
133	11	11
133	12	12
133	13	13
133	14	14
133	15	15

134	0	0
134	1	1
134	3	4
134	5	6
134	7	7
134	8	11
134	12	12
134	13	13

135	2	2
135	3	3
135	5	6
135	7	8
135	9	10
135	11	11
135	12	12
135	13	15
135	16	16
135	17	17

136	0	0
136	1	1
136	3	6
136	7	7
136	8	8
136	9	11
136	12	12
136	13	13
136	15	15

137	0	0
137	1	1
137	3	4
137	5	6
137	7	8
137	10	12
137	13	13
137	14	14
137	15	15
137	16	16

138	0	0
138	1	1
138	3	5
138	6	7
138	8	8
138	9	9
138	10	12
138	13	13
138	14	14
138	15	15
138	16	16

139	0	0
139	1	1
139	3	4
139	5	6
139	7	8
139	9	9
139	10	10
139	11	13
139	14	14
139	15	15
139	16	16
139	17	17

140	0	2
140	3	4
140	5	6

141	3	4
141	5	6
141	7	8
141	9	10
141	11	11
141	12	13
141	14	15
141	16	17
141	18	18
141	19	19
141	20	21
141	22	22
141	23	24
141	25	26
141	27	28
141	29	29
141	30	30
141	31	31
141	32	33
141	34	34
141	35	36
141	37	38
141	39	39
141	40	41
141	42	43
141	44	44
141	45	45
141	47	47
141	48	49
141	50	50
141	51	52
141	53	53
141	54	54
141	55	55
141	56	57
141	58	58
141	59	60
141	61	62
141	63	64
141	65	66
141	67	67
141	68	69
141	70	70
141	71	72
141	73	74
141	75	76
141	77	78
141	79	79

142	2	2
142	3	3
142	5	6
142	7	8
142	9	10
142	11	12
142	13	13
142	14	14
142	15	17
142	18	18
142	19	19

143	0	0
143	1	1
143	3	4
143	5	6
143	7	7
143	8	8
143	9	11
143	12	12
143	13	13
143	14	14
143	15	15

144	2	2
144	3	3
144	5	5
144	6	7
144	8	8
144	9	11
144	12	13
144	14	14
144	15	15
144	16	18
144	19	19
144	20	20
144	21	21
144	22	22

145	0	0
145	1	1
145	3	3
145	4	5
145	6	6
145	7	8
145	9	9
145	10	11
145	12	12
145	13	13
145	14	16
145	17	17
145	18	18
145	19	19
145	20	20

146	3	4
146	5	6
146	7	7
146	8	8
146	9	10
146	11	11
146	12	12
146	13	14
146	15	16
146	17	17
146	18	18
146	19	21
146	22	23
146	24	25
146	26	26
146	27	28
146	29	29
146	30	31
146	32	33
146	34	35
146	36	37
146	38	39
146	40	40
146	41	41
146	42	42
146	43	44
146	45	45
146	47	47
146	48	49
146	50	51
146	52	52

147	2	2
147	3	3
147	4	4
147	5	6
147	7	7
147	8	9
147	10	11
147	12	13
147	14	15
147	16	16
147	17	18
147	19	20
147	21	22
147	23	23

148	2	2
148	3	3
148	4	5
148	6	7
148	8	8
148	9	10
148	11	11
148	12	13
148	14	14
148	15	16
148	17	18
148	19	19
148	20	20
148	21	22
148	23	24
148	25	26
148	27	28
148	29	29
148	30	30

149	2	2
149	3	3
149	4	5
149	6	7
149	8	8
149	9	10
149	11	12
149	13	14
149	15	16
149	17	17
149	18	19
149	20	21
149	22	22
149	23	23

150	2	2
150	3	3
150	4	5
150	6	7
150	8	11
150	12	13
150	14	15
150	16	16
150	17	17

151	2	3
151	4	4
151	5	6
151	7	8
151	9	9
151	10	11
151	12	13
151	14	14
151	15	16
151	17	18
151	19	19

152	2	2
152	3	3
152	5	5
152	6	6
152	7	7
152	8	8
152	9	9
152	10	11
152	12	13
152	14	14
152	15	16
152	17	17
152	18	18

153	0	0
153	1	1
153	3	4
153	5	6
153	7	7
153	8	9
153	10	11
153	12	12
153	13	13
153	15	20
153	21	21
153	22	23
153	24	24
153	25	26
153	27	27
153	28	28
153	29	30
153	31	32
153	33	34
153	35	36
153	37	38
153	39	39
153	40	41
153	42	42
153	43	43
153	44	45
153	46	47
153	48	48
153	50	50
153	51	52
153	53	54
153	55	55
153	56	57
153	58	58
153	59	59
153	60	61
153	62	62
153	63	63
153	64	64
153	65	65
153	66	67
153	68	69
153	70	70
153	71	71
153	72	74
153	75	75
153	76	76
153	77	79
153	80	80

154	0	2
154	3	4
154	5	6

155	2	3
155	4	4
155	5	6
155	7	8
155	9	10
155	11	12
155	13	13
155	14	14
155	15	16
155	17	17
155	18	18
155	19	20
155	21	22
155	23	23
155	24	25
155	26	27
155	28	29
155	30	31
155	32	33
155	34	35
155	36	37
155	38	39
155	40	40
155	41	41

156	0	0
156	1	2
156	3	4

157	0	2
157	3	4
157	5	6
157	7	7
157	8	8

158	2	2
158	3	4
158	5	5
158	6	7
158	8	9
158	10	10
158	11	12
158	13	14
158	15	15
158	16	16
158	17	17
158	18	18
158	19	20
158	21	23
158	24	24
158	25	26
158	27	27

159	0	2
159	3	4
159	5	6

160	3	4
160	5	6
160	7	8
160	9	10
160	11	11
160	12	13
160	14	14
160	15	16
160	17	18
160	19	19
160	20	21
160	22	22
160	23	23
160	24	25
160	26	26
160	27	28
160	29	30
160	31	32
160	33	33
160	34	35
160	36	36
160	37	38
160	39	39
160	40	40
160	41	41
160	42	43
160	44	46
160	48	48
160	49	50
160	51	51

161	0	2
161	3	4
161	5	6
161	7	8

162	2	3
162	4	4
162	5	6
162	7	8
162	9	9
162	10	11
162	12	12
162	13	14
162	15	16
162	17	17
162	18	18
162	19	19
162	20	21
162	22	24
162	25	25
162	26	26
162	27	27
162	28	29
162	30	30

163	0	2
163	3	3
163	4	4
163	5	6

164	3	3
164	4	5
164	6	6
164	7	7
164	9	11
164	12	13
164	14	14
164	15	16
164	17	17
164	18	18
164	19	19
164	20	21
164	22	22
164	23	23
164	24	25
164	26	26
164	27	27
164	28	28
164	29	29
164	30	30
164	31	31
164	32	33
164	34	34
164	35	37
164	38	39
164	40	41
164	42	43
164	44	44
164	45	45
164	46	47
164	48	48
164	50	51
164	52	53
164	54	54
164	55	57
164	58	59
164	60	61
164	62	63
164	64	65
164	66	66
164	67	69
164	70	70

165	0	2
165	3	3
165	4	4
165	5	6
165	7	7
165	8	9
165	10	10
165	11	12

166	2	3
166	4	4
166	5	6
166	7	7
166	8	11
166	12	12
166	13	14
166	15	15
166	16	16
166	17	18
166	19	20
166	21	21
166	22	23
166	24	25
166	26	26
166	27	28
166	29	30
166	31	31
166	32	33
166	34	34
166	35	37
166	38	39
166	40	41
166	42	43
166	44	44

167	0	2
167	3	3
167	4	4
167	5	6

168	2	2
168	3	4
168	5	5
168	6	7
168	8	8
168	9	10
168	11	12
168	13	14
168	15	15

169	0	2
169	3	3
169	4	4
169	5	6

170	3	4
170	5	6
170	7	7
170	8	9
170	10	10
170	11	12
170	13	15
170	16	16
170	17	18
170	19	20
170	21	21
170	22	22
170	23	23
170	24	25
170	26	27
170	28	29
170	30	31
170	32	32
170	33	36
170	37	37
170	38	39
170	40	41
170	42	42
170	43	44
170	45	45
170	47	49
170	50	51
170	52	53
170	54	55
170	56	56

171	0	2
171	3	3
171	4	4
171	5	6
171	7	8

172	2	2
172	3	4
172	5	6
172	7	7
172	8	9
172	10	11
172	12	12
172	13	14
172	15	15
172	16	16
172	17	18
172	19	20
172	21	21

173	0	2
173	3	3
173	4	4
173	5	7

174	3	3
174	4	6
174	7	8
174	9	9
174	10	11
174	12	13
174	14	15
174	16	16
174	17	17
174	18	19
174	20	21
174	22	23
174	24	24
174	25	25
174	26	27
174	28	28
174	29	31
174	32	32

175	0	2
175	3	4
175	5	6

176	3	4
176	5	5
176	6	7
176	8	9
176	10	10
176	11	12
176	13	14
176	15	16
176	17	17
176	18	19
176	20	21
176	22	22
176	23	24
176	25	27
176	28	28
176	29	30
176	31	31

177	0	2
177	3	3
177	4	4
177	5	8

178	3	4
178	5	5
178	6	9
178	10	10
178	11	12
178	13	13
178	14	14
178	16	20
178	21	21
178	22	23
178	24	24
178	25	25
178	27	31
178	32	32
178	33	34
178	35	36
178	37	37

179	0	2
179	3	3
179	4	4
179	5	6
179	7	8

180	3	4
180	5	5
180	6	7
180	8	9
180	10	10
180	11	12
180	13	13
180	14	14
180	16	18
180	19	19
180	20	21
180	22	23
180	24	24

181	0	2
181	3	3
181	4	4
181	5	7
181	8	9

182	3	4
182	5	5
182	6	8
182	9	10
182	11	11
182	12	13
182	14	14
182	15	15
182	17	21
182	22	22
182	23	24
182	25	25
182	26	26
182	28	32
182	33	33
182	34	35
182	36	37
182	38	38

183	0	2
183	3	3
183	4	4
183	5	6
183	7	8
183	9	10

184	3	4
184	5	5
184	6	7
184	8	9
184	10	11
184	12	12
184	13	14
184	15	15
184	16	16
184	18	23
184	24	24
184	25	26
184	27	27
184	28	29
184	30	30
184	31	32
184	33	33
184	34	36
184	37	38
184	39	39
184	40	40
184	41	42
184	43	44
184	45	46
184	47	47

185	0	2
185	3	3
185	4	4
185	5	6
185	7	8

186	3	4
186	5	5
186	6	7
186	8	9
186	10	10
186	11	12
186	13	13
186	14	14
186	16	18
186	19	19
186	20	21
186	22	23
186	24	24

187	0	2
187	3	3
187	4	4
187	5	5
187	6	7
187	8	8
187	9	11
187	12	13

188	3	4
188	5	5
188	6	6
188	7	8
188	9	9
188	10	12
188	13	14
188	15	15
188	16	19
188	21	24
188	25	25
188	26	27
188	28	29
188	30	30

189	0	2
189	3	3
189	4	4
189	5	5
189	6	7
189	8	8
189	9	10
189	11	11
189	12	13
189	15	16
189	17	17
189	18	18
189	19	20
189	21	21
189	22	23
189	24	24
189	25	26
189	27	27
189	28	31
189	33	38
189	39	39
189	40	41
189	42	43
189	44	44

190	0	0
190	1	2
190	3	3
190	4	5
190	6	6
190	7	8

191	0	2
191	3	4

192	0	2
192	3	3
192	4	4
192	5	6
192	7	7
192	8	8
192	9	10
192	11	12
192	13	14
192	15	15
192	16	17
192	18	19
192	20	20
192	21	22
192	23	23
192	24	25
192	26	26

193	0	2
193	3	3
193	4	4
193	5	6
193	7	7
193	8	9
193	10	10
193	11	12
193	13	14
193	15	16
193	17	18
193	19	20
193	21	21
193	22	23
193	24	25
193	26	29
193	30	31
193	32	32
193	33	34
193	35	37
193	38	38
193	39	39
193	40	42
193	43	44
193	45	45
193	47	47
193	48	48
193	49	50
193	51	51
193	52	52
193	53	53
193	54	55
193	56	57
193	58	58
193	59	60
193	61	62
193	63	64
193	65	66
193	67	68
193	69	70
193	71	72
193	73	73
193	74	74
193	75	76
193	77	78
193	79	79
193	80	81
193	82	82
193	83	84
193	85	85
193	86	88
193	89	89
193	90	90

194	0	2
194	3	3
194	4	4
194	5	7
194	8	9
194	10	11
194	12	14
194	15	15
194	16	17
194	18	20
194	21	21
194	22	23
194	24	25
194	26	27
194	28	29
194	30	30
194	31	31
194	32	33
194	34	35
194	36	36
194	37	38
194	39	40
194	41	41

195	0	2
195	3	3
195	4	4
195	5	7
195	8	9
195	10	10
195	11	11
195	12	15
195	16	16
195	17	18
195	19	19
195	20	21
195	22	22
195	23	24
195	25	25
195	26	29
195	30	30
195	31	31
195	32	33
195	34	37
195	38	38
195	39	40
195	41	42
195	43	44
195	45	45
195	47	47
195	48	49
195	50	50
195	51	52
195	53	54
195	55	55
195	56	56
195	57	57
195	58	59
195	60	60
195	61	61
195	62	62
195	63	63
195	64	65
195	66	66
195	67	67
195	68	68
195	69	70
195	71	71
195	72	72
195	73	74
195	75	75

196	0	2
196	3	4

197	0	2
197	3	3
197	4	4
197	5	6
197	7	7
197	8	8
197	9	10
197	11	12
197	13	14
197	15	16
197	17	18
197	19	19
197	20	20
197	21	22
197	23	23
197	24	25
197	26	27
197	28	29
197	30	30
197	31	32
197	33	34
197	35	36
197	37	37

198	0	2
198	3	3
198	4	4
198	5	6
198	7	7
198	8	10
198	11	11
198	12	13
198	14	15
198	16	16
198	17	18
198	19	20
198	21	22
198	23	23
198	24	25
198	26	26
198	27	28
198	29	29
198	30	31
198	32	32

199	0	2
199	3	4

200	0	2
200	3	3
200	4	4
200	5	6
200	7	7
200	8	9
200	10	11
200	12	12
200	13	13
200	14	14
200	15	16
200	17	20
200	21	21
200	22	23
200	24	24
200	25	26
200	27	28
200	29	29

201	0	2
201	3	3
201	4	4
201	5	6
201	7	7
201	8	8
201	9	10
201	11	11
201	12	12
201	13	14
201	15	16
201	17	17
201	18	20
201	21	21
201	22	23
201	24	24
201	25	26
201	27	27
201	28	29
201	30	30
201	31	31

202	0	2
202	3	3
202	4	4
202	5	6
202	7	7
202	8	9
202	10	10
202	11	12
202	13	14
202	15	16
202	17	18
202	19	19

203	0	2
203	3	3
203	4	4
203	5	6
203	7	8
203	9	9
203	10	11
203	12	12
203	13	16
203	17	17
203	18	18
203	19	20
203	21	23
203	24	24

204	0	1
204	2	2

205	0	0
205	1	3
205	4	5
205	6	6

206	0	1
206	2	2
206	3	4
206	5	6
206	7	8
206	9	9
206	10	11
206	12	13

207	0	2
207	3	4
207	5	7

208	2	3
208	4	6
208	7	8
208	9	10
208	11	12
208	13	14
208	15	17
208	18	18
208	19	20
208	21	22
208	23	24
208	25	27
208	28	28

213	0	4
213	5	5
213	7	13
213	14	14
213	16	20
213	21	21
213	23	29
213	30	30
213	32	36
213	37	37
213	39	42
213	43	43
213	45	45
213	46	46
213	47	47
213	48	48
213	49	50
213	51	51
213	52	53
213	54	54
213	55	56
213	57	57
213	58	59
213	60	60
213	61	62
213	63	63
213	64	65
213	66	66
213	68	68
213	69	69
213	70	70
213	71	71
213	72	72
213	73	73
213	74	74
213	75	76
213	77	77
213	78	78
213	79	79

214	0	0
214	1	3
214	4	5
214	6	8
214	9	10
214	11	12
214	13	14

217	0	0
217	1	3
217	5	5
217	6	6
217	7	7

218	0	0
218	1	3
218	4	5
218	6	8
218	9	10
218	11	11
218	12	13
218	14	15

219	0	1
219	3	4
219	6	6
219	7	7
219	9	10
219	12	12
219	14	15
219	17	19
219	21	21
219	23	24
219	26	26

220	0	2
220	4	4

221	0	1
221	3	3
221	4	4
221	5	5
221	7	8

222	0	1
222	5	5

223	0	0
223	1	1
223	3	3
223	5	5
223	6	6
223	8	8
223	10	10
223	12	14

224	0	1
224	2	3
224	6	6
224	8	8
224	9	9
224	11	11
224	13	13
224	14	14
224	16	16
224	18	18
224	19	19
224	21	21
224	23	23
224	24	24
224	26	26
224	27	27

225	0	0
225	2	2
225	3	4
225	6	6
225	8	8
225	9	9
225	11	11
225	12	12
225	16	17
225	18	18
225	19	19
225	20	20

226	0	0

228	2	3
228	4	5
228	6	7
228	8	9
228	10	11
228	12	13
228	14	16
228	17	17
228	18	19
228	20	21
228	22	23
228	24	25

229	0	0
229	1	1
229	2	2
229	3	3
229	4	4
229	5	5
229	6	6
229	7	7
229	9	9
229	10	10
229	11	12
229	14	15
229	16	16
229	17	17
229	18	18

230	0	0
230	1	3
230	4	5
230	6	7
230	8	9
230	10	11
230	12	13

231	0	0
231	1	3
231	4	5
231	6	7
231	8	9
231	10	10
231	11	12
231	13	14

232	0	1

233	0	1
233	3	3
233	5	5
233	7	7
233	9	9
233	11	11

234	3	3
234	4	5
234	7	7
234	8	9
234	10	10
234	11	11
234	12	14
234	16	16
234	17	19

235	1	2
235	3	4
235	6	6
235	7	7

236	0	0
236	2	2
236	3	3

237	0	0
237	2	2
237	3	3
237	8	8
237	9	9
237	11	11
237	12	12
237	14	14
237	16	16
237	21	21
237	22	24

238	0	0

240	0	2
240	3	5

241	3	5
241	6	7
241	8	9
241	10	11
241	12	13
241	14	16
241	17	17
241	18	19
241	20	21
241	22	22
241	23	23
241	24	26
241	27	27

242	2	6
242	7	7
242	9	18
242	19	19
242	21	30
242	31	31
242	33	33
242	34	34
242	36	36
242	37	37
242	38	39
242	40	40
242	42	43
242	44	44
242	45	46
242	47	47
242	49	50
242	51	51
242	52	53
242	54	54
242	55	56
242	57	57
242	59	59
242	60	60
242	62	62
242	63	63
242	64	64
242	65	65
242	66	66
242	67	67
242	68	68
242	69	69
242	70	70
242	71	71
242	73	73
242	74	74
242	75	76
242	77	77
242	78	78
242	79	79

243	0	0
243	1	3
243	4	6
243	7	8
243	9	10
243	11	12

244	0	0
244	1	3
244	4	6
244	7	8
244	9	9
244	10	11
244	12	13

245	0	1

246	0	1
246	3	3
246	5	5
246	7	7
246	9	9
246	11	11
246	13	13

247	0	1
247	2	3
247	5	5
247	6	6
247	8	8
247	10	10
247	11	12
247	14	14
247	16	16
247	17	17
247	19	19
247	20	21
247	23	23
247	25	25
247	26	26
247	28	28
247	30	30

249	0	2
249	3	4
249	5	6

250	2	3
250	4	5
250	6	7
250	8	9
250	10	11
250	12	13
250	14	16
250	17	17
250	18	19
250	20	21
250	22	23
250	24	26
250	27	27

251	0	0
251	1	3
251	4	5
251	6	7
251	8	8
251	9	10
251	11	12

252	0	1

253	0	1
253	3	3
253	4	4
253	6	6
253	8	8
253	10	10
253	12	12

254	4	6
254	8	8
254	9	10
254	12	14
254	16	18
254	20	23

255	1	2
255	3	4
255	6	6
255	8	8
255	9	9
255	11	11
255	12	12
255	14	14
255	15	15
255	17	17
255	18	18
255	20	20
255	22	22
255	24	24

256	0	0
256	3	3
256	4	6
256	8	8

259	0	0
259	1	1
259	2	3
259	4	4

261	3	13
261	14	14
261	16	19
261	20	20
261	21	21
261	23	27
261	28	28
261	30	30
261	31	31
261	33	34
261	35	35
261	37	38
261	39	39
261	40	41
261	42	42
261	43	44
261	45	45
261	46	47
261	48	48
261	49	50
261	51	51
261	53	53
261	55	55
261	56	56
261	57	59
261	60	60
261	61	61
261	62	62
261	63	63
261	64	64
261	65	65
261	66	66
261	68	68
261	69	69
261	70	70
261	71	71
261	72	72
261	73	73
261	74	75
261	76	77
261	78	78

262	0	0
262	1	3
262	4	5
262	6	7
262	8	9
262	10	11
262	12	13

263	2	4
263	5	6

264	2	4
264	5	5
264	6	6
264	7	9
264	10	10

265	4	6
265	7	7
265	8	9
265	10	11
265	12	13
265	14	15
265	16	18
265	19	19
265	20	21
265	22	23
265	24	25
265	26	28
265	29	29

268	0	5
268	6	6
268	8	8
268	9	9
268	10	10
268	11	11
268	12	12
268	13	14
268	15	16
268	17	17

269	0	0
269	1	3
269	4	6
269	7	7
269	8	9
269	10	11
269	12	13

271	0	0
271	1	3
271	4	6
271	7	7
271	8	9
271	10	10
271	11	12
271	13	14

272	2	2
272	5	5
272	7	7
272	9	9

273	0	0
273	2	2
273	5	6
273	9	11
273	13	14
273	16	16
273	17	17
273	19	19

274	1	1
274	2	2
274	3	4
274	6	7
274	9	9
274	10	11
274	13	13
274	14	15
274	17	19
274	21	21
274	22	23
274	24	24
274	25	27
274	29	33
274	35	35
274	36	39
274	41	42
274	44	44
274	45	46

275	0	1
275	2	3
275	5	5
275	6	8
275	10	10
275	11	13
275	15	15
275	16	18
275	20	20
275	22	22
275	23	23
275	24	26
275	28	28
275	30	30
275	31	33
275	35	35
275	36	36
275	38	38
275	39	40
275	42	42
275	43	43

276	0	2
276	3	3
276	4	4
276	6	6
276	7	8
276	9	9

277	3	3
277	4	5
277	6	6
277	7	8
277	9	10
277	11	12
277	13	14
277	15	17
277	18	18
277	19	20
277	21	22
277	23	24
277	25	27
277	28	28

279	0	1

280	0	1
280	3	3
280	5	5
280	7	7
280	9	9
280	11	11

281	3	3
281	4	4
281	5	6
281	8	9
281	11	11
281	12	13
281	15	15
281	16	17
281	19	21
281	23	23
281	24	25
281	29	31
281	33	33
281	34	35
281	37	37
281	38	40
281	42	43
281	44	44
281	45	47
281	49	53
281	55	55
281	56	59

282	0	1
282	2	3
282	5	5
282	6	8
282	10	10
282	11	13
282	15	15
282	16	18
282	22	22
282	24	26
282	28	28
282	29	31
282	33	33
282	34	34
282	36	36
282	37	38

284	0	2
284	3	3
284	4	4
284	5	6
284	7	8

285	2	3
285	4	5
285	6	7
285	8	9
285	10	11
285	12	13
285	14	16
285	17	17
285	18	19
285	20	21
285	22	23
285	24	26
285	27	27

287	0	5
287	6	6
287	8	8
287	9	9
287	11	11
287	12	12
287	13	14
287	15	15
287	16	16
287	17	17

288	0	0
288	1	3
288	4	5
288	6	7
288	8	9
288	10	11
288	12	13

289	0	0
289	1	3
289	4	5
289	6	7
289	8	9
289	10	10
289	11	12
289	13	14

290	0	1

291	0	1
291	3	3
291	5	5
291	7	7

292	1	1
292	2	2
292	3	4
292	6	7
292	9	9
292	10	11
292	13	13
292	14	15
292	17	17
292	18	19
292	21	21
292	22	23
292	25	25
292	26	28
292	30	31
292	33	35
292	39	39
292	40	43

293	0	1
293	2	3
293	5	5
293	6	8
293	10	10
293	11	13
293	15	15
293	16	18
293	20	20
293	22	22
293	23	25
293	27	27
293	29	29
293	30	32
293	34	34
293	35	35
293	37	37
293	38	39

295	0	2
295	3	4
295	5	5

296	2	3
296	4	4
296	5	7
296	8	9
296	10	12
296	13	13
296	14	15
296	16	17
296	18	19
296	20	22
296	23	23

298	0	1

299	0	1
299	2	3
299	5	6
299	7	8

300	1	1
300	4	4

301	0	0
301	1	1
301	2	3
301	5	7

302	0	0
302	2	2
302	3	5
302	7	7

303	0	0
303	1	2
303	3	3
303	4	4
303	5	6
303	8	8
303	9	10
303	12	12
303	13	15
303	17	17
303	19	19
303	20	22

304	0	0
304	1	1
304	2	3
304	4	4
304	5	5
304	6	8
304	10	10
304	11	12
304	14	14
304	15	17
304	19	19

305	0	0
305	1	1
305	2	5
305	7	7
305	8	10
305	12	12
305	14	15
305	17	17

306	0	2
306	3	6

320	0	0
320	1	3
320	4	7
320	8	10

321	0	0
321	1	3
321	4	7
321	8	9
321	10	10
321	11	12
321	13	14

322	0	1

324	0	2
324	3	4
324	5	6

325	2	3
325	4	5
325	6	8
325	9	10
325	11	14
325	15	15
325	16	17
325	18	19
325	20	21
325	22	22
325	23	23
325	25	26
325	27	27

327	0	2
327	3	4
327	5	6

329	0	0
329	1	4
329	5	6
329	7	8
329	9	11

330	0	0
330	1	4
330	5	6
330	7	8
330	9	10
330	11	12
330	13	13
330	14	15
330	16	17

331	0	1

332	0	1
332	2	3
332	5	6
332	7	8
332	10	11
332	12	12

333	3	3
333	5	5

334	0	0
334	1	1
334	2	4
334	6	6
334	7	8
334	10	10
334	11	12
334	14	14
334	15	16
334	18	18
334	20	21

335	1	1
335	2	3
335	5	5
335	6	7
335	9	9
335	10	12
335	14	14
335	15	16
335	18	18
335	19	21

336	0	0
336	1	2
336	3	3
336	4	4
336	5	7
336	9	11
336	13	13
336	14	14
336	15	15
336	16	16
336	18	18
336	19	20
336	22	22
336	24	26

337	1	1
337	2	3
337	5	5
337	7	7

338	0	0
338	1	4
338	6	6
338	7	8
338	10	10
338	11	12
338	14	14
338	15	16
338	18	18
338	20	20
338	21	23

339	1	1
339	2	3
339	5	5
339	6	8
339	10	10
339	12	12
339	13	13
339	14	14
339	15	15
339	17	17

