1	0	1

2	0	0
2	1	1
2	2	6
2	7	10
2	11	12

3	0	1
3	2	2
3	3	3
3	5	7
3	9	9
3	11	14

4	0	1
4	3	4
4	5	5
4	6	6
4	8	10
4	12	12
4	14	17

5	0	1
5	2	4
5	5	6
5	7	8

6	0	8
6	10	22
6	24	26
6	28	32
6	34	44

10	0	3
10	4	4
10	5	6
10	7	7
10	8	9
10	11	12

11	0	1
11	2	3
11	4	4
11	5	6

12	0	0
12	2	2

13	0	1
13	3	4

14	0	0
14	1	2
14	4	4

15	0	0
15	1	3
15	4	5
15	6	7
15	9	9

16	0	0
16	2	3
16	4	5
16	7	7

17	0	0
17	1	3
17	4	5
17	6	7
17	9	9

18	0	0
18	1	3
18	4	4
18	5	6
18	7	8
18	10	10

19	0	0
19	1	3
19	4	4
19	5	5
19	6	7
19	8	9
19	10	10
19	11	12
19	14	15

20	0	0
20	1	3
20	4	4
20	5	6
20	7	7
20	8	9
20	10	10
20	11	12
20	13	13
20	14	15
20	17	18

21	3	3
21	4	5
21	6	7
21	8	8
21	9	10
21	11	12
21	13	14
21	15	15
21	16	18
21	19	20
21	21	22
21	23	26
21	27	27
21	28	31
21	32	33
21	34	34
21	35	36
21	37	38
21	39	39
21	40	41
21	42	42
21	43	43
21	44	44
21	45	46
21	47	47
21	49	49
21	50	50
21	51	54
21	55	55
21	57	60
21	61	61
21	62	62
21	63	63
21	64	65
21	66	66
21	67	67
21	68	69
21	70	70
21	71	71
21	73	75
21	76	76
21	77	80
21	81	82
21	83	84
21	85	85

22	4	5
22	6	7
22	8	8
22	9	9
22	10	11
22	12	13
22	14	14
22	15	16
22	17	18
22	19	20
22	21	21

23	4	4
23	5	5
23	6	7
23	8	9
23	10	10
23	11	12
23	13	13
23	14	14
23	16	18
23	19	19
23	20	23
23	24	24
23	25	28
23	29	30
23	31	32
23	33	34
23	35	36
23	37	37
23	38	38
23	39	40
23	41	42
23	43	43
23	44	45
23	46	46

24	3	3
24	4	4
24	5	5
24	6	7
24	8	9
24	10	10
24	12	16
24	17	17
24	18	20
24	21	22
24	23	24
24	25	25
24	26	27
24	28	28
24	29	30
24	31	31
24	33	36
24	37	38
24	39	40
24	41	42
24	43	44
24	45	47
24	48	48
24	49	50
24	52	53
24	54	54
24	55	56
24	57	57
24	58	58
24	59	60
24	61	62
24	63	64
24	65	66
24	67	68
24	69	69
24	70	73
24	74	74
24	75	79
24	80	80

25	4	4
25	5	5
25	6	7
25	8	8
25	9	10
25	11	12
25	13	14
25	15	16
25	17	17
25	18	19
25	20	21
25	22	23
25	24	24

26	4	4
26	5	5
26	6	6
26	7	9
26	10	11
26	12	13
26	14	15
26	16	16
26	17	18
26	19	20
26	21	21
26	22	22
26	23	23
26	24	27
26	28	28
26	29	30
26	31	32
26	33	33
26	34	35
26	36	37
26	38	38
26	39	40
26	41	41

27	4	4
27	5	5
27	6	6
27	7	9
27	10	11
27	12	12
27	13	14
27	15	15
27	16	17
27	18	19
27	20	20
27	21	22
27	23	23
27	24	25
27	26	26

28	3	3
28	4	4
28	5	5
28	6	6
28	7	8
28	9	9
28	10	10
28	11	12
28	13	16
28	17	17
28	18	19
28	20	20
28	21	22
28	23	23
28	24	24
28	25	28
28	29	29
28	30	31
28	32	32
28	33	34
28	35	35
28	36	36
28	37	37
28	38	39
28	40	40
28	42	42
28	43	44
28	45	46
28	48	48
28	49	49
28	50	50
28	51	51
28	52	55
28	56	58
28	59	59
28	60	60
28	61	61
28	62	63
28	64	65
28	66	66
28	67	67
28	68	68
28	69	69
28	70	72
28	73	73
28	74	74
28	75	75
28	76	77
28	78	78
28	79	79
28	80	80
28	81	81
28	82	84
28	85	85
28	86	86
28	87	87
28	88	89
28	90	92
28	93	93
28	94	94
28	95	95
28	96	97
28	98	98
28	100	100
28	101	102
28	103	103
28	104	105
28	106	107
28	108	109
28	110	110

29	3	3
29	4	4
29	5	6
29	7	7
29	9	9
29	10	11
29	12	13
29	14	15
29	16	16
29	17	17
29	18	19
29	20	21
29	22	22
29	23	24
29	25	26
29	27	27
29	28	28
29	29	30
29	31	31
29	32	32
29	33	34
29	35	36
29	37	37
29	38	39
29	40	40
29	41	42
29	43	44
29	45	46
29	48	48
29	49	49
29	50	51
29	52	53
29	54	55
29	56	56
29	57	58
29	59	61
29	62	62
29	63	65
29	66	66
29	67	68
29	69	70
29	71	72
29	73	73
29	74	75
29	76	77
29	78	78
29	79	80
29	81	82
29	83	83
29	84	85
29	86	86

30	3	3
30	4	4
30	5	6
30	7	7
30	8	9
30	10	12
30	13	14
30	15	16
30	17	18
30	19	19
30	20	21
30	22	23
30	24	25
30	26	26
30	27	29
30	30	31
30	32	33
30	34	35
30	36	36
30	37	37
30	38	39
30	40	40
30	41	42
30	43	44
30	46	46
30	47	47

31	4	4
31	5	6
31	7	8
31	9	9
31	10	11
31	12	13
31	14	14
31	15	15
31	17	19
31	20	20
31	21	24
31	25	25

32	4	4
32	5	6
32	7	7
32	8	16
32	17	17
32	18	18
32	19	19

33	4	5
33	6	7
33	8	11
33	12	13
33	14	16
33	17	19
33	20	21
33	22	24
33	25	26
33	28	28

34	4	4
34	5	6
34	7	8
34	9	10
34	11	12
34	13	13
34	14	15
34	16	17
34	18	19
34	20	22
34	23	23

35	3	3
35	4	5
35	6	7
35	8	9
35	10	11
35	12	12
35	13	14
35	15	16
35	17	18
35	19	21
35	22	22
35	23	24
35	25	26
35	27	28
35	29	29
35	30	31
35	32	33
35	34	35
35	36	37
35	38	40
35	41	41
35	42	44
35	45	45
35	47	47
35	48	49
35	50	50
35	51	52
35	53	54
35	55	56
35	57	57
35	58	59
35	60	61
35	62	63
35	64	67
35	68	68
35	69	70
35	71	74
35	75	77
35	78	79
35	80	80
35	81	82
35	83	84
35	85	86
35	87	87
35	88	89
35	90	91
35	93	94
35	95	95
35	96	97
35	98	99
35	100	101
35	102	102
35	103	104
35	105	106
35	107	110
35	111	111
35	112	112

36	4	4
36	5	6
36	7	8
36	9	11
36	12	12
36	13	15
36	16	16
36	17	17
36	18	18
36	19	19
36	20	21
36	22	22
36	23	24
36	25	25

37	3	3
37	4	5
37	6	7
37	8	10
37	11	11
37	12	12
37	13	14
37	15	15
37	16	16
37	17	18
37	19	19
37	20	21
37	22	22
37	23	23
37	24	25
37	26	27
37	28	28
37	29	31
37	32	32
37	33	35
37	36	36
37	37	39
37	40	40
37	41	43
37	44	44
37	45	45
37	47	48
37	49	49
37	50	51
37	52	52
37	53	55
37	56	56
37	57	59
37	60	60

38	4	4
38	5	6
38	7	8
38	9	9
38	10	11
38	12	12
38	13	13
38	15	17
38	18	18
38	19	22
38	23	23
38	24	27
38	28	28
38	29	29
38	30	30
38	31	32
38	33	33
38	34	35
38	36	37
38	38	38
38	39	40
38	41	41
38	42	44
38	45	46
38	47	47

39	3	3
39	4	5
39	6	6
39	7	8
39	9	10
39	11	11
39	12	12
39	13	14
39	15	15
39	16	17
39	18	19
39	20	20
39	21	29
39	30	32
39	33	36
39	37	37
39	38	40
39	41	43
39	44	45
39	47	47
39	49	49
39	50	50
39	51	56
39	57	57
39	58	58

42	0	0
42	1	1
42	3	4
42	5	5
42	6	7
42	8	8
42	9	10
42	11	11
42	12	13
42	14	16
42	17	18
42	19	19
42	20	21
42	22	22
42	23	24
42	25	26
42	27	27
42	28	29
42	30	30
42	31	32
42	33	34
42	35	36
42	37	38
42	39	39
42	40	41
42	42	42

43	0	0
43	1	1
43	3	3
43	4	6
43	7	7
43	8	9
43	10	11
43	12	12
43	13	15
43	16	16
43	17	19
43	20	20
43	21	21
43	22	23
43	24	24
43	25	26
43	27	28
43	29	29
43	30	32
43	33	33
43	34	34
43	35	36
43	37	38
43	39	40
43	41	41
43	43	46
43	47	49
43	51	51
43	52	53
43	54	54
43	55	56
43	57	57
43	58	58
43	59	61
43	62	63
43	64	64
43	65	66
43	67	68
43	69	70
43	71	71

44	0	0
44	1	1
44	3	4
44	5	6
44	7	9
44	10	10
44	11	13
44	14	14
44	15	15
44	16	18
44	19	19
44	20	20
44	21	22
44	23	24
44	25	26
44	27	29
44	30	30
44	31	32
44	33	33
44	34	35
44	36	36
44	37	37

45	0	0
45	1	1
45	3	4
45	5	6
45	7	8
45	9	9
45	10	12
45	13	13
45	14	15
45	16	16
45	17	18
45	19	19
45	20	20
45	21	21
45	22	22
45	23	24
45	25	26
45	27	29
45	30	30
45	31	32
45	33	33

46	0	0
46	1	1
46	3	3
46	4	5
46	6	6
46	7	8
46	9	9
46	10	10
46	11	11
46	12	12
46	13	13
46	14	15
46	16	16
46	17	18
46	19	20
46	21	21
46	22	22
46	23	23
46	24	25
46	26	27
46	28	28
46	29	30
46	31	37
46	38	38
46	39	39

47	0	0
47	1	1
47	3	5
47	6	8
47	9	11
47	12	13
47	14	15
47	16	16
47	17	17
47	18	18
47	19	20
47	21	21
47	22	24
47	25	25
47	26	28
47	29	31
47	32	32
47	33	34
47	35	35
47	36	37
47	38	40
47	41	41
47	42	43
47	45	46
47	47	48
47	49	50
47	51	51
47	52	52
47	53	54
47	55	56
47	57	57
47	58	60
47	61	63
47	64	64
47	65	66
47	67	68
47	69	69
47	70	70
47	71	73
47	74	75
47	76	76
47	77	78
47	79	80
47	81	82
47	83	83
47	84	84
47	85	85
47	87	88
47	89	89
47	90	91
47	92	93
47	94	94

48	0	2
48	3	3
48	4	4
48	5	7
48	8	8
48	9	9
48	10	11
48	12	13
48	14	15
48	16	17
48	18	19
48	20	21
48	22	22

49	0	0
49	1	1
49	3	4
49	5	6
49	7	8
49	9	10
49	11	11
49	12	14
49	15	15

50	0	0
50	1	1
50	3	9
50	10	10
50	11	12
50	13	13
50	14	14
50	15	16
50	17	19
50	20	20
50	21	26
50	27	27
50	28	29
50	30	30
50	31	31
50	32	33
50	34	34
50	35	40
50	41	41
50	42	43
50	44	44
50	45	46
50	47	48
50	49	50
50	52	52
50	53	53
50	54	54
50	55	55
50	56	57
50	58	60
50	61	61
50	62	63
50	64	65
50	66	66

51	0	0
51	1	1
51	3	9
51	10	10
51	11	12
51	13	13
51	14	16
51	17	17
51	18	19
51	20	21
51	22	23
51	24	25
51	26	26

52	0	0
52	1	1
52	3	4
52	5	6
52	7	9
52	10	10
52	11	13
52	14	14
52	15	15
52	16	18
52	19	21
52	22	23
52	24	25
52	26	27
52	28	29
52	30	30

53	0	0
53	1	1
53	3	4
53	5	5
53	6	6
53	7	9
53	10	11
53	12	13
53	14	15
53	16	18
53	19	19
53	20	20

54	0	0
54	1	1
54	3	4
54	5	7
54	8	8
54	9	9
54	10	12
54	13	13
54	14	15
54	16	16
54	17	18
54	19	20
54	21	22
54	23	24
54	25	25

55	0	2
55	3	3
55	4	4
55	5	6
55	7	8
55	9	11
55	12	12
55	13	14
55	16	21
55	22	22
55	23	24
55	25	25
55	26	28
55	29	29
55	30	32
55	33	34
55	35	36
55	37	38
55	39	40
55	41	41
55	42	43
55	44	45
55	46	46
55	47	48
55	49	49

56	2	3
56	4	5
56	6	8
56	9	9
56	10	11
56	12	12
56	13	14
56	15	16
56	17	18
56	19	19
56	20	22
56	23	23
56	24	25
56	26	27
56	28	28
56	29	32
56	33	34
56	35	36
56	37	37
56	38	38
56	39	41
56	42	43
56	44	44
56	46	47
56	48	50
56	51	51
56	52	53
56	54	55
56	56	56
56	57	57
56	58	59
56	60	61
56	62	63
56	64	64

57	0	2
57	3	4
57	5	7
57	8	9
57	10	10
57	11	12
57	13	14

58	0	2
58	3	3
58	4	4
58	5	6
58	7	8
58	9	9
58	10	11
58	12	12
58	13	14
58	15	16
58	17	18
58	19	20
58	21	21
58	22	23
58	24	25
58	26	27
58	28	30
58	31	31
58	32	33
58	34	35
58	36	36
58	37	38
58	39	39
58	40	40
58	41	42
58	43	43
58	44	45
58	46	46
58	48	48
58	49	49
58	50	51
58	52	52
58	53	54
58	55	55
58	56	57
58	58	58
58	59	61
58	62	63
58	64	64
58	65	65
58	66	67
58	68	70
58	71	71

59	0	2
59	3	3
59	4	4
59	5	7
59	8	9
59	10	11
59	12	12
59	13	13
59	14	15
59	16	17
59	18	19
59	20	20
59	21	22
59	23	24
59	25	25

60	0	2
60	3	3
60	4	4
60	5	7
60	8	8
60	9	10
60	11	12
60	13	13
60	14	14
60	15	15
60	16	16
60	17	18
60	19	19
60	20	21
60	22	23
60	24	24
60	25	25
60	26	27
60	28	29
60	30	30
60	31	32
60	33	34
60	35	35
60	36	37
60	38	40
60	41	41
60	42	43
60	44	44
60	45	46
60	48	50
60	51	51
60	52	52
60	53	54
60	55	56
60	57	58
60	59	60
60	61	62
60	63	63

61	0	2
61	3	3
61	4	4
61	5	5
61	6	6
61	7	7
61	8	8
61	9	9
61	10	11
61	12	12
61	13	15
61	16	17
61	18	19
61	20	20
61	21	22
61	23	23
61	24	25
61	26	28
61	29	30
61	31	32
61	33	33

62	0	2
62	3	3
62	4	4
62	5	6
62	7	8
62	9	10
62	11	12
62	13	13
62	14	16
62	17	17
62	18	18
62	19	19
62	20	21
62	22	23
62	24	25
62	26	26
62	27	27
62	28	29
62	30	30
62	31	31
62	32	33
62	34	35
62	36	36
62	37	39
62	40	40
62	41	42
62	43	44
62	45	46
62	48	49
62	50	50
62	51	52
62	53	54
62	55	56
62	57	58
62	59	59

63	0	2
63	3	3
63	4	4
63	5	7
63	8	8
63	9	9
63	10	10
63	11	11
63	12	13
63	14	15
63	16	16
63	17	18
63	19	20
63	21	21
63	22	23
63	24	25
63	26	26
63	27	27
63	28	29
63	30	30
63	31	32
63	33	33
63	34	35
63	36	38
63	39	39
63	40	41
63	42	42
63	43	44
63	45	46
63	47	47
63	49	50
63	51	52
63	53	53
63	54	55
63	56	56
63	57	58
63	59	60
63	61	61
63	62	64
63	65	65
63	66	66
63	67	67
63	68	69
63	70	70

64	0	2
64	3	3
64	4	4
64	5	5
64	6	7
64	8	10
64	11	11
64	12	13
64	14	14
64	15	15
64	16	17
64	18	19
64	20	21
64	22	23
64	24	25
64	26	29
64	30	30
64	31	32
64	33	34
64	35	36
64	37	37
64	38	38
64	39	40
64	41	42
64	43	44
64	45	45
64	47	49
64	50	50
64	51	51
64	52	53
64	54	54
64	55	56
64	57	58
64	59	60
64	61	61
64	62	63
64	64	64
64	65	66
64	67	68
64	69	69
64	70	72
64	73	73
64	74	74
64	75	76
64	77	78
64	79	82
64	83	83

65	0	0
65	1	1
65	3	5
65	6	7
65	8	8
65	9	9
65	10	11
65	12	13
65	14	14
65	15	15
65	16	18
65	19	20
65	21	21
65	22	22
65	23	23
65	24	25
65	26	27
65	28	29
65	30	30
65	31	32
65	33	33
65	34	35
65	36	37
65	38	39
65	40	40

66	0	0
66	1	1
66	3	5
66	6	6
66	7	9
66	10	11
66	12	13
66	14	14
66	15	15
66	16	18
66	19	20
66	21	22
66	23	23
66	24	25
66	26	27
66	28	28
66	29	30
66	31	32
66	33	33
66	34	36
66	37	39
66	40	40

67	0	0
67	1	1
67	3	5
67	6	8
67	9	10
67	11	11
67	12	13
67	14	16
67	17	17

68	0	2
68	3	3
68	4	4
68	5	5
68	6	8
68	9	10
68	11	12
68	13	13
68	14	15
68	16	17
68	18	19
68	20	21
68	22	23
68	24	25
68	27	32
68	33	33
68	34	37
68	38	39
68	40	40
68	41	43
68	44	44
68	45	45
68	46	46
68	47	47
68	48	49
68	50	52
68	54	55
68	56	57
68	58	59
68	60	60
68	61	61
68	62	63
68	64	64
68	65	67
68	68	68
68	69	70
68	71	72
68	73	74
68	75	76
68	77	77
68	78	79
68	80	80
68	81	83
68	84	85
68	86	87
68	88	88
68	89	90
68	91	91
68	92	93
68	94	95
68	96	97
68	98	98
68	100	100
68	101	102
68	103	103
68	104	107
68	108	108

69	0	2
69	3	3
69	4	5
69	6	6
69	7	7
69	8	10
69	11	11
69	12	13
69	14	15
69	16	17
69	18	19
69	20	20
69	21	22
69	23	24
69	25	26
69	27	27
69	28	28
69	29	30
69	31	32
69	33	34
69	35	37
69	38	38
69	39	39
69	40	40
69	41	41
69	42	43
69	44	45
69	46	46
69	48	48
69	49	49
69	50	50
69	51	52
69	53	53
69	54	55
69	56	57
69	58	58
69	59	60
69	61	61
69	62	62
69	63	64
69	65	66
69	67	67
69	68	69
69	70	71
69	72	72

70	0	2
70	3	3
70	4	5
70	6	8
70	9	10
70	11	11
70	12	13
70	14	15
70	16	17
70	18	20
70	21	22
70	23	23
70	24	26
70	27	29
70	30	31
70	32	33
70	34	34
70	35	37
70	38	39
70	40	41
70	42	43
70	44	44
70	45	46
70	48	48
70	49	50
70	51	51
70	52	52
70	53	54
70	55	57
70	58	58
70	59	60
70	61	61
70	62	63
70	64	65
70	66	66

71	0	2
71	3	3
71	4	5
71	6	6
71	7	8
71	9	11
71	12	13
71	14	16
71	17	17
71	18	18
71	19	20
71	21	21
71	22	23
71	24	24
71	25	26
71	27	28
71	29	29
71	30	30
71	31	31
71	32	34
71	35	36
71	37	37
71	38	39
71	40	40
71	41	42
71	43	44
71	45	45
71	46	47
71	49	49
71	50	52
71	53	53

72	0	2
72	3	4
72	5	6

73	0	2
73	3	3
73	4	4
73	5	7
73	8	9
73	10	11
73	12	12
73	13	13
73	14	17
73	18	19
73	20	21
73	22	23
73	24	25
73	26	27
73	28	29
73	30	31
73	32	32
73	33	34
73	35	35

74	0	2
74	3	3
74	4	4
74	5	5
74	6	7
74	8	9
74	10	11
74	12	12
74	13	14
74	15	15

75	2	2
75	3	3
75	5	7
75	8	9
75	10	11
75	12	13
75	14	14
75	15	15
75	16	17
75	18	19
75	20	20
75	21	21
75	22	23
75	24	25
75	26	26
75	27	28
75	29	30
75	31	31
75	32	32

76	2	2
76	3	3
76	5	7
76	8	9
76	10	10
76	11	12
76	13	14
76	15	17
76	18	18
76	19	21
76	22	22
76	23	24
76	25	25
76	26	27
76	28	31
76	32	32

77	0	0
77	1	1
77	3	4
77	5	5
77	6	7
77	8	9
77	10	10
77	11	11
77	12	13
77	14	14
77	15	16
77	17	17
77	18	20
77	21	21
77	22	23
77	24	25
77	26	26
77	27	28
77	29	31
77	32	32
77	33	34
77	35	36
77	37	38
77	39	40
77	41	41
77	42	42
77	43	43
77	45	46
77	47	47
77	48	48
77	49	50
77	51	54
77	55	55

78	2	2
78	3	3
78	5	6
78	7	9
78	10	10
78	11	12
78	13	13
78	14	15
78	16	17
78	18	18
78	19	20
78	21	22
78	23	26
78	27	27
78	28	29
78	30	31
78	32	32

79	2	2
79	3	3
79	5	6
79	7	9
79	10	10
79	11	11
79	12	14
79	16	18
79	19	19
79	20	22
79	23	23
79	24	25
79	26	27
79	28	28
79	29	30
79	31	31

80	2	2
80	3	3
80	5	7
80	8	11
80	12	12
80	13	14
80	15	16
80	17	18
80	19	19
80	20	21
80	22	22
80	23	24
80	25	26
80	27	27
80	28	29
80	30	31
80	32	32
80	33	33

81	2	2
81	3	3
81	5	6
81	7	8
81	9	9
81	10	13
81	14	15
81	16	16

82	2	2
82	3	3
82	5	6
82	7	8
82	9	9
82	10	11
82	12	12
82	13	14
82	15	16
82	17	17

83	2	2
83	3	3
83	5	6
83	7	8
83	9	10
83	11	11

84	0	2
84	3	3
84	4	4
84	5	6
84	7	8
84	9	9
84	10	11
84	12	12

85	2	2
85	3	3
85	5	7
85	8	8
85	9	10
85	11	12
85	13	13
85	14	15
85	16	17
85	18	19
85	20	21
85	22	22
85	23	23
85	24	25
85	26	28
85	29	30
85	31	31
85	32	33
85	34	35
85	36	36
85	37	38
85	39	41
85	42	43
85	44	44

86	2	2
86	3	3
86	5	7
86	8	8
86	9	10
86	11	12
86	13	14
86	15	16
86	17	18
86	19	20
86	21	21

87	0	2
87	3	3
87	4	4
87	5	6
87	7	9
87	10	11
87	12	13
87	14	15
87	16	16
87	17	20
87	21	21

88	2	2
88	3	3
88	5	7
88	8	9
88	10	11
88	12	12

89	2	2
89	3	3
89	5	6
89	7	8
89	9	9
89	10	10
89	11	12
89	13	13
89	14	15
89	16	17
89	18	18

90	2	2
90	3	3
90	5	6
90	7	7
90	8	9
90	10	10
90	11	12
90	13	13

91	2	2
91	3	3
91	5	7
91	8	9
91	10	11
91	12	12

92	2	2
92	3	3
92	5	7
92	8	9
92	10	10
92	11	12
92	13	14
92	15	15
92	16	17
92	18	19
92	20	20

93	2	2
93	3	3
93	5	5
93	6	7
93	8	8
93	9	10
93	11	12
93	13	13

94	2	2
94	3	3
94	5	6
94	7	8
94	9	9
94	10	11
94	12	12
94	13	14
94	15	16
94	17	17

95	2	2
95	3	3
95	5	7
95	8	9
95	10	10
95	11	12
95	13	14
95	15	15
95	16	18
95	19	19
95	20	21
95	22	24
95	25	26
95	27	27
95	28	29
95	30	31
95	32	32
95	33	34
95	35	35
95	36	37
95	38	38
95	39	39
95	40	41
95	42	42

96	0	2
96	3	3
96	4	4
96	5	7
96	8	9
96	10	10
96	11	12
96	13	13
96	14	14
96	15	16
96	17	17
96	18	20
96	21	21
96	22	25
96	26	27
96	28	29
96	30	30

97	0	0
97	1	3
97	4	5
97	6	7

98	0	2
98	4	5
98	6	7
98	8	9

99	0	2
99	3	3
99	4	4
99	5	7
99	8	8
99	9	10
99	11	12
99	13	14
99	15	15
99	16	16
99	17	18
99	19	19
99	20	21
99	22	23
99	24	25
99	26	26
99	27	30
99	31	31
99	32	32
99	33	34
99	35	36
99	37	38
99	39	40
99	41	42
99	43	44
99	45	45
99	46	47
99	49	50
99	51	51
99	52	53
99	54	55
99	56	56
99	57	58
99	59	61
99	62	62
99	63	64
99	65	66
99	67	68
99	69	69
99	70	71
99	72	73
99	74	75
99	76	76
99	77	77
99	78	79
99	80	80
99	81	81
99	82	83
99	84	87
99	88	88
99	89	90
99	91	92
99	93	93
99	94	95
99	96	96
99	98	98
99	99	100
99	101	101
99	102	103
99	104	104
99	105	106
99	107	108
99	109	109
99	110	110
99	111	114
99	115	115
99	116	116
99	117	118
99	119	120
99	121	121
99	122	125
99	126	126
99	127	127
99	128	128
99	129	131
99	132	132
99	133	133
99	134	134
99	135	135
99	136	136
99	137	138
99	139	140
99	141	141
99	142	143
99	145	145
99	146	147
99	148	149

100	0	0
100	2	2
100	3	3
100	4	4
100	6	6
100	7	9
100	10	10
100	11	11
100	12	12
100	14	14
100	15	15
100	16	16

101	2	3
101	4	6
101	7	7
101	8	8
101	9	10
101	11	11
101	12	12
101	13	15
101	16	16
101	17	18
101	19	20
101	21	23
101	24	24
101	25	25
101	26	26
101	27	27
101	28	29
101	30	30
101	31	31
101	32	32
101	33	33
101	34	34
101	35	37
101	38	38
101	39	40
101	41	41

102	0	0
102	1	1
102	2	4
102	5	5
102	6	7
102	8	9
102	10	12
102	13	13
102	14	15
102	16	17
102	18	18
102	19	20
102	21	22
102	23	23
102	24	25
102	26	27
102	28	29
102	30	31
102	32	32
102	33	33
102	34	34
102	35	36
102	37	38
102	39	40
102	41	41
102	42	43
102	44	44
102	45	48
102	50	50
102	51	51
102	52	54
102	55	56
102	57	57
102	58	58
102	59	59
102	60	61
102	62	62
102	63	65
102	66	66
102	67	68
102	69	69
102	70	70
102	71	71
102	72	74
102	75	76
102	77	77
102	78	78
102	79	80
102	81	81
102	82	83
102	84	85
102	86	89
102	90	90
102	91	92
102	93	93

103	2	3
103	4	5
103	6	8
103	9	11
103	12	13
103	14	14
103	15	16
103	17	17
103	18	18
103	19	21
103	22	22
103	23	24
103	25	25

104	0	2
104	3	3
104	4	4
104	5	5
104	6	7
104	8	10
104	11	12
104	13	14
104	15	16
104	17	17
104	18	18
104	19	20
104	21	21
104	22	22
104	23	23
104	24	25
104	26	26
104	27	29
104	30	30
104	31	32
104	33	33
104	34	34
104	35	37
104	38	39
104	40	40
104	41	41
104	42	42
104	43	44
104	45	46
104	48	49
104	50	50
104	51	52
104	53	53
104	54	55
104	56	57
104	58	58
104	59	60
104	61	62
104	63	63
104	64	65
104	66	67
104	68	69
104	70	72
104	73	73
104	74	75
104	76	77
104	78	79
104	80	81
104	82	83
104	84	85
104	86	87
104	88	88
104	89	89
104	90	90

105	0	0
105	1	1
105	2	2
105	3	4
105	5	7
105	8	9
105	10	11
105	12	12
105	13	14
105	15	16
105	17	17
105	18	18
105	19	20
105	21	22

106	0	1
106	2	3
106	5	6
106	7	8
106	9	10
106	11	12
106	14	14
106	15	15
106	17	18
106	19	20
106	21	22

107	0	0

108	0	1
108	2	3
108	4	5
108	6	6
108	7	8
108	10	11
108	13	14

109	0	1
109	2	2
109	3	4
109	5	6
109	8	9
109	11	12

110	0	1
110	2	2
110	3	5
110	6	6
110	8	9
110	11	12

112	2	2
112	3	4
112	5	6
112	7	7
112	8	9
112	10	11
112	12	13
112	14	14
112	15	17
112	18	18
112	19	20
112	21	22
112	23	24
112	25	26
112	27	28
112	29	30
112	31	31
112	32	33
112	34	35
112	36	36

113	0	2
113	3	3
113	4	4
113	5	6
113	7	9
113	10	10
113	11	12
113	13	14
113	15	15
113	16	16
113	17	18
113	20	26
113	27	27
113	28	31
113	32	32
113	33	33
113	34	34
113	35	35
113	36	37
113	38	38

114	0	2
114	3	3
114	4	4
114	5	7
114	8	9
114	10	11
114	12	12
114	13	14
114	15	15
114	16	16
114	17	17
114	18	19
114	20	21
114	22	23
114	24	24
114	25	26
114	27	27

115	2	3
115	4	4
115	5	6
115	7	7
115	9	11
115	12	12
115	13	13
115	14	14
115	15	16
115	17	19
115	20	21
115	22	22
115	23	25
115	26	27
115	28	28
115	29	29
115	30	32
115	33	33
115	34	35
115	36	37
115	38	38

116	0	2
116	3	5
116	6	6
116	7	8
116	9	10
116	11	12
116	13	13
116	14	14
116	15	16
116	17	18

117	0	2
117	3	3
117	4	4
117	5	5
117	6	7
117	8	10
117	11	11
117	12	13
117	14	15
117	16	17
117	18	18
117	19	20
117	21	21
117	22	22
117	23	24
117	25	25
117	26	27
117	28	29
117	30	31
117	32	32

118	0	2
118	3	3
118	4	6
118	7	7
118	8	9
118	10	10
118	11	11
118	13	18
118	19	19
118	20	22
118	23	24
118	25	26
118	27	27

119	2	2
119	3	3
119	5	6
119	7	9
119	10	10
119	11	12
119	13	14
119	15	16
119	17	18
119	19	19
119	20	26
119	27	27
119	28	29
119	30	31
119	32	33
119	34	34
119	35	40
119	41	41
119	42	43
119	44	46
119	47	47

120	2	2
120	3	3
120	5	6
120	7	9
120	10	10
120	11	12
120	13	14
120	15	16
120	17	17
120	18	19
120	20	25
120	26	26
120	27	28
120	29	30
120	31	32
120	33	33
120	34	37
120	38	40
120	41	41
120	42	43
120	44	46
120	47	47

121	2	2
121	3	3
121	5	6
121	7	9
121	10	10
121	11	12
121	13	15
121	16	16
121	17	17
121	18	18
121	20	21
121	22	22
121	23	24
121	25	26
121	27	28
121	29	29
121	30	31
121	32	34
121	35	35

122	0	2
122	3	3
122	4	6
122	7	8
122	9	10
122	11	11
122	12	13
122	14	15
122	16	17
122	18	18

123	0	0
123	1	1
123	3	4
123	5	7
123	8	9
123	10	10
123	11	11
123	12	14
123	15	16
123	17	17
123	18	18
123	19	19
123	20	22
123	23	26
123	27	27
123	28	28
123	29	29
123	30	30
123	31	32
123	33	36
123	37	37
123	38	38
123	39	40
123	41	41
123	42	43
123	45	46
123	47	47
123	48	51
123	52	52
123	53	53
123	54	54
123	55	55
123	56	57
123	58	61
123	62	62
123	63	64
123	65	65
123	66	66
123	67	67
123	68	69
123	70	70
123	71	72
123	73	74
123	75	75
123	76	76
123	77	77
123	78	79
123	80	80
123	81	81
123	82	82
123	83	84
123	85	85
123	87	88
123	89	90
123	91	94
123	95	95
123	96	97
123	98	98
123	99	99

124	0	0
124	1	1
124	3	4
124	5	6
124	7	9
124	10	11
124	12	12
124	13	14
124	15	17
124	18	20
124	21	21
124	22	25
124	26	26
124	27	27
124	28	28
124	29	29
124	30	31
124	32	35
124	36	36
124	37	38
124	39	39
124	40	41
124	42	43
124	45	46
124	47	48
124	49	50
124	51	53
124	54	54
124	55	56
124	57	57
124	58	58
124	59	59
124	60	61
124	62	64
124	65	65
124	66	67
124	68	69
124	70	70
124	71	71
124	72	72
124	73	74
124	75	76
124	77	78
124	79	79
124	80	81
124	82	82

125	0	0
125	1	1
125	3	4
125	5	6
125	7	8
125	9	9
125	10	11
125	12	14
125	15	17
125	18	20
125	21	21
125	22	25
125	26	27
125	28	28
125	29	30
125	31	32
125	33	34
125	35	36
125	37	38
125	39	40
125	41	42
125	43	43
125	45	45
125	46	47
125	48	48
125	49	50
125	51	51
125	52	52
125	53	54
125	55	56
125	57	58
125	59	60
125	61	61

126	0	2
126	3	3
126	4	6
126	7	8
126	9	10
126	11	11
126	12	13
126	14	15
126	16	17
126	18	19
126	20	20

127	3	3
127	4	4
127	6	6
127	7	8
127	9	11
127	12	12
127	13	13
127	14	15
127	16	17
127	18	18
127	19	20
127	21	22
127	23	25
127	26	26

128	3	3
128	4	4
128	6	6
128	7	8
128	9	11
128	12	12
128	13	13
128	14	15
128	16	17
128	18	20
128	21	22
128	23	23
128	24	25
128	26	26
128	27	29
128	30	30

129	3	3
129	4	4
129	6	6
129	7	7
129	8	10
129	11	11
129	12	12
129	13	14
129	15	16
129	17	17
129	18	19
129	20	21
129	22	22
129	23	23
129	24	25
129	26	27
129	28	30
129	31	32
129	33	33
129	34	35
129	36	36
129	37	39
129	40	40
129	42	44
129	45	45
129	46	48
129	49	50
129	51	52
129	53	53
129	54	55
129	56	56
129	57	58
129	59	60
129	61	61

130	3	4
130	5	6
130	7	8
130	9	9
130	10	10
130	11	12
130	13	14
130	15	15
130	16	17
130	18	18
130	19	20
130	21	22
130	23	24
130	25	25
130	26	27
130	28	28
130	29	29
130	30	32
130	33	34
130	35	35
130	36	39
130	40	41
130	42	42
130	43	44
130	45	45
130	47	48
130	49	49
130	50	50
130	51	52
130	53	55
130	56	56
130	57	58
130	59	59

131	0	0
131	1	1
131	2	4
131	5	6
131	7	8
131	9	9
131	10	11
131	12	13
131	14	15

132	0	1
132	2	3
132	5	6
132	7	8
132	10	10
132	11	11
132	12	12
132	14	15
132	16	17
132	19	21

133	0	1
133	2	4
133	5	6
133	8	9
133	10	10
133	11	13
133	14	14
133	16	17
133	19	21

134	1	2
134	3	4
134	5	5
134	6	6
134	7	10
134	11	12
134	13	13
134	14	15
134	16	17
134	18	18
134	19	20
134	22	22
134	23	23
134	25	27
134	29	31

135	1	2
135	3	4

136	0	0
136	1	1
136	3	5
136	7	9

139	0	0
139	1	1
139	3	3
139	4	4
139	5	5

140	0	1
140	2	3
140	5	6
140	7	8
140	10	12
140	14	15
140	16	17
140	19	21

141	0	1
141	2	2
141	3	5
141	6	6
141	12	14
141	16	18

142	11	12
142	13	14
142	15	15
142	16	16
142	17	20
142	21	22
142	23	23
142	24	25
142	26	27
142	28	28
142	29	30
142	32	33
142	34	35
142	36	38
142	39	40
142	42	42
142	48	50
142	52	54

143	0	0
143	1	1
143	2	3

144	0	0
144	2	2
144	3	3
144	8	8
144	9	11
144	13	15

145	0	1
145	2	2
145	3	3
145	4	4
145	5	5
145	8	10

146	0	1
146	2	3
146	4	4
146	5	5
146	6	6
146	7	8
146	9	10
146	11	12
146	13	13
146	14	15
146	16	17
146	18	18
146	19	20

147	3	4
147	5	6
147	7	8
147	10	10
147	11	11
147	16	16
147	17	18
147	20	22

148	0	0
148	1	1
148	3	4
148	5	6
148	12	14
148	16	16

149	0	0
149	2	4

150	0	2
150	3	3
150	4	6
150	7	8
150	9	9
150	10	11
150	12	13
150	14	14
150	15	16

151	0	2
151	3	3
151	4	5
151	6	7
151	8	8
151	9	9
151	10	10
151	11	12
151	13	14
151	15	15
151	16	16
151	17	18
151	19	20
151	21	22
151	23	23
151	24	25
151	26	26
151	27	27
151	28	28
151	29	29
151	30	31
151	32	33
151	34	34
151	35	36
151	37	38
151	39	40
151	41	41
151	43	43
151	44	45
151	46	46
151	47	47
151	48	48
151	49	49
151	50	51
151	52	54
151	55	55
151	56	56
151	57	58
151	59	59
151	60	61
151	62	63
151	64	64
151	65	65

152	0	2
152	3	3
152	4	6
152	7	8
152	9	9
152	10	10
152	11	12
152	13	16
152	17	18
152	19	19
152	20	21
152	22	22
152	23	23
152	24	24
152	25	26
152	27	30
152	31	32
152	33	34
152	35	36
152	37	37
152	38	38
152	39	39
152	40	41
152	42	42
152	43	43
152	45	47
152	48	48
152	49	49
152	50	51
152	52	54
152	55	56
152	57	58
152	59	59
152	61	61
152	62	62
152	63	63
152	64	64
152	65	65
152	66	66

153	0	2
153	3	3
153	4	6
153	7	9
153	10	10
153	11	12
153	13	13
153	14	14
153	15	15
153	16	17
153	18	18
153	19	19
153	20	21
153	22	22
153	23	23
153	24	27
153	28	29
153	30	30

154	0	2
154	3	3
154	4	6
154	7	9
154	10	11
154	12	12
154	13	13
154	14	14
154	15	15
154	16	16
154	17	18
154	19	19
154	20	21
154	22	22
154	23	24
154	25	25
154	26	26
154	27	28
154	29	29
154	30	30
154	31	33
154	34	35
154	36	39
154	40	41
154	42	42

155	0	2
155	3	3
155	4	6
155	7	7
155	8	10
155	11	11
155	12	13
155	14	14
155	15	15
155	16	17
155	18	18
155	19	19
155	20	23
155	24	24
155	25	25
155	26	27
155	28	28
155	29	30
155	31	32
155	33	33
155	34	34
155	35	36
155	37	38
155	39	40
155	41	41
155	42	43
155	44	45
155	46	47
155	48	48
155	50	50
155	51	52
155	53	54
155	55	55
155	56	56
155	57	57
155	58	59
155	60	60
155	61	61
155	62	63
155	64	64
155	65	66
155	67	68
155	69	69
155	70	70
155	71	71
155	72	72
155	73	73
155	74	74
155	75	75

156	0	2
156	3	3
156	4	6
156	7	8
156	9	11
156	12	13
156	14	14
156	15	17
156	18	18
156	19	20
156	21	22
156	23	23
156	24	24
156	25	26
156	27	27
156	28	29
156	30	30
156	31	32
156	33	34
156	35	35
156	36	36
156	37	38
156	39	39
156	40	41
156	42	43
156	44	44
156	45	45
156	47	52
156	54	54
156	55	58
156	59	59
156	60	61
156	62	63
156	64	65
156	66	66
156	67	70
156	71	72
156	73	73
156	74	75
156	76	77
156	78	78
156	79	80
156	81	81

157	0	2
157	3	3
157	4	4
157	5	6
157	7	8
157	9	11
157	12	13
157	14	14
157	15	16

158	0	2
158	3	3
158	4	6
158	7	8
158	9	10
158	11	13
158	14	15
158	16	17
158	18	18
158	19	19
158	20	20
158	21	21
158	22	22
158	23	24
158	25	26
158	27	27
158	28	29
158	30	32
158	33	33
158	34	35
158	36	36
158	37	37
158	38	38
158	39	41
158	42	43
158	44	45
158	46	47
158	49	50
158	51	51
158	52	53
158	54	54
158	55	56
158	57	57
158	58	58
158	59	59
158	60	60
158	61	61
158	62	63
158	64	65
158	66	67
158	68	70
158	71	72
158	73	73
158	74	75
158	76	76
158	77	78
158	79	80
158	81	81
158	82	83
158	84	84
158	85	86
158	87	87
158	88	88
158	89	90
158	91	91
158	92	93
158	95	96
158	97	98
158	99	100
158	101	102
158	103	105
158	106	106

159	0	2
159	3	3
159	4	6
159	7	7
159	8	10
159	11	11
159	12	12
159	13	14
159	15	15
159	16	17
159	18	18
159	19	19
159	20	23
159	24	24
159	25	26
159	27	27
159	28	29
159	30	31
159	32	32
159	33	33
159	34	34
159	35	35
159	36	37
159	38	39
159	40	40
159	41	42
159	43	44
159	45	46
159	47	47

160	0	0
160	2	2
160	3	3

161	0	0
161	1	2
161	3	4
161	5	5
161	6	6
161	7	7
161	8	9
161	10	10
161	11	12
161	13	13
161	14	14
161	15	16
161	17	17
161	18	21
161	22	23
161	24	24

162	0	4
162	5	6
162	7	8
162	9	11
162	12	13
162	14	15
162	16	16
162	17	17
162	18	19
162	20	21
162	22	23
162	24	24
162	25	27
162	28	28
162	29	30
162	31	33
162	34	34
162	35	35
162	36	36
162	37	40
162	41	42
162	43	44
162	45	45
162	46	46

163	0	0
163	1	2
163	3	3
163	4	4
163	5	5
163	6	7
163	8	8
163	9	9
163	11	16
163	17	17
163	18	21
163	22	22
163	23	24
163	25	26
163	27	29
163	30	30
163	31	31
163	32	33
163	34	35
163	36	36
163	37	38
163	39	40
163	41	41
163	42	43
163	44	44

164	0	2
164	3	3
164	4	6
164	7	7
164	8	9
164	10	11
164	12	14
164	15	16
164	17	17
164	18	19
164	20	21
164	22	22
164	23	24
164	25	26
164	27	28
164	29	30
164	31	31
164	32	32
164	33	34
164	35	35
164	36	37
164	38	39
164	40	40
164	41	42
164	43	44
164	45	46
164	47	47
164	48	48

165	0	2
165	3	3
165	4	4
165	5	6
165	7	8
165	9	10
165	11	11
165	12	13
165	15	17
165	18	18
165	19	21
165	22	23
165	24	25
165	26	27
165	28	28
165	29	30
165	31	31
165	32	33
165	34	35
165	36	36
165	37	39
165	40	40
165	41	41
165	42	43
165	44	45
165	46	47
165	48	49
165	50	51
165	52	53
165	54	55
165	56	56
165	57	57
165	58	59
165	60	61
165	62	62

166	0	1
166	2	2
166	3	3
166	4	5
166	6	7
166	8	9
166	10	11
166	12	12
166	13	14
166	15	17
166	18	18
166	19	21
166	22	23
166	24	25
166	26	26
166	27	28
166	29	29
166	30	30
166	31	31
166	32	33
166	34	35
166	36	37
166	38	38
166	39	40
166	41	42
166	43	43
166	44	44
166	46	46
166	47	47
166	48	49
166	50	52
166	53	53
166	54	54
166	55	57
166	58	58
166	59	60
166	61	62
166	63	63
166	64	65
166	66	66
166	67	68
166	69	69
166	70	70
166	71	72
166	73	73
166	74	77
166	78	79
166	80	80

167	0	2
167	3	3
167	4	6
167	8	10
167	11	11
167	12	13
167	14	15
167	16	17
167	18	19
167	20	20
167	21	22
167	23	24
167	25	26
167	27	28
167	29	29
167	30	30
167	31	32
167	33	35
167	36	37
167	38	41
167	42	42
167	43	46
167	47	47
167	48	49
167	50	51
167	52	53
167	55	55
167	56	58
167	59	60
167	61	62
167	63	64
167	65	66
167	67	67
167	68	69
167	70	71
167	72	73
167	74	76
167	77	78
167	79	79

170	0	0
170	1	1
170	3	5
170	6	6
170	7	8
170	9	10
170	11	12
170	13	13
170	14	15
170	16	17
170	18	19

171	1	3
171	5	6
171	8	9
171	10	11
171	13	13
171	14	14
171	15	16
171	18	19

172	2	2
172	4	7

173	0	0
173	1	1

174	2	3
174	5	6
174	8	9
174	11	12
174	14	14
174	18	18
174	19	20
174	24	24
174	25	26
174	30	30
174	31	32

175	0	1
175	2	4

176	1	1
176	2	3
176	4	5

177	2	5

178	0	0
178	2	5
178	6	6
178	10	12
178	16	19
178	23	26
178	30	33
178	37	40
178	44	46
178	48	51
178	55	58
178	62	65

179	3	5
179	9	12
179	16	19
179	23	25
179	29	32
179	36	39
179	43	45
179	49	52
179	56	59

180	3	5
180	9	12
180	16	19
180	21	24
180	28	31
180	35	38
180	40	43
180	47	50
180	54	57

181	3	5
181	9	11
181	15	17
181	21	24
181	28	31
181	35	38
181	42	45
181	49	52
181	56	59

182	3	5
182	9	12
182	16	19
182	23	26
182	30	33
182	37	40
182	44	47
182	51	54
182	58	61

183	3	5
183	9	12
183	16	18
183	22	25
183	29	32
183	36	39
183	43	46
183	50	53
183	57	60

184	0	1
184	2	4
184	6	6
184	7	8
184	9	10

185	0	3
185	5	5
185	7	10
185	11	11
185	15	17
185	21	24
185	28	31
185	35	38
185	42	45
185	49	52
185	56	59
185	63	66
185	70	73

186	3	5
186	9	12
186	16	19
186	21	24
186	28	31
186	33	36
186	40	43
186	47	50
186	54	57

187	3	5
187	9	12
187	16	19
187	23	26
187	30	33
187	37	40
187	44	47
187	51	54
187	56	58

188	3	5
188	9	12
188	16	19
188	21	24
188	28	31
188	35	38
188	40	43
188	47	50
188	54	57

189	3	4
189	8	11
189	15	18
189	22	22
189	23	23
189	24	25
189	27	30
189	34	37
189	39	42
189	46	49
189	53	56

190	3	5
190	9	12
190	16	19
190	23	25
190	29	32
190	36	39
190	43	46
190	50	53
190	57	60

191	0	1
191	2	4

192	1	1
192	2	3
192	4	5

193	1	4
193	6	6

194	1	4
194	5	5
194	9	11
194	15	18
194	22	25
194	29	32
194	36	38
194	42	45
194	49	52
194	56	59
194	63	66

195	3	5
195	9	12
195	16	19
195	23	26
195	30	33
195	37	40
195	44	46
195	50	53
195	57	60

196	3	5
196	9	12
196	16	19
196	23	26
196	30	33
196	37	39
196	43	46
196	50	52
196	56	59

197	3	5
197	9	12
197	16	19
197	21	24
197	28	31
197	35	38
197	42	45
197	49	51
197	55	58

198	3	5
198	9	11
198	15	18
198	22	24
198	28	31
198	35	38
198	42	45
198	49	52
198	56	58

199	3	5
199	9	12
199	16	19
199	21	24
199	28	31
199	35	38
199	42	45
199	49	52
199	56	59
199	61	61

200	0	1
200	2	4

201	1	1
201	2	3
201	4	5

202	1	4
202	6	6

203	1	4
203	5	5
203	9	11
203	15	18
203	22	25
203	29	32
203	36	39
203	43	46
203	50	53
203	57	60
203	64	67

204	3	5
204	9	12
204	16	19
204	23	26
204	30	33
204	37	40
204	44	47
204	51	54
204	58	61

205	3	5
205	9	12
205	16	19
205	23	26
205	30	33
205	37	40
205	44	46
205	50	53
205	57	60

206	3	5
206	9	12
206	16	19
206	23	26
206	30	33
206	37	40
206	44	47
206	51	54
206	58	61

207	3	5
207	9	12
207	16	19
207	23	25
207	29	32
207	36	39
207	43	46
207	50	53
207	57	60

208	3	5
208	9	12
208	16	19
208	23	26
208	30	33
208	37	40
208	44	47
208	51	54
208	58	61

209	0	1
209	2	4

210	1	1
210	2	3
210	4	5

211	1	4
211	6	6

212	1	4
212	5	5
212	9	11
212	15	18
212	22	25
212	29	32
212	36	36
212	37	37
212	38	39
212	43	46
212	50	53
212	57	60
212	64	67

213	3	5
213	9	12
213	16	16
213	17	17
213	18	19
213	23	25
213	29	32
213	36	39
213	43	46
213	50	53
213	57	60

214	3	5
214	9	12
214	16	18
214	22	24
214	28	31
214	35	38
214	42	45
214	49	52
214	56	56
214	57	57
214	58	59

215	3	5
215	9	12
215	16	19
215	23	25
215	29	32
215	36	39
215	43	46
215	50	53
215	57	60

216	3	5
216	9	12
216	16	16
216	17	17
216	18	19
216	23	26
216	30	33
216	37	40
216	44	47
216	51	54
216	58	61

217	3	5
217	9	12
217	16	19
217	23	26
217	30	33
217	37	40
217	44	47
217	51	53
217	57	60

219	0	2
219	3	3
219	4	6
219	7	7
219	8	9
219	10	11
219	12	13
219	14	15
219	16	17
219	18	18
219	19	20
219	21	22
219	23	23
219	24	25
219	26	27
219	28	29
219	30	30
219	31	31
219	32	33
219	34	34
219	35	36
219	37	38
219	39	39
219	40	41
219	42	43
219	44	44
219	45	45
219	47	49
219	50	50
219	51	51
219	52	53
219	54	56
219	57	57
219	58	59
219	60	62
219	63	64
219	65	65
219	66	67
219	68	69
219	70	72
219	73	74
219	75	75
219	76	77
219	78	79
219	80	81
219	82	82
219	83	84
219	85	86
219	87	87
219	88	88
219	89	90
219	91	91
219	92	92
219	94	98
219	100	100
219	101	102
219	103	103

220	0	1
220	2	3
220	4	6
220	7	7
220	8	10
220	11	11
220	12	15
220	16	16
220	17	18
220	19	20
220	21	21
220	22	23
220	24	27
220	28	28
220	29	30
220	31	32
220	33	33
220	34	35
220	36	36

221	0	2
221	3	4
221	5	6
221	7	7
221	8	9
221	10	11

222	3	4
222	5	7
222	8	8
222	9	10
222	11	13
222	14	14
222	15	16
222	17	17
222	18	21
222	22	23
222	24	24
222	25	26
222	27	27
222	28	29
222	30	31
222	32	32
222	33	33
222	34	36
222	37	37
222	38	39
222	40	40
222	41	42
222	43	45
222	47	47
222	48	49
222	50	53
222	54	54
222	55	55
222	56	57
222	58	59
222	60	60
222	61	62
222	63	64
222	65	65
222	66	66
222	67	68
222	69	71
222	72	72
222	73	74
222	75	75

223	0	2
223	3	4
223	5	6
223	7	9
223	10	10
223	11	12
223	13	14

224	0	1
224	2	3
224	4	5
224	6	8
224	9	10
224	11	11
224	12	12
224	13	14
224	15	16
224	17	19
224	20	20
224	21	22
224	23	23
224	24	25
224	26	28
224	29	30
224	31	32
224	33	33
224	34	36
224	37	37
224	38	39
224	40	41
224	42	42

225	0	0
225	2	3
225	4	5
225	6	6
225	7	7
225	8	8
225	9	9
225	10	11
225	12	13
225	14	14
225	15	16
225	17	19
225	20	20
225	21	22
225	23	24
225	25	25
225	26	26
225	27	27
225	28	30
225	31	31
225	32	33
225	34	34
225	35	35
225	36	37
225	38	38
225	39	39
225	40	40
225	41	41
225	42	43
225	44	45
225	46	46

226	0	1
226	2	2
226	3	6
226	7	7
226	8	9
226	10	11
226	12	12

227	0	0
227	1	1
227	3	5
227	6	8
227	9	9
227	10	11
227	12	13

228	0	2
228	3	3
228	4	4
228	5	7
228	8	9
228	10	11
228	12	12
228	13	14
228	15	16
228	17	17

229	0	0
229	1	1
229	3	4
229	5	5
229	6	7
229	8	9
229	10	10

230	0	0
230	1	1
230	3	4
230	5	6
230	7	8
230	9	9
230	10	11
230	12	13
230	14	15
230	16	16
230	17	20
230	21	21

231	0	0
231	1	1
231	3	4
231	5	6
231	7	7
231	8	9
231	10	11
231	12	14
231	15	15

232	3	4
232	5	6
232	7	7
232	8	8
232	9	9
232	10	11
232	12	12
232	13	13
232	14	14
232	15	15
232	16	18
232	19	19
232	20	21
232	22	23
232	24	26
232	27	27
232	28	29
232	30	31
232	32	32
232	33	33
232	35	40
232	41	41
232	42	44
232	45	46
232	47	47
232	48	48
232	49	49
232	50	50
232	52	52
232	53	55
232	56	57
232	58	59
232	60	61
232	62	62
232	63	64
232	65	65
232	66	67
232	68	70
232	71	71
232	72	73
232	74	74
232	75	76
232	77	78
232	79	80
232	81	81
232	82	84
232	85	85
232	86	86
232	87	88
232	89	90
232	91	92
232	93	94
232	95	95
232	96	96
232	98	100
232	101	101
232	102	103
232	104	105
232	106	106
232	107	107
232	108	109
232	110	111
232	112	114
232	115	115
232	116	117
232	118	118
232	119	119
232	120	123
232	124	124

233	1	3
233	4	4
233	5	5
233	6	7
233	8	8
233	9	10
233	11	11
233	12	13
233	14	16
233	17	17
233	18	20
233	21	21
233	22	23
233	24	25
233	26	26
233	27	28
233	29	30
233	31	32
233	33	33

234	1	3
234	4	4
234	5	5
234	6	8
234	9	10
234	11	13
234	14	15
234	16	16
234	17	18
234	19	19
234	20	20
234	21	21
234	22	23
234	24	25
234	26	28
234	29	30
234	31	32
234	33	36
234	37	38
234	39	39
234	40	42
234	43	44
234	45	46
234	47	47
234	49	49
234	50	51
234	52	52
234	53	54
234	55	55

235	1	3
235	4	6
235	7	7
235	8	11

236	1	3
236	4	4
236	5	5
236	6	8
236	9	9
236	10	11
236	12	13
236	14	14
236	15	16
236	17	18
236	19	20
236	21	21
236	22	22
236	23	24
236	25	25
236	26	27
236	28	29
236	30	30
236	31	31
236	32	32
236	33	36
236	37	37

237	1	1
237	2	2
237	3	5
237	6	7
237	8	9
237	10	11
237	12	13
237	14	14
237	15	17
237	18	18
237	19	19
237	20	21
237	22	23
237	24	25
237	26	27
237	28	28
237	29	29
237	30	30
237	31	32
237	33	34
237	35	35

238	1	1
238	2	4
238	5	5
238	6	7
238	8	9

239	1	3
239	4	6
239	7	7
239	8	9
239	10	11

240	1	3
240	4	4
240	5	5
240	6	7
240	8	8
240	9	11
240	12	12
240	13	15
240	16	16
240	17	17
240	18	20
240	21	21
240	22	23
240	24	25
240	26	27
240	28	30
240	31	32
240	33	34
240	35	36
240	37	38
240	39	39
240	40	42
240	43	43
240	44	44
240	45	46
240	47	47
240	49	49
240	50	51
240	52	52
240	53	54
240	55	55
240	56	57
240	58	59
240	60	62
240	63	64
240	65	66
240	67	67
240	68	69
240	70	71
240	72	72
240	73	74
240	75	76
240	77	77
240	78	79
240	80	81
240	82	83
240	84	84
240	85	85
240	86	87
240	88	88
240	89	90
240	91	92
240	93	93
240	95	96
240	97	98
240	99	100
240	101	102
240	103	103
240	104	104
240	105	107
240	108	109
240	110	113
240	114	115
240	116	116
240	117	117
240	118	118
240	119	120
240	121	122
240	123	123

241	3	4
241	5	6
241	7	9
241	10	10
241	11	13
241	14	14
241	15	15
241	16	17
241	18	21
241	22	22
241	23	24
241	25	25
241	26	27
241	28	28
241	29	30
241	31	31
241	32	33
241	34	35
241	36	36
241	37	38
241	39	39
241	40	41
241	42	42
241	43	44
241	45	45
241	47	47
241	48	49
241	50	50
241	51	51

242	3	3
242	4	5
242	6	9
242	10	10
242	11	12
242	13	14
242	15	17
242	18	18
242	19	20
242	21	22
242	23	25
242	26	27
242	28	28
242	29	29
242	30	31
242	32	32
242	33	34
242	35	36
242	37	38
242	39	39
242	40	41
242	42	43
242	44	44
242	46	48
242	49	49
242	50	50
242	51	53
242	54	54
242	55	56
242	57	58
242	59	60
242	61	61
242	62	62
242	63	64
242	65	66
242	67	68
242	69	70
242	71	72
242	73	74
242	75	75
242	76	76
242	77	77
242	78	79
242	80	81
242	82	83
242	84	84

243	0	0
243	2	2
243	3	3
243	4	6
243	7	7
243	8	9
243	10	11
243	12	14
243	15	15
243	16	16
243	17	19
243	20	20
243	21	22
243	23	24
243	25	26
243	27	27
243	28	29
243	30	31
243	32	33
243	34	35
243	36	37
243	38	38

244	0	0
244	1	1
244	2	3
244	4	5
244	6	8
244	9	9
244	10	11
244	12	12
244	13	14
244	15	15
244	16	17
244	18	18

245	0	2
245	3	3
245	4	4
245	5	5
245	6	7
245	8	9
245	10	10
245	11	12
245	13	15
245	16	17
245	18	19
245	20	21
245	22	23
245	24	24
245	25	26
245	27	28
245	29	30
245	31	32
245	33	33

246	0	0
246	1	1
246	3	3
246	4	5
246	6	6
246	7	8
246	9	10
246	11	11
246	12	13
246	14	14
246	15	17
246	18	18
246	19	20
246	21	23
246	24	24
246	25	25

247	0	0
247	1	1
247	3	3
247	4	5
247	6	7
247	8	8
247	9	9

248	0	0
248	1	1
248	3	4
248	5	6
248	7	7
248	8	8
248	9	10
248	11	11
248	12	13
248	14	14
248	15	16
248	17	17
248	18	19
248	20	20
248	21	22
248	23	23
248	24	24
248	25	25
248	26	26

249	0	0
249	1	1
249	3	4
249	5	6
249	7	8
249	9	9
249	10	11
249	12	12
249	13	13

250	0	0
250	1	1
250	3	4
250	5	6
250	7	7
250	8	9
250	10	11
250	12	13
250	14	14

251	0	0
251	1	1
251	3	5
251	6	7
251	8	9
251	10	11
251	12	12
251	13	13

252	0	2
252	3	3
252	4	4
252	5	7
252	8	9
252	10	11
252	12	13
252	14	15
252	16	17
252	18	21
252	22	22

253	0	0
253	1	1
253	3	5
253	6	6
253	7	7
253	8	9
253	10	12
253	13	13
253	14	15
253	16	16
253	17	18
253	19	19
253	20	20
253	21	22
253	23	23
253	24	24
253	25	26
253	27	28
253	29	29
253	30	30
253	31	31
253	32	33
253	34	34
253	35	36
253	37	37
253	38	39
253	40	40

254	0	0
254	1	1
254	3	4
254	5	6
254	7	7
254	8	9
254	10	10
254	11	12
254	13	14
254	15	15
254	16	17
254	18	19
254	20	20
254	21	21
254	22	23
254	24	25
254	26	26
254	27	27
254	28	29
254	30	31
254	32	33
254	34	34
254	35	38
254	39	39
254	40	41
254	42	43

255	2	3
255	4	4
255	5	5
255	6	9
255	10	10
255	11	12
255	13	14
255	15	16
255	17	18
255	19	19
255	21	21
255	22	22
255	23	25
255	26	27
255	28	29
255	30	30
255	31	32
255	33	33

256	1	1
256	2	4
256	5	6
256	7	8
256	9	9
256	10	11
256	12	12
256	13	14
256	15	15
256	16	17
256	18	18
256	19	20
256	21	22
256	23	24
256	25	25
256	27	27
256	28	30
256	31	31
256	32	33
256	34	35
256	36	36
256	37	38
256	39	39
256	40	41
256	42	42
256	43	43
256	45	45
256	46	48
256	49	49
256	50	51
256	52	52
256	53	54
256	55	56
256	57	57
256	58	59
256	60	60
256	61	61
256	62	62
256	63	64
256	65	65
256	66	67
256	68	68
256	69	69
256	71	72
256	73	73
256	74	75
256	76	76
256	77	79
256	80	81
256	82	82
256	84	85
256	86	87
256	88	88
256	89	90
256	91	91
256	92	93
256	94	94
256	95	95
256	96	97
256	98	99
256	100	100
256	102	103
256	104	106
256	107	107
256	108	109
256	110	111
256	112	112
256	113	115
256	116	117
256	118	118
256	119	120
256	121	121
256	123	124
256	125	126
256	127	128
256	129	129
256	130	131
256	132	133
256	134	134
256	135	135
256	137	138
256	139	139
256	140	141
256	142	142
256	143	143
256	145	146
256	147	148
256	149	150
256	151	151
256	152	153
256	154	155
256	156	157
256	158	158
256	159	159
256	160	161
256	162	162
256	163	164
256	165	166
256	167	169
256	170	170
256	172	173
256	174	176
256	177	178
256	179	179
256	180	180
256	181	181
256	182	183
256	184	184
256	185	185
256	187	187
256	188	190
256	191	191
256	192	193
256	194	196
256	197	197
256	198	199
256	200	201
256	202	203
256	204	204
256	205	205
256	206	207
256	208	208
256	209	210
256	211	212
256	213	213
256	214	214
256	215	215
256	216	217
256	219	220
256	221	223
256	224	224
256	225	225
256	226	226
256	227	227
256	228	228
256	229	231
256	232	232
256	233	233
256	235	237
256	238	238
256	239	239
256	240	240
256	241	241
256	242	242
256	244	245
256	246	246
256	247	248
256	249	249
256	250	251
256	252	254
256	255	255
256	256	257
256	258	258
256	259	259
256	260	260
256	262	263
256	264	265
256	266	266
256	267	268
256	269	269
256	270	270
256	271	271
256	272	272
256	273	274
256	275	276
256	277	278
256	279	279
256	280	280
256	281	281
256	282	283
256	284	285
256	286	286

257	1	1
257	2	2
257	3	5
257	6	6
257	7	7
257	8	8
257	9	10
257	11	12
257	13	13
257	14	15
257	16	17
257	18	19
257	20	20
257	21	21
257	22	22
257	23	23
257	24	25
257	26	26
257	27	28
257	29	30
257	31	31
257	33	33
257	34	35
257	36	36
257	37	38
257	39	39
257	40	41
257	42	42
257	43	43
257	44	45
257	46	47
257	48	49
257	50	50
257	51	52
257	53	53
257	54	55
257	56	57
257	58	58
257	60	61
257	62	63
257	64	64
257	65	65
257	66	68
257	69	70
257	71	71
257	72	73
257	74	74
257	75	75
257	76	76
257	78	78
257	80	80
257	81	81
257	82	82
257	83	83
257	84	84
257	85	85
257	86	87
257	89	90
257	91	92
257	93	95
257	96	97
257	98	99
257	100	100
257	102	102
257	103	105
257	106	108
257	109	110
257	111	112
257	113	113
257	114	114
257	115	116
257	117	117

258	1	2
258	3	4
258	5	5
258	6	6
258	7	7
258	8	8
258	9	10
258	11	12
258	13	13
258	14	15
258	16	16
258	18	19
258	20	21
258	22	22
258	23	24
258	25	26
258	27	27
258	29	30
258	31	32
258	33	33
258	35	36
258	37	38
258	39	42
258	43	44
258	45	45
258	46	46
258	47	48
258	49	50
258	51	52
258	53	54
258	55	55
258	57	60
258	61	62
258	63	64
258	65	65
258	67	67
258	68	68
258	69	69
258	70	70
258	71	72
258	73	74
258	75	76
258	77	77
258	78	79
258	80	80
258	81	81
258	82	82
258	84	85
258	86	86
258	87	87
258	88	89
258	90	91
258	92	92
258	93	96
258	97	98
258	99	99
258	101	102
258	103	105
258	106	106
258	107	108
258	109	110
258	111	111
258	112	113
258	114	115
258	116	116
258	117	117
258	119	121
258	122	123
258	124	124
258	125	126
258	127	128
258	129	130
258	131	131
258	132	133
258	134	135
258	136	139
258	140	140

259	2	2
259	4	6
259	7	8
259	9	10
259	11	11

260	0	2
260	3	3
260	4	4
260	5	6
260	7	8
260	9	10
260	11	11
260	12	13
260	14	14
260	15	15
260	16	16
260	17	17
260	18	19
260	20	21
260	22	22
260	23	24
260	25	26
260	27	29
260	30	30
260	32	33
260	34	35
260	36	37
260	38	39
260	40	40
260	41	41
260	42	43
260	44	44
260	45	45
260	46	46
260	47	47
260	49	49
260	50	51
260	52	53
260	54	55
260	56	56
260	57	58
260	59	60
260	61	64
260	65	65
260	66	66
260	67	67
260	68	69
260	70	70
260	71	72
260	73	74
260	75	76
260	77	78
260	79	80
260	81	81
260	83	84
260	85	86
260	87	89
260	90	91
260	92	92
260	93	93
260	94	96
260	97	97

261	0	0
261	1	1

262	2	2
262	3	3

263	2	2
263	3	3

264	2	2
264	3	3

265	2	2
265	3	3

266	2	2

267	2	2
267	3	3

268	2	2
268	3	3

269	0	2
269	3	3
269	4	4
269	5	6
269	7	9
269	10	12
269	13	13
269	15	15
269	17	17
269	18	18

270	2	2
270	3	3

271	2	2
271	3	3

272	2	2
272	3	3

273	2	2
273	3	3

274	2	2
274	3	3

275	2	2
275	3	3

276	2	2
276	3	3

277	2	2
277	3	3

278	0	0
278	1	1
278	2	3
278	4	4

279	0	1
279	2	4
279	5	6
279	7	8
279	9	9
279	10	11
279	12	13
279	14	15

280	0	0
280	1	1

281	0	0
281	1	1

282	0	0
282	1	1

283	0	0
283	1	1
283	2	4
283	5	5
283	6	7
283	8	8
283	9	10
283	11	12
283	13	13
283	14	15
283	16	16

284	0	0
284	1	1
284	2	3
284	4	6
284	7	7
284	8	9
284	10	11
284	12	12
284	13	13
284	14	14
284	15	15
284	16	17
284	18	18

285	0	2
285	3	5
285	6	6
285	7	8
285	9	9
285	10	11

286	0	2
286	3	3
286	4	4
286	5	5
286	6	7
286	8	10
286	11	12
286	13	13
286	14	17
286	18	18
286	19	22
286	23	23
286	24	25
286	26	28
286	29	30
286	31	34
286	35	35
286	36	37
286	38	39
286	40	40
286	41	42
286	43	44
286	45	46
286	48	49
286	50	50
286	51	51
286	52	53
286	54	55
286	56	57
286	58	59
286	60	60
286	61	62
286	63	65
286	66	67
286	68	68
286	69	70
286	71	71
286	72	73
286	74	75
286	76	77
286	78	79
286	80	81
286	82	82
286	83	83
286	84	85
286	86	87
286	88	89
286	90	91
286	92	92
286	94	96
286	97	97
286	98	99
286	100	101
286	102	102
286	103	103
286	104	104
286	105	106
286	107	109
286	110	110
286	111	112
286	113	113
286	114	114
286	115	115

287	0	2
287	3	3
287	4	4
287	5	6
287	7	7
287	8	8
287	9	10
287	11	13
287	14	14
287	15	16
287	17	18
287	19	20
287	21	22
287	23	23
287	24	25
287	26	27
287	28	28
287	29	29
287	30	31
287	32	33
287	34	34
287	35	36
287	37	38
287	39	40
287	41	42
287	43	43
287	44	46
287	48	48
287	49	50
287	51	53
287	54	54
287	55	56
287	57	57
287	58	59
287	60	61
287	62	62
287	63	63
287	64	64
287	65	65
287	66	67
287	68	69
287	70	70
287	71	71
287	72	72
287	73	74
287	75	76
287	77	78
287	79	81
287	82	82
287	83	83
287	84	85
287	86	86
287	87	88
287	89	91
287	92	92
287	94	94
287	95	96
287	97	97
287	98	98
287	99	100
287	101	102
287	103	103

326	0	2
326	3	3
326	4	4
326	5	7
326	8	9
326	10	10
326	11	12
326	13	13
326	14	17
326	18	18
326	19	19
326	20	21
326	22	23
326	24	24
326	25	26
326	27	27
326	28	28
326	29	29
326	30	31
326	32	33
326	34	37
326	38	38

327	0	0
327	1	1
327	3	4
327	5	6
327	7	9
327	10	11
327	12	13
327	14	15
327	16	17
327	18	20
327	21	21
327	22	22
327	23	23
327	24	25
327	26	27
327	28	29
327	30	31
327	32	34
327	35	35
327	36	37
327	38	38
327	39	39
327	40	42
327	43	43
327	45	45
327	46	47
327	48	49
327	50	50
327	51	51
327	52	53
327	54	54
327	55	56
327	57	57
327	58	59
327	60	61
327	62	62
327	63	64
327	65	65
327	66	66
327	67	68
327	69	69
327	70	71
327	72	73
327	74	74
327	75	75
327	76	78
327	79	79
327	80	80
327	81	81
327	82	83
327	84	84

328	2	2
328	3	3
328	5	7
328	8	8
328	9	10
328	11	11
328	12	12
328	13	13
328	14	17
328	18	18
328	19	20
328	21	22
328	23	25
328	26	27
328	28	28
328	29	30
328	31	32
328	33	34
328	35	36
328	37	37
328	38	38
328	39	39
328	40	40
328	41	42
328	43	43
328	44	44

329	0	0
329	1	1
329	3	3
329	4	4
329	5	7
329	8	8
329	9	9
329	10	11
329	12	13
329	14	15
329	16	17
329	18	21
329	22	22
329	23	24
329	25	25
329	26	27
329	28	28
329	29	30
329	31	32
329	33	33
329	34	35
329	36	38
329	39	39
329	40	41
329	42	43
329	44	47
329	49	49
329	50	51
329	52	54
329	55	55
329	56	57
329	58	59
329	60	60
329	61	62
329	63	64
329	65	66
329	67	67
329	68	69
329	70	72
329	73	73
329	74	75
329	76	77
329	78	78
329	79	80
329	81	82
329	83	84
329	85	85
329	86	87
329	88	89
329	91	92
329	93	93
329	94	94
329	95	95
329	96	97
329	98	99
329	100	100
329	101	101
329	102	103
329	104	105
329	106	107
329	108	109
329	110	110
329	111	111
329	112	113
329	114	114
329	115	116
329	117	118
329	119	120
329	121	121
329	122	122
329	123	123
329	124	125
329	126	127
329	128	131
329	133	134
329	135	135

330	0	2
330	3	3
330	4	4
330	5	5
330	6	7
330	8	8
330	9	11
330	12	12
330	13	13
330	14	16
330	18	20
330	21	21
330	22	25
330	26	26
330	27	30
330	31	31
330	32	32
330	33	33
330	34	34
330	35	38
330	39	39
330	40	40
330	41	41
330	42	43
330	44	46
330	47	47
330	48	49
330	50	51
330	52	52
330	53	53
330	54	56
330	57	57
330	59	59
330	60	61
330	62	62
330	63	63
330	64	65
330	66	67
330	68	69
330	70	70
330	71	71
330	72	72
330	73	73

331	0	2
331	3	3
331	4	4
331	5	5
331	6	7
331	8	8
331	9	10
331	11	11
331	12	12
331	13	15
331	16	16
331	17	18
331	19	20
331	21	22
331	23	24
331	25	25
331	26	27
331	28	29
331	30	31
331	32	33
331	34	34
331	35	38
331	39	39
331	40	42
331	43	43
331	44	44
331	45	46
331	48	49
331	50	50
331	51	52
331	53	54
331	55	55
331	56	59
331	60	61
331	62	62
331	63	64
331	65	65
331	66	66
331	67	68
331	69	70
331	71	71
331	72	72
331	73	74
331	75	76
331	77	78
331	79	79
331	80	81
331	82	82
331	83	84
331	85	86
331	87	88
331	89	90
331	91	92
331	94	94
331	95	95
331	96	97
331	98	99
331	100	101
331	102	102
331	103	104
331	105	105
331	106	108
331	109	111
331	112	112
331	113	114
331	115	116
331	117	118
331	119	121
331	122	124
331	125	126
331	127	127
331	128	129
331	130	131
331	132	133
331	134	135
331	136	136
331	137	138
331	140	141
331	142	143
331	144	144
331	145	145
331	146	147
331	148	149
331	150	150
331	151	152
331	153	153
331	154	155
331	156	156
331	157	158
331	159	159
331	160	162
331	163	164
331	165	166
331	167	167

332	0	2
332	3	3
332	4	4
332	5	6
332	7	7
332	8	9
332	10	10
332	11	12
332	13	14
332	15	15
332	16	17
332	18	18
332	19	19
332	20	22
332	23	23
332	24	24
332	25	26
332	27	28
332	29	29
332	30	31
332	32	33
332	34	34
332	35	35
332	36	37
332	38	39
332	40	41
332	42	42

333	0	0
333	1	1
333	3	6
333	8	10

334	0	0
334	1	1
334	3	7
334	10	12

335	0	0
335	1	1
335	3	5
335	7	7
335	8	10
335	11	11
335	13	14
335	17	19

336	0	0
336	1	1
336	3	7
336	10	12

337	3	4
337	5	6
337	7	7
337	8	8
337	9	11
337	12	12
337	13	14
337	15	16
337	17	18
337	19	20
337	21	22
337	23	23
337	24	24
337	25	27
337	28	29
337	30	31
337	32	32
337	33	34
337	35	35
337	36	37
337	38	39
337	40	40
337	41	41
337	42	43
337	44	45
337	47	49
337	50	50
337	51	51
337	52	53
337	54	55
337	56	56
337	57	58
337	59	60
337	61	62
337	63	64
337	65	65
337	66	66
337	67	68
337	69	69
337	70	70
337	71	72
337	73	73
337	74	76
337	77	78
337	79	80
337	81	81
337	82	82
337	83	84
337	85	85
337	86	87
337	88	89
337	90	91
337	93	94
337	95	96
337	97	98
337	99	99
337	100	101
337	102	102

338	0	2
338	3	3
338	4	4
338	5	5
338	6	9
338	10	10
338	11	12
338	13	15
338	16	17
338	18	21
338	22	22
338	23	23
338	24	25
338	26	26
338	27	28
338	29	31
338	32	32
338	33	34
338	35	35
338	36	38
338	39	40
338	41	41
338	42	43
338	44	44
338	45	46
338	48	48
338	49	49
338	50	50
338	51	52
338	53	54
338	55	56
338	57	59
338	60	61
338	62	63
338	64	64
338	65	65
338	67	70
338	71	71
338	72	73
338	74	76
338	77	78
338	79	80
338	81	81
338	82	83
338	84	84
338	85	86
338	87	87
338	88	89
338	90	90
338	91	91
338	92	93
338	94	95
338	96	96
338	98	100
338	101	101
338	102	102
338	103	104
338	105	107
338	108	108
338	109	110
338	111	111
338	112	113
338	114	115
338	116	116
338	117	117
338	118	119
338	120	121
338	122	122

339	0	2
339	3	6
339	7	7
339	8	9
339	10	11

340	0	2
340	3	3
340	4	4
340	5	6
340	7	9

341	0	0
341	1	1
341	3	5
341	6	7
341	8	8
341	9	10
341	11	13
341	14	15
341	16	17
341	18	19
341	20	20
341	21	23
341	24	25
341	26	27
341	28	29
341	30	30
341	31	32
341	33	34
341	35	35
341	36	37
341	38	39
341	40	40
341	41	41
341	42	43
341	45	46
341	47	47
341	48	49
341	50	51
341	52	52
341	53	54
341	55	56
341	57	58
341	59	59
341	60	61
341	62	63
341	64	64
341	65	65
341	66	67
341	68	68
341	69	69
341	70	70
341	71	72
341	73	75
341	76	77
341	78	79
341	80	82
341	83	83
341	84	84
341	85	85
341	87	88
341	89	90
341	91	92
341	93	94
341	95	95
341	96	96
341	97	97
341	98	98
341	99	100
341	101	103
341	104	104
341	105	106
341	107	108
341	109	110
341	111	111

342	0	0
342	1	1
342	3	5
342	6	6
342	7	8
342	9	11
342	12	12
342	13	14
342	15	15
342	16	17
342	18	19
342	20	20
342	21	22
342	23	25
342	26	26
342	27	29
342	30	30
342	31	31
342	32	32
342	33	33
342	34	35
342	36	37
342	38	39
342	40	41
342	42	42
342	43	43
342	45	45
342	46	47
342	48	51
342	52	52
342	53	54
342	55	56
342	57	57

343	0	0
343	1	1
343	3	3
343	4	5
343	6	6
343	7	8
343	9	11
343	12	12
343	13	13
343	14	14
343	15	15
343	16	16
343	17	17
343	18	19
343	20	21
343	22	22
343	23	24
343	25	28
343	29	29
343	30	31
343	32	34
343	35	36
343	37	37
343	38	38
343	39	40
343	41	43
343	44	44
343	46	48
343	49	51
343	52	52
343	53	54
343	55	57
343	58	58
343	59	60
343	61	62
343	63	63
343	64	65
343	66	67
343	68	69
343	70	71
343	72	72

344	0	0
344	1	1
344	3	4
344	5	6
344	7	7
344	8	9
344	10	11
344	12	13
344	14	14
344	15	18
344	19	19
344	20	23
344	24	24
344	25	26
344	27	27
344	28	29
344	30	30
344	31	31
344	32	33
344	34	35
344	36	36
344	37	37
344	38	39
344	40	40
344	41	41
344	42	43
344	45	46
344	47	48
344	49	49

345	0	0
345	1	1
345	3	3
345	4	7
345	8	9
345	10	10
345	11	11
345	12	13
345	14	16
345	17	17
345	18	21
345	22	22
345	23	24
345	25	27
345	28	28
345	29	30
345	31	32
345	33	33
345	34	35
345	36	36
345	37	38
345	39	40
345	41	41
345	42	43
345	45	46
345	47	47
345	48	49
345	50	51
345	52	52
345	53	54
345	55	56
345	57	58
345	59	59
345	60	62
345	63	63
345	64	64
345	65	66
345	67	67
345	68	69
345	70	72
345	73	73
345	74	75
345	76	77
345	78	79
345	80	81
345	82	83
345	84	84
345	85	85
345	87	88
345	89	90
345	91	92
345	93	93
345	94	95
345	96	96

346	0	2
346	3	3
346	4	4
346	5	8
346	9	11

347	0	0
347	1	1
347	2	2
347	3	5
347	6	7
347	8	9
347	10	11
347	12	12
347	13	13
347	14	15
347	16	17
347	18	19
347	20	21
347	22	22
347	23	24
347	25	26
347	27	28
347	29	30
347	31	31
347	32	32
347	33	34
347	35	36
347	37	39
347	40	41
347	42	42
347	44	44
347	45	45
347	46	46
347	47	48
347	49	49
347	50	51
347	52	53
347	54	54
347	55	57
347	58	59
347	60	60
347	61	62
347	63	64
347	65	66
347	67	67
347	68	69
347	70	70
347	71	72
347	73	73
347	74	75
347	76	77
347	78	78
347	79	81
347	82	82
347	83	83
347	84	84
347	86	86
347	87	87
347	88	91
347	92	94
347	95	96
347	97	98
347	99	99
347	100	101
347	102	103
347	105	105
347	106	106
347	108	108
347	109	111
347	112	112
347	114	116
347	117	117

348	0	0
348	1	1
348	3	6
348	7	9
348	10	11
348	12	12
348	13	14
348	15	16
348	17	17
348	18	20
348	21	22
348	23	24
348	25	25
348	26	26
348	27	27
348	28	29
348	30	31
348	32	33
348	34	34
348	35	36
348	37	37
348	38	39
348	40	40
348	41	42
348	43	43
348	44	44
348	46	46
348	47	48
348	49	50
348	51	51
348	52	54
348	55	55
348	56	58
348	59	61
348	62	62
348	63	64
348	65	65
348	66	67
348	68	68
348	69	70
348	71	71
348	72	73
348	74	74
348	75	76
348	77	77
348	78	79
348	80	81
348	82	82
348	83	83
348	84	86
348	88	88
348	89	89
348	90	92
348	93	93

349	0	0
349	1	1
349	3	6
349	7	9
349	10	11
349	12	13
349	14	15
349	16	16
349	17	18
349	19	19
349	20	20
349	21	22
349	23	23
349	24	26
349	27	28
349	29	30
349	31	31
349	32	32
349	33	33
349	34	36
349	37	38
349	39	39
349	40	41
349	42	43
349	45	45
349	46	47
349	48	48
349	49	50
349	51	51
349	52	54
349	55	56
349	57	57

350	2	2
350	3	3
350	5	8
350	9	11
350	12	13
350	14	15
350	16	16

351	0	2
351	3	3
351	4	4
351	5	6
351	7	8
351	9	9

352	2	2
352	3	3
352	5	7
352	8	8
352	9	10
352	11	12
352	13	13
352	14	15
352	16	16
352	17	18
352	19	19
352	20	21
352	22	22

353	2	2
353	3	3
353	5	8
353	9	10
353	11	12
353	13	13
353	14	14
353	15	15
353	16	16
353	17	17
353	18	19
353	20	21
353	22	22
353	23	24
353	25	25
353	26	26
353	27	30
353	31	31

354	2	2
354	3	3
354	5	8
354	9	10
354	11	11
354	12	13
354	14	15
354	16	16
354	17	18
354	19	20
354	21	22
354	23	24
354	25	25
354	26	27
354	28	29
354	30	31
354	32	32
354	33	34
354	35	35
354	36	37
354	38	38

355	2	2
355	3	3
355	5	5
355	6	6
355	7	8
355	9	10
355	11	12
355	13	13
355	14	15
355	16	16

356	2	2
356	3	3
356	5	6
356	7	9
356	10	11
356	12	12
356	13	14
356	15	16
356	17	18
356	19	19
356	20	20
356	21	22
356	23	24
356	25	25

357	2	2
357	3	3
357	5	6
357	7	7
357	8	8
357	9	10
357	11	12
357	13	14
357	15	15
357	16	17
357	18	18
357	19	20
357	21	21
357	22	22
357	23	24
357	25	25
357	26	26
357	27	28
357	29	30
357	31	32
357	33	33

358	2	2
358	3	3
358	5	6
358	7	7
358	8	8
358	9	10
358	11	12
358	13	13
358	14	15
358	16	16
358	17	17
358	18	18
358	19	19
358	20	21
358	22	22
358	23	23
358	24	25
358	26	27
358	28	29
358	30	31
358	32	33
358	34	34

359	0	2
359	3	3
359	4	4
359	5	7
359	8	9
359	10	10
359	11	12
359	13	14
359	15	16
359	17	17
359	18	18
359	19	19
359	20	21
359	22	22
359	23	24
359	25	26
359	27	28
359	29	29
359	30	31
359	32	33
359	34	35
359	36	36
359	37	37
359	38	38
359	39	40
359	41	41

360	0	2
360	3	3
360	4	4
360	5	7

361	0	0
361	1	1
361	3	5
361	6	6
361	7	8
361	9	12
361	13	13
361	14	14
361	15	17
361	18	19
361	20	21
361	22	24
361	25	25
361	26	26
361	27	28
361	29	30
361	31	31
361	32	33
361	34	35
361	36	37
361	38	39
361	40	40
361	41	42
361	43	43
361	45	46
361	47	47
361	48	48
361	49	50
361	51	51
361	52	53
361	54	54
361	55	56
361	57	57
361	58	59
361	60	60
361	61	61
361	62	63
361	64	65
361	66	66
361	67	68
361	69	70
361	71	71
361	72	74
361	75	77
361	78	79
361	80	81
361	82	83
361	84	84

362	0	0
362	1	1
362	3	5
362	6	7
362	8	9
362	10	10
362	11	12
362	13	15
362	16	17
362	18	18
362	19	20
362	21	21
362	22	24
362	25	26
362	27	30
362	31	31
362	32	33
362	34	35
362	36	36
362	37	38
362	39	40
362	41	42
362	43	43
362	45	45
362	46	47
362	48	48
362	49	50
362	51	52
362	53	53
362	54	55
362	56	56
362	57	57
362	58	58
362	59	59

363	0	0
363	1	1
363	3	4
363	5	7
363	8	10
363	11	11
363	12	14
363	15	16
363	17	17
363	18	20
363	21	22
363	23	24
363	25	26
363	27	28
363	29	29
363	30	31
363	32	32
363	33	34
363	35	37
363	38	39
363	40	42
363	43	43
363	45	46
363	47	48
363	49	51
363	52	52
363	53	54
363	55	55
363	56	57
363	58	58
363	59	59
363	60	61
363	62	64
363	65	66
363	67	67

364	2	2
364	3	3
364	5	5
364	6	7
364	8	9
364	10	10
364	11	12
364	13	14
364	15	17
364	18	18

365	0	2
365	3	3
365	4	4
365	5	7

366	0	0
366	1	1
366	3	4
366	5	6
366	7	9
366	10	10
366	11	12
366	13	14
366	15	17
366	18	18
366	19	20
366	21	22
366	23	24
366	25	25
366	26	27
366	28	29
366	30	30
366	31	32
366	33	34
366	35	37
366	38	38
366	39	40
366	41	42
366	43	43
366	45	46
366	47	48
366	49	49

367	2	2
367	3	3
367	5	5
367	6	9
367	10	11
367	12	13
367	14	15
367	16	18
367	19	19

368	2	2
368	3	3
368	5	5
368	6	7
368	8	8
368	9	10
368	11	12
368	13	15
368	16	16
368	17	17
368	18	19
368	20	22
368	23	24
368	25	26
368	27	27
368	28	28
368	29	32
368	33	34
368	35	35
368	36	36
368	37	37
368	38	39
368	40	41
368	42	43
368	44	45
368	46	46

369	0	0
369	1	1
369	3	6
369	7	8
369	9	10
369	11	12
369	13	13
369	14	15
369	16	16
369	17	18
369	19	19
369	20	21
369	22	23
369	24	24
369	25	28
369	29	29
369	30	30
369	31	32
369	33	33
369	34	35
369	36	36
369	37	37
369	38	39
369	40	43
369	45	46
369	47	48
369	49	49
369	50	51
369	52	53
369	54	56
369	57	57

370	0	0
370	1	1
370	3	3
370	4	5
370	6	6
370	7	8
370	9	10
370	11	11
370	12	13
370	14	14
370	15	15
370	16	17
370	18	20
370	21	21
370	22	23
370	24	24
370	25	25
370	26	27
370	28	28
370	29	30
370	31	32
370	33	34
370	35	35
370	36	37
370	38	39
370	40	40
370	41	41
370	42	43
370	45	46
370	47	47
370	48	49
370	50	50
370	51	52
370	53	54
370	55	56
370	57	57
370	58	58
370	59	60
370	61	62
370	63	63
370	64	66
370	67	67
370	68	68

371	0	2
371	3	3
371	4	4
371	5	6
371	7	9
371	10	11
371	12	13
371	14	14

372	0	2
372	3	3
372	4	4
372	5	5
372	6	7
372	8	9
372	10	10
372	11	11
372	12	13
372	14	16
372	17	18
372	19	20
372	21	21
372	22	23
372	24	25
372	26	27
372	28	28
372	29	31
372	32	32

373	0	2
373	3	3
373	4	4
373	5	7
373	8	8
373	9	10
373	11	12
373	13	13
373	14	15
373	16	16
373	17	18
373	19	19
373	20	21
373	22	22
373	23	24
373	25	26
373	27	29
373	30	31
373	32	32

374	0	2
374	3	5
374	6	7
374	8	9
374	10	10
374	11	12
374	13	14

375	0	2
375	3	3
375	4	4
375	5	5
375	6	7
375	8	9
375	10	12
375	13	13
375	14	15
375	16	17
375	18	18
375	19	19
375	20	20
375	21	21
375	22	23
375	24	25
375	26	26
375	27	28
375	29	30
375	31	32
375	33	33
375	34	34
375	35	36
375	37	37
375	38	38
375	39	40
375	41	41
375	42	42
375	43	44
375	45	46
375	48	49
375	50	51
375	52	52
375	53	54
375	55	55
375	56	56
375	57	58
375	59	60
375	61	61
375	62	64
375	65	65
375	66	66
375	67	68
375	69	70
375	71	72
375	73	73
375	74	74
375	75	76
375	77	77

376	0	2
376	3	3
376	4	4
376	5	7
376	8	9
376	10	11
376	12	13
376	14	14
376	15	16
376	17	17
376	18	18
376	19	20
376	21	22
376	23	24
376	25	25

377	2	2
377	3	3
377	5	5
377	6	7
377	8	9
377	10	10
377	11	12
377	13	14
377	15	16
377	17	18
377	19	19
377	20	21
377	22	22
377	23	24
377	25	25
377	26	27
377	28	28

378	2	2
378	3	3
378	5	6
378	7	9
378	10	11
378	12	13
378	14	16
378	17	17
378	18	18
378	19	20
378	21	21
378	22	23
378	24	25
378	26	27
378	28	28
378	29	29
378	30	31
378	32	33
378	34	34
378	35	36
378	37	37
378	38	39
378	40	41
378	42	43
378	44	44

379	2	2
379	3	3
379	5	6
379	7	8
379	9	11
379	12	13
379	14	15
379	16	16
379	17	17
379	18	18
379	19	20
379	21	22
379	23	23
379	24	25
379	26	27
379	28	28
379	29	32
379	33	33

380	0	1
380	2	3
380	4	6
380	7	7
380	8	8
380	9	10
380	11	12
380	13	15
380	16	17
380	18	19
380	20	20
380	21	21
380	22	24
380	25	26
380	27	27
380	28	29
380	30	31
380	32	32
380	33	34
380	35	36
380	37	39
380	40	40

381	4	5
381	6	7
381	8	8

382	2	2
382	3	3
382	4	4
382	5	6
382	7	8
382	9	10
382	11	11
382	12	13
382	14	15
382	16	17
382	18	18
382	19	19
382	20	21
382	22	22
382	23	23
382	24	24
382	25	26
382	27	29
382	30	30
382	31	31
382	32	32
382	33	34
382	35	35

383	0	2
383	3	3
383	4	4
383	5	7
383	8	9
383	10	11
383	12	13
383	14	14
383	15	16
383	17	17
383	18	18
383	19	19
383	20	22
383	23	23
383	24	25
383	26	27
383	28	28
383	29	29
383	30	32
383	33	34
383	35	35
383	36	36
383	37	38
383	39	40
383	41	42
383	43	43

384	2	2
384	3	3
384	5	6
384	7	7
384	8	8
384	9	10
384	11	11
384	12	12
384	13	13
384	14	15
384	16	19
384	20	20
384	21	24
384	25	26
384	27	27
384	28	28
384	29	29
384	30	31
384	32	33
384	34	35
384	36	36
384	37	38
384	39	39
384	40	41
384	42	42

385	0	0
385	1	1
385	3	3
385	4	5
385	6	6
385	7	8
385	9	10
385	11	11
385	12	12
385	13	14
385	15	15
385	16	16
385	17	17
385	18	18
385	19	19
385	20	20
385	21	22
385	23	26
385	27	28
385	29	29
385	30	30
385	31	31
385	32	33
385	34	35
385	36	37
385	38	39
385	40	40
385	41	42
385	43	43
385	44	45
385	47	47
385	48	49
385	50	51
385	52	53
385	54	55
385	56	56

386	0	0
386	1	1
386	3	4
386	5	5
386	6	6
386	7	8
386	9	10
386	11	12
386	13	14
386	15	18
386	19	19
386	20	21
386	23	25
386	26	27
386	28	28
386	29	31
386	32	32
386	33	34
386	35	36
386	37	38
386	39	42
386	43	43
386	44	44
386	45	45
386	46	47
386	48	49
386	51	52
386	53	53
386	54	54
386	55	57
386	58	58

387	2	2
387	3	3
387	5	6
387	7	8
387	9	9
387	10	11
387	12	15
387	16	17
387	18	18

388	0	0
388	1	1
388	3	4
388	5	5
388	6	7
388	8	8
388	9	10
388	11	12
388	13	13
388	14	15
388	16	17
388	18	18
388	19	20
388	21	22
388	23	24
388	25	25
388	26	26
388	27	27
388	28	28
388	29	30
388	31	32
388	33	33
388	34	34
388	35	35
388	36	37
388	38	38
388	39	40
388	41	43
388	45	46
388	47	48
388	49	50
388	51	51

389	0	2
389	3	3
389	4	4
389	5	5
389	6	7
389	8	9
389	10	11
389	12	12
389	13	14
389	15	15
389	16	17
389	18	18
389	19	20
389	21	22
389	23	23
389	24	25
389	26	27
389	28	28
389	29	30
389	31	32
389	33	34
389	35	36
389	37	40
389	41	42
389	43	43
389	44	45
389	46	46
389	48	48
389	49	50
389	51	52
389	53	53
389	54	55
389	56	57
389	58	58
389	59	60
389	61	63
389	64	67
389	68	68
389	69	71
389	72	72
389	73	73

390	0	2
390	3	5
390	6	7
390	8	10
390	11	11
390	12	12
390	13	14
390	15	16
390	17	17
390	18	19
390	20	21
390	22	22
390	23	24
390	25	26
390	27	27
390	28	29
390	30	30
390	31	32
390	33	34
390	35	36
390	37	38
390	39	39
390	40	40
390	41	42
390	43	44
390	46	47
390	48	49
390	50	50
390	51	54
390	55	55

391	0	2
391	3	4
391	5	7
391	8	9
391	10	11

392	0	2
392	3	3
392	4	4
392	5	6
392	7	8
392	9	10
392	11	11
392	12	13
392	15	15
392	16	17
392	18	18
392	20	21
392	22	22
392	23	26
392	27	27
392	28	29
392	30	31
392	32	33
392	34	35
392	36	37
392	38	39
392	40	40
392	41	41
392	42	43
392	44	44
392	45	45
392	46	47
392	48	49
392	50	50
392	52	53
392	54	57
392	58	59
392	60	60
392	61	62
392	63	64
392	65	65

393	0	2
393	3	3
393	4	4
393	5	5
393	6	6
393	7	8
393	9	10
393	11	11
393	12	13
393	14	15
393	16	18
393	19	20
393	21	22
393	23	23
393	24	25
393	26	27
393	28	30
393	31	31
393	32	33
393	34	34
393	35	36
393	37	39
393	40	41
393	42	43
393	44	44

394	0	2
394	3	3
394	4	4
394	5	6
394	7	7
394	8	8
394	9	10
394	11	12
394	13	15
394	16	16
394	17	18
394	19	20
394	21	22
394	23	23
394	24	24
394	25	26
394	27	27
394	28	28
394	29	31
394	32	32
394	33	36
394	37	38
394	39	39
394	40	40
394	41	42
394	43	44
394	45	45
394	46	46
394	47	48
394	50	50
394	51	52
394	53	54
394	55	56
394	57	57
394	58	58
394	59	61
394	62	62
394	63	63
394	64	65
394	66	67
394	68	69
394	70	71
394	72	72
394	73	73
394	74	75
394	76	78
394	79	80
394	81	82
394	83	84
394	85	86
394	87	87

395	0	2
395	3	3
395	4	4
395	5	6
395	7	8
395	9	10
395	11	11
395	12	13
395	14	15
395	16	17
395	18	19
395	20	20
395	21	22
395	23	24
395	25	25
395	26	26
395	27	31
395	32	32
395	33	34
395	35	36
395	37	38
395	39	41
395	42	43
395	44	45
395	46	46
395	47	47
395	49	50
395	51	51
395	52	53
395	54	54
395	55	55
395	56	57
395	58	58
395	59	59
395	60	60
395	61	62
395	63	65
395	66	67
395	68	69
395	70	70
395	71	71
395	72	72
395	73	74
395	75	75
395	76	77
395	78	78
395	79	80
395	81	81
395	82	83
395	84	85
395	86	87
395	88	88
395	89	90
395	91	91
395	92	93
395	95	96
395	97	98
395	99	99
395	100	100
395	101	101
395	102	102
395	103	104
395	105	105
395	106	107
395	108	108
395	109	111
395	112	112
395	113	114
395	115	115
395	116	116
395	117	117
395	118	119
395	120	120
395	121	122
395	123	124
395	125	125
395	126	126
395	127	127
395	128	128
395	129	129
395	130	131
395	132	133
395	134	135
395	136	136
395	137	138
395	139	139
395	141	142
395	143	144
395	145	146
395	147	147
395	148	149
395	150	151
395	152	153
395	154	155
395	156	156

396	0	2
396	3	3
396	4	4
396	5	6
396	7	7
396	8	9
396	10	11
396	12	13
396	14	14
396	15	16
396	17	18
396	19	19
396	20	21
396	22	23
396	24	24
396	25	25
396	26	27
396	28	29
396	30	31
396	32	33
396	34	35
396	36	36
396	37	37
396	38	39
396	40	40
396	41	42
396	43	44
396	45	46
396	48	49
396	50	50
396	51	52
396	53	54
396	55	56
396	57	57
396	58	59
396	60	61
396	62	63
396	64	64
396	65	66
396	67	69
396	70	70
396	71	72
396	73	75
396	76	77
396	78	78
396	79	80
396	81	81
396	82	83
396	84	85
396	86	86
396	87	88
396	89	90
396	91	92
396	93	93

397	0	2
397	3	3
397	4	4
397	5	6
397	7	9
397	10	11
397	12	12
397	13	14
397	15	17
397	18	19
397	20	21
397	22	22
397	23	23
397	24	26
397	27	28
397	29	30
397	31	31
397	32	33
397	34	35
397	36	36
397	37	37
397	38	38
397	39	40
397	41	43
397	44	45
397	46	46
397	48	48
397	49	50
397	51	52
397	53	53
397	54	55
397	56	57
397	58	59
397	60	60

398	0	2
398	3	3
398	4	4
398	5	5
398	6	9
398	10	10
398	11	12
398	13	13
398	14	16
398	17	18
398	20	22
398	23	23
398	24	24
398	25	26
398	27	28
398	29	30
398	31	32
398	33	33

399	0	2
399	3	3
399	4	4
399	5	6
399	7	8
399	9	10
399	11	12
399	13	13
399	14	15
399	16	16
399	17	17
399	18	19
399	20	20
399	21	21
399	22	23
399	24	24
399	25	26
399	27	29
399	30	31
399	32	32
399	33	34
399	35	36
399	37	37
399	38	39
399	40	41
399	42	42
399	43	44
399	45	46
399	48	48
399	49	50
399	51	52
399	53	53
399	54	56
399	57	57
399	58	58
399	59	59
399	60	61
399	62	62
399	63	64
399	65	65
399	66	68
399	69	70
399	71	72
399	73	73

400	0	2
400	3	3
400	4	4
400	5	5
400	6	7
400	8	9
400	10	10
400	11	13
400	14	14
400	15	15
400	16	17
400	18	19
400	20	20
400	21	23
400	24	24
400	25	26
400	27	28
400	29	30
400	31	32
400	33	34
400	35	35
400	36	36
400	37	38
400	39	40
400	41	42
400	43	43
400	44	45
400	46	46
400	48	49
400	50	50
400	51	52
400	53	54
400	55	55
400	56	58
400	59	60
400	61	61
400	62	63
400	64	65
400	66	67
400	68	69
400	70	70

401	0	2
401	3	3
401	4	5
401	6	6
401	7	8
401	9	9
401	10	10
401	11	12
401	13	13
401	14	14
401	15	16
401	17	19
401	20	20
401	21	21
401	22	23
401	24	25
401	26	26
401	27	29
401	30	31
401	32	33
401	34	35
401	36	37
401	38	39
401	40	40
401	41	42
401	43	43
401	44	44
401	45	46
401	48	49
401	50	51
401	52	52
401	53	53
401	54	55
401	56	57
401	58	59
401	60	60
401	61	62
401	63	64
401	65	66
401	67	67
401	68	68
401	69	69
401	70	71
401	72	73
401	74	74

402	0	0
402	1	3
402	4	4
402	5	5
402	6	7
402	8	9
402	10	10
402	11	12

403	0	2
403	3	4
403	5	5
403	6	6
403	7	7
403	8	9
403	10	11
403	12	12
403	13	14

404	0	2
404	3	3
404	4	4
404	5	8
404	9	9
404	10	12
404	13	14
404	15	15
404	16	17
404	18	18
404	19	20
404	21	22
404	23	23
404	24	24
404	25	25
404	26	27
404	28	29
404	30	30
404	31	32
404	33	34
404	35	35
404	36	36
404	37	38
404	39	40
404	41	42
404	43	43

405	0	2
405	3	3
405	4	4
405	5	7
405	8	8
405	9	10
405	11	12
405	13	14
405	15	15
405	16	18
405	19	20
405	21	21
405	22	23
405	24	25
405	26	26
405	27	27
405	28	29
405	30	32
405	33	33
405	34	34
405	35	37
405	38	38
405	39	39
405	40	40
405	41	42
405	43	44
405	45	45

406	2	2
406	3	3
406	5	7
406	8	9
406	10	11
406	12	13
406	14	14
406	15	15
406	16	16
406	17	18
406	19	19
406	20	21
406	22	22
406	23	25
406	26	26

407	2	2
407	3	3
407	5	6
407	7	8
407	9	9
407	10	11
407	12	12
407	13	13
407	14	15
407	16	17
407	18	18
407	19	20
407	21	22
407	23	23
407	24	24
407	25	26
407	27	28
407	29	29

408	2	2
408	3	3
408	5	6
408	7	7
408	8	9
408	10	10
408	11	12
408	13	13
408	14	15
408	16	17
408	18	18

409	2	2
409	3	3
409	5	7
409	8	9
409	10	11
409	12	12

410	2	2
410	3	3
410	5	6
410	7	9
410	10	11
410	12	12
410	13	14
410	15	17
410	18	18
410	19	19

411	0	2
411	3	3
411	4	4
411	5	5
411	6	7
411	8	9
411	10	12
411	13	14
411	15	15
411	16	17
411	18	18
411	19	19
411	20	22
411	23	23
411	24	25
411	26	29
411	30	32
411	33	33
411	34	37
411	38	40
411	41	41
411	42	44
411	45	46
411	47	47

412	0	2
412	3	3
412	4	4
412	5	5
412	6	8
412	9	10
412	11	11
412	12	13
412	14	15
412	16	16
412	17	18
412	19	19
412	20	21
412	22	23
412	24	25
412	26	26
412	27	27
412	28	30
412	31	32
412	33	36
412	37	37
412	38	38
412	39	42
412	43	45
412	46	46
412	48	50
412	51	52
412	53	53

413	0	2
413	3	3
413	4	4
413	5	7
413	8	9
413	10	11
413	12	13
413	14	14
413	15	15
413	16	19
413	20	20
413	21	21
413	22	23
413	24	25
413	26	27
413	28	29
413	30	30

414	2	2
414	3	3
414	5	6
414	7	9
414	10	10
414	11	12
414	13	13
414	14	15
414	16	16
414	17	17
414	18	18
414	19	19
414	20	20
414	21	21
414	22	22
414	23	23
414	24	24
414	25	25
414	26	27
414	28	28
414	29	30
414	31	32
414	33	34
414	35	35
414	36	37
414	38	38
414	39	40
414	41	42
414	43	43

415	2	2
415	3	3
415	5	6
415	7	8
415	9	10
415	11	12
415	13	13

416	2	2
416	3	3
416	5	6
416	7	9
416	10	11
416	12	13
416	14	14
416	15	17
416	18	18
416	19	19
416	20	21
416	22	23
416	24	24

417	0	0
417	1	1
417	3	3
417	4	5
417	6	7
417	8	8
417	9	10
417	11	11
417	12	13
417	14	14
417	15	15
417	16	16
417	17	18
417	19	19
417	20	21
417	22	22
417	23	23
417	24	24
417	25	25
417	26	27
417	28	28
417	29	30
417	31	33
417	34	34
417	35	35
417	36	36
417	37	39
417	40	41
417	42	43
417	44	44
417	45	45
417	47	48
417	49	50
417	51	52
417	53	54
417	55	55
417	56	56
417	57	57
417	58	58
417	59	60
417	61	61
417	62	62
417	63	64
417	65	66
417	67	67
417	68	69
417	70	71
417	72	74
417	75	75
417	76	77
417	78	78
417	79	80
417	81	82
417	83	84
417	85	85
417	86	86
417	87	87
417	89	89
417	90	91
417	92	92

418	0	0
418	1	1
418	3	3
418	4	5
418	6	7
418	8	8
418	9	9
418	10	10
418	11	12
418	13	13
418	14	14
418	15	17
418	18	19
418	20	20
418	21	22
418	23	23
418	24	25
418	26	27
418	28	28
418	29	29
418	30	31
418	32	33
418	34	34
418	35	36
418	37	37
418	38	40
418	41	41
418	42	43
418	45	45
418	46	47
418	48	48

419	2	2
419	3	3
419	5	7
419	8	8
419	9	10
419	11	11
419	12	15
419	16	17
419	18	18
419	19	20
419	21	21
419	22	22
419	23	24
419	25	26
419	27	28
419	29	31
419	32	32
419	33	33
419	34	34
419	35	35
419	36	38
419	39	40
419	41	42
419	43	43

420	0	2
420	3	3
420	4	4
420	5	7
420	8	8
420	9	10
420	11	11
420	12	13
420	14	15
420	16	16
420	17	17
420	18	20
420	21	23
420	24	25
420	26	27
420	28	28
420	29	30
420	31	32
420	33	33
420	34	34
420	35	36
420	37	37
420	38	39
420	40	41
420	42	43
420	44	44
420	45	46
420	48	49
420	50	51
420	52	53
420	54	56
420	57	57
420	58	59
420	60	61
420	62	63
420	64	64

421	0	2
421	3	3
421	4	4
421	5	5
421	6	7
421	8	8
421	9	10
421	11	11
421	12	13
421	14	14
421	15	16
421	17	18
421	19	19
421	20	21
421	22	22
421	23	24
421	25	25
421	26	26
421	27	28
421	29	29
421	30	30
421	31	31
421	32	33
421	34	35
421	36	36
421	37	38
421	39	40
421	41	42
421	43	45
421	46	46
421	47	47
421	49	50
421	51	51
421	52	53
421	54	55
421	56	57
421	58	59
421	60	61
421	62	62

422	0	2
422	3	3
422	4	4
422	5	7
422	8	9
422	10	10
422	11	12
422	13	14
422	15	15
422	16	17
422	18	19
422	20	21
422	22	23
422	24	25
422	26	26
422	27	29
422	30	31
422	32	34
422	35	36
422	37	37
422	38	38
422	39	39
422	40	40
422	41	42
422	43	43
422	44	46
422	48	49
422	50	50
422	51	52
422	53	54
422	55	55
422	56	56
422	57	57
422	58	58
422	59	60
422	61	61
422	62	63
422	64	65
422	66	67

423	0	2
423	3	3
423	4	4
423	5	6
423	7	8
423	9	10
423	11	11
423	12	13
423	14	15
423	16	17
423	18	18
423	19	19
423	20	20
423	21	21
423	22	23
423	24	25
423	26	27
423	28	28
423	29	29
423	30	31
423	32	33
423	34	34
423	35	35
423	36	36
423	37	37
423	38	38
423	39	40
423	41	41
423	42	43
423	44	45
423	46	46
423	48	52
423	53	54
423	55	55
423	56	56
423	57	58
423	59	60
423	61	61

424	0	2
424	3	3
424	4	5
424	6	7
424	8	9
424	10	11
424	12	13
424	14	14
424	15	15
424	16	16
424	17	18
424	19	20
424	21	21
424	22	22
424	23	23
424	24	24
424	25	25
424	26	27
424	28	28
424	29	29
424	30	30
424	31	33
424	34	34
424	35	36
424	37	38
424	39	39

425	0	2
425	3	4
425	5	7
425	8	9
425	10	10
425	11	12

426	0	2
426	3	3
426	4	4
426	5	6
426	7	8
426	9	10
426	11	12
426	13	13
426	14	14
426	15	17
426	18	19
426	20	21
426	22	23
426	24	25
426	26	26
426	27	28
426	29	30
426	31	31
426	32	33
426	34	34
426	35	36
426	37	37
426	38	39
426	40	41
426	42	42
426	43	44
426	45	46
426	47	47
426	49	50
426	51	52
426	53	54
426	55	56
426	57	59
426	60	61
426	62	63
426	64	65
426	66	66
426	67	67
426	68	68
426	69	70
426	71	73
426	74	75
426	76	77
426	78	78
426	79	79
426	80	81
426	82	82
426	83	84
426	85	85
426	86	87
426	88	89
426	90	90
426	91	92
426	93	93
426	95	96
426	97	98
426	99	100
426	101	101
426	102	102
426	103	105
426	106	108
426	109	109
426	110	113
426	114	114
426	115	115
426	116	117
426	118	119
426	120	121
426	122	122
426	123	124
426	125	126
426	127	129
426	130	130
426	131	132
426	133	134
426	135	135

427	3	3
427	4	5
427	6	8
427	9	9
427	10	10
427	11	12
427	13	13
427	14	15
427	16	16
427	17	19
427	20	20
427	21	22
427	23	23
427	24	27
427	28	28
427	29	29
427	30	30
427	31	32
427	33	33
427	34	34
427	35	37
427	38	38
427	39	40
427	41	42
427	43	43
427	44	44
427	45	45
427	47	47
427	48	49
427	50	51
427	52	53
427	54	54

428	2	2
428	3	4
428	5	5
428	6	7
428	8	8
428	9	9
428	10	10
428	11	11
428	12	13
428	14	14
428	15	15
428	16	17
428	18	19
428	20	21
428	22	22
428	23	23
428	24	25
428	26	27
428	28	29
428	30	32
428	33	34
428	35	36
428	37	37

429	0	2
429	3	3
429	4	4
429	5	6
429	7	8
429	9	10
429	11	12
429	13	13
429	14	14
429	15	15
429	16	17
429	18	19
429	20	21
429	22	23
429	24	24
429	25	25
429	26	27
429	28	28
429	29	29
429	30	31
429	32	33
429	34	35
429	36	36
429	37	37
429	38	39
429	40	41
429	42	42
429	43	44
429	45	46
429	47	47
429	49	49
429	50	51
429	52	52
429	53	53
429	54	54
429	55	56
429	57	58
429	59	59

430	2	2
430	3	3
430	5	6
430	7	8
430	9	10
430	11	11
430	12	13
430	14	15
430	16	16

431	2	2
431	3	3
431	5	6
431	7	7
431	8	9
431	10	10
431	11	12
431	13	14
431	15	16
431	17	18
431	19	19

432	2	2
432	3	3
432	5	7
432	8	9
432	10	11
432	12	13
432	14	15
432	16	17
432	18	19
432	20	20
432	21	24
432	25	25

433	2	2
433	3	3
433	5	6
433	7	9
433	10	12
433	13	14
433	15	15
433	16	16
433	17	18
433	19	20
433	21	21

434	2	2
434	3	3
434	5	6
434	7	9
434	10	10
434	11	11
434	12	13
434	14	14
434	15	15
434	16	16
434	17	18
434	19	20
434	21	21
434	22	25
434	26	27
434	28	28

435	2	2
435	3	3
435	5	6
435	7	7
435	8	9
435	10	11
435	12	13
435	14	14

436	2	2
436	3	3
436	5	7
436	8	9
436	10	13
436	14	15
436	16	17
436	18	19
436	20	20

437	0	2
437	3	3
437	4	4
437	5	7
437	8	9
437	10	11
437	12	13
437	14	14
437	15	15
437	16	16
437	17	18
437	19	19
437	20	21
437	22	23
437	24	25
437	26	27
437	28	28
437	29	30
437	31	32
437	33	36
437	37	37
437	38	39
437	40	41
437	42	43
437	44	45
437	46	46
437	48	48
437	49	50
437	51	51
437	52	54
437	55	55
437	56	57
437	58	58
437	59	59
437	60	63
437	64	64
437	65	66
437	67	67

438	0	2
438	3	4
438	5	6
438	7	8
438	9	9
438	10	10
438	11	12
438	13	14
438	15	15
438	16	17
438	18	19

439	0	2
439	3	3
439	4	4
439	5	6
439	7	7
439	8	9
439	10	11
439	12	12
439	13	14
439	15	15
439	16	17
439	18	19
439	20	22
439	23	23
439	24	25
439	26	27
439	28	29
439	30	30
439	31	31
439	32	33
439	34	34
439	35	36
439	37	37
439	38	39
439	40	41
439	42	42
439	43	43
439	44	44
439	45	46
439	48	48
439	49	49
439	50	51
439	52	52
439	53	54
439	55	56
439	57	59
439	60	60
439	61	64
439	65	66
439	67	68
439	69	69
439	70	71
439	72	72
439	73	73
439	74	75
439	76	77
439	78	78
439	79	80
439	81	82
439	83	83
439	84	84
439	85	85
439	86	87
439	88	88
439	89	92
439	93	93
439	95	95
439	96	96

440	0	2
440	3	3
440	4	4
440	5	6
440	7	8
440	9	10
440	11	11
440	12	13
440	14	16
440	17	17
440	18	20
440	21	21
440	22	22
440	23	24
440	25	25
440	26	26
440	27	27
440	28	31
440	32	33
440	34	35
440	36	37
440	38	39
440	40	42
440	43	43
440	44	44
440	45	46
440	48	48
440	49	49
440	50	53
440	54	54
440	55	56
440	57	58
440	59	60
440	61	61
440	62	63
440	64	68
440	69	69
440	70	70
440	71	72
440	73	74
440	75	76
440	77	78
440	79	80
440	81	81
440	82	82
440	83	83
440	84	85
440	86	87
440	88	88
440	89	90
440	91	91
440	92	92
440	93	93
440	94	94
440	95	97
440	99	100
440	101	101
440	102	103
440	104	105
440	106	107
440	108	109
440	110	111
440	112	113
440	114	115
440	116	117
440	118	119
440	120	121
440	122	123
440	124	124
440	125	125
440	126	129
440	130	130
440	131	134
440	135	135
440	136	139
440	140	140
440	141	141
440	142	144
440	146	146
440	147	147
440	148	150
440	151	152
440	153	154
440	155	155
440	156	157
440	158	159
440	160	161
440	162	163
440	164	164
440	165	165
440	166	168
440	169	169
440	170	171
440	172	173
440	174	174
440	175	176
440	177	178
440	179	179
440	180	181
440	182	184
440	185	186
440	187	187

441	0	2
441	3	5
441	6	7
441	8	8
441	9	10

442	0	2
442	3	3
442	4	4
442	5	7
442	8	9
442	10	10
442	11	11
442	12	14
442	15	16
442	17	18
442	19	19
442	20	20
442	21	22
442	23	24
442	25	26
442	27	29
442	30	31
442	32	33
442	34	35
442	36	37
442	38	39
442	40	40
442	41	42
442	43	43
442	44	44
442	45	46
442	48	49
442	50	51
442	52	52

443	2	2
443	3	5
443	6	6
443	7	8
443	9	10
443	11	11
443	12	13
443	14	14
443	15	15
443	16	16
443	17	17
443	18	20
443	21	22
443	23	23

444	0	2
444	3	3
444	4	4
444	5	6
444	7	7
444	8	9
444	10	10
444	11	13
444	14	15
444	16	16
444	17	17
444	18	20
444	21	21
444	22	23
444	24	24

445	0	2
445	3	3
445	4	4
445	5	7
445	8	9
445	10	10
445	11	11
445	12	14
445	15	16
445	17	18
445	19	19
445	20	21
445	22	24
445	25	25
445	26	26
445	27	28
445	29	30
445	31	32
445	33	34
445	35	35
445	36	37
445	38	39
445	40	41
445	42	42

446	0	0
446	1	3
446	4	4
446	5	6
446	7	7
446	8	9
446	10	10
446	11	12
446	13	13
446	14	15

447	0	2
447	3	5
447	6	6
447	7	8
447	9	10
447	11	11
447	12	13
447	14	14
447	15	15
447	16	16
447	17	19
447	21	23
447	24	24
447	25	28
447	29	29
447	30	30
447	31	31
447	32	32
447	33	33
447	34	34
447	35	35
447	36	36
447	37	37
447	38	39
447	40	40
447	41	42
447	43	45
447	46	46
447	47	48
447	49	49
447	51	51
447	52	52

448	0	2
448	3	4
448	5	5
448	6	6
448	7	9
448	10	11
448	12	13
448	14	15
448	16	16
448	17	18
448	19	20
448	21	21
448	22	23
448	24	24
448	25	25
448	26	26
448	27	28
448	29	30
448	31	32
448	33	34
448	35	35
448	36	37
448	38	38
448	39	40
448	41	41

449	2	2
449	3	3
449	5	6
449	7	7
449	8	8
449	10	12
449	13	14
449	15	15
449	16	17
449	18	19
449	20	20
449	21	22
449	23	23

450	2	2
450	3	3
450	5	6
450	7	8
450	9	9
450	10	11
450	12	13
450	14	14

451	2	2
451	3	3
451	5	6
451	7	7
451	8	9
451	10	10
451	11	12
451	13	14
451	15	16
451	17	18
451	19	19

452	2	2
452	3	3
452	5	6
452	7	8
452	9	9
452	10	11
452	12	13
452	14	15
452	16	16

453	2	2
453	3	3
453	5	6
453	7	8
453	9	10
453	11	11
453	12	14
453	15	16
453	17	18
453	19	19

454	2	2
454	3	3
454	5	5
454	6	8
454	9	10
454	11	11
454	12	13
454	14	14
454	15	16
454	17	18
454	19	19

455	2	2
455	3	3
455	5	7
455	8	8
455	9	11
455	12	12

456	0	2
456	3	5
456	6	7
456	8	9
456	10	11
456	12	13
456	14	15
456	16	17
456	18	18
456	19	20
456	21	22
456	23	23
456	24	25
456	26	26
456	27	27
456	28	28
456	29	30
456	31	32
456	33	34
456	35	36
456	37	37
456	38	39
456	40	40
456	41	42
456	43	43

457	2	2
457	3	3
457	5	6
457	7	7
457	8	8
457	10	12
457	13	14
457	15	15
457	16	17
457	18	19
457	20	20
457	21	22
457	23	23

458	2	2
458	3	3
458	4	6
458	7	8
458	9	9
458	10	11
458	12	12

459	2	2
459	3	3
459	5	6
459	7	8
459	9	9

460	2	2
460	3	3
460	5	6
460	7	7
460	8	9
460	10	10
460	11	12
460	13	14
460	15	16
460	17	18
460	19	19

461	2	2
461	3	3
461	5	6
461	7	8
461	9	10
461	11	11
461	12	14
461	15	16
461	17	18
461	19	19

462	2	2
462	3	3
462	5	7
462	8	8
462	9	11
462	12	12

463	0	2
463	3	5
463	6	6
463	7	8
463	9	10
463	11	11
463	12	13
463	14	14
463	15	16
463	17	17
463	18	18
463	19	20
463	21	21
463	22	25
463	26	26
463	27	28
463	29	30
463	31	32
463	33	34
463	35	36
463	37	37

464	0	2
464	3	3
464	4	5
464	6	8
464	9	9
464	10	11
464	12	12
464	13	13
464	14	16
464	18	20
464	21	21
464	22	25
464	26	26
464	27	30
464	31	31
464	32	33
464	34	34
464	35	37
464	38	38
464	39	40
464	41	41

465	0	2
465	3	5
465	6	7
465	8	8
465	9	9
465	10	11
465	12	12
465	13	16
465	18	20
465	21	21
465	22	23
465	24	24
465	25	25
465	27	29
465	30	30
465	31	32
465	33	33

