1	0	2
1	4	9

4	0	0
4	1	1
4	2	4

5	0	3
5	4	5
5	6	7
5	8	9

6	0	0
6	1	1
6	2	4
6	6	10
6	11	11
6	13	13
6	14	14
6	15	18

7	0	1
7	3	3
7	4	4
7	5	7
7	8	8
7	9	9
7	11	13
7	14	14
7	16	16
7	17	17
7	18	21

8	0	5
8	6	7
8	8	9
8	10	11
8	12	13

9	0	0
9	1	1
9	2	3
9	4	4
9	5	5
9	6	7
9	8	10
9	11	11
9	12	13
9	14	16

10	0	4
10	6	8
10	10	11
10	13	18
10	20	29
10	31	39
10	41	51

11	0	0
11	1	1
11	2	5
11	7	7
11	8	8
11	10	12
11	14	22
11	24	34
11	36	38
11	40	44
11	46	52

12	0	3
12	4	4
12	6	7
12	8	8
12	9	10
12	12	13

13	0	3
13	4	5
13	7	8

14	0	1
14	3	4

15	0	0
15	2	3
15	5	5

16	0	0
16	1	3
16	4	5
16	6	7
16	9	9

17	0	0
17	2	3
17	4	4
17	5	6
17	8	8

18	0	0
18	1	2
18	4	4

19	0	0
19	1	2
19	3	3
19	4	4
19	5	6
19	8	8

20	0	0
20	1	2
20	3	4
20	5	5
20	6	7
20	8	8
20	9	10
20	12	12

21	0	0
21	1	2
21	3	3
21	4	4
21	5	6
21	7	7
21	8	9
21	11	12

22	0	0
22	1	2
22	3	3
22	4	4
22	5	6
22	7	7
22	8	9
22	10	10
22	11	11
22	12	13
22	14	15
22	17	19

23	0	0
23	1	2
23	3	3
23	4	4
23	5	8
23	10	12

24	0	1
24	2	2
24	4	4
24	5	7
24	8	9
24	10	10
24	12	12
24	13	14
24	15	17
24	18	18
24	19	20
24	21	23
24	24	24
24	25	26
24	27	28
24	29	30
24	32	34

25	0	1
25	2	3
25	5	6

26	2	2
26	3	4
26	5	10
26	11	11
26	12	13
26	14	16
26	17	17
26	18	19
26	20	22
26	23	24
26	25	26
26	27	28
26	29	29
26	30	31
26	32	32
26	33	34
26	35	35
26	36	37
26	38	38
26	39	40
26	41	41

27	3	3
27	4	9
27	10	11
27	12	13
27	14	15
27	16	17
27	18	18
27	19	20
27	21	22
27	23	23
27	24	24
27	25	26
27	27	27

28	2	2
28	3	3
28	4	4
28	5	5
28	6	7
28	8	8
28	9	9
28	10	11
28	12	14
28	15	15
28	16	17
28	18	20
28	21	21

29	2	2
29	3	3
29	4	4
29	5	5
29	6	7
29	8	8
29	9	10
29	11	12
29	13	14
29	15	16
29	17	18
29	19	19

30	2	2
30	3	3
30	4	4
30	5	5
30	6	7
30	8	8
30	9	10
30	11	13
30	14	16
30	17	17

31	2	2
31	3	3
31	4	4
31	5	5
31	6	7
31	8	8
31	9	11
31	12	13
31	14	16
31	17	17

32	2	2
32	3	4
32	5	5
32	6	6
32	7	12
32	13	14
32	15	16
32	17	18
32	19	20
32	21	21
32	22	23
32	24	24
32	25	25
32	26	26
32	27	28
32	29	29

33	2	2
33	3	4
33	5	6
33	7	7
33	8	8
33	9	11
33	12	12
33	13	13
33	15	17
33	18	18
33	20	20
33	21	21
33	22	25
33	26	26
33	27	27
33	28	28
33	29	29
33	30	32
33	33	33
33	34	34
33	36	38
33	39	39
33	41	41
33	42	42
33	43	46
33	47	48
33	49	49
33	50	51
33	52	54
33	55	56
33	57	58
33	59	59

34	2	2
34	3	3
34	4	5
34	6	6
34	7	8
34	9	10
34	11	12
34	13	13

35	2	2
35	3	3
35	4	5
35	6	6
35	7	8
35	9	10
35	11	12
35	13	13

36	2	2
36	3	3
36	4	5
36	6	6
36	7	8
36	9	9
36	10	10

37	2	2
37	3	4
37	5	5
37	6	8
37	9	10
37	11	12
37	13	13
37	14	19
37	20	21
37	22	23
37	24	25
37	26	27
37	28	28
37	29	29
37	30	31
37	32	32
37	33	38
37	39	39
37	40	41
37	42	44
37	45	45
37	46	47
37	48	49
37	51	51
37	52	52
37	53	53
37	54	54
37	55	55
37	56	58
37	59	59
37	60	60
37	62	64
37	65	65
37	67	67
37	68	68
37	69	72
37	73	73
37	74	75
37	76	76

38	2	2
38	3	4
38	5	5
38	6	9
38	10	11
38	12	13
38	14	15
38	16	16
38	17	18
38	19	19
38	20	21
38	22	22

39	2	2
39	3	4
39	5	5
39	6	9
39	10	11
39	12	14
39	15	16
39	17	17

40	2	2
40	3	4
40	5	6
40	7	8
40	9	9
40	10	11
40	12	14
40	15	18
40	19	19
40	20	23
40	24	25
40	26	27
40	28	30
40	31	31

41	2	2
41	3	4
41	5	6
41	7	9
41	10	10
41	11	12
41	13	13
41	14	16
41	17	17
41	18	19
41	20	20
41	21	22
41	23	23
41	24	24
41	25	26
41	27	27
41	28	30
41	31	31
41	32	34
41	35	35
41	36	37
41	38	38
41	39	39
41	40	41
41	42	42
41	43	43
41	45	46
41	47	47
41	48	50
41	51	51
41	52	52
41	53	54
41	55	55
41	56	57
41	58	58
41	59	60
41	61	61

42	2	2
42	3	4
42	5	8
42	9	9
42	10	11
42	12	12
42	13	14
42	15	16
42	17	17
42	18	21
42	22	22
42	23	24
42	25	25
42	26	28
42	29	30
42	31	31

43	2	2
43	3	4
43	5	5
43	6	7
43	8	9
43	10	10
43	11	12
43	13	13
43	14	15
43	16	17
43	18	18
43	19	22
43	23	24
43	25	27
43	28	28

44	0	5
44	6	7
44	8	9
44	10	11
44	12	13

45	0	0
45	1	1
45	2	3
45	4	4
45	5	5
45	6	7
45	8	10
45	11	11
45	12	13
45	14	16

46	0	0
46	1	2

47	2	2
47	3	4
47	5	6
47	7	7
47	8	9
47	10	12
47	13	14
47	15	15
47	16	17
47	18	18
47	19	19
47	20	25
47	26	26
47	27	28
47	29	31
47	32	32
47	33	38
47	39	39
47	40	41
47	42	43
47	44	46
47	47	48
47	49	49
47	51	51
47	52	52
47	53	54
47	55	56
47	57	57

48	2	2
48	3	4
48	5	6
48	7	7
48	8	11
48	12	13
48	14	19
48	20	20
48	21	22
48	23	25
48	26	26
48	27	28
48	29	31
48	32	33
48	34	34
48	35	36
48	37	39
48	40	40
48	41	41
48	42	47
48	48	48
48	50	51
48	52	53
48	54	56
48	57	57
48	58	59
48	60	62
48	63	64
48	65	65
48	66	68
48	69	69
48	70	71
48	72	72
48	73	73
48	74	75
48	76	77
48	78	78

49	0	0
49	1	3
49	4	5
49	6	7

50	2	3
50	4	5
50	6	7
50	8	8
50	9	10
50	11	11
50	12	13
50	14	14
50	15	18
50	19	19
50	20	20
50	21	22
50	23	23
50	24	25
50	26	26
50	27	28
50	29	30
50	31	31
50	32	33
50	34	35
50	36	36
50	37	38
50	39	40
50	41	41
50	42	43
50	45	45
50	46	46
50	47	48
50	49	50
50	51	52
50	53	53
50	54	55
50	56	57
50	58	58
50	59	59
50	60	61
50	62	63
50	64	64
50	65	66
50	67	68
50	69	69
50	70	71
50	72	72
50	73	73
50	74	75
50	76	77
50	78	79
50	80	80

51	2	3
51	4	4
51	5	5
51	7	10
51	11	13
51	14	15
51	16	17
51	18	19
51	20	21
51	22	22
51	23	24
51	25	26

52	2	3
52	4	4
52	5	5
52	7	11
52	13	18
52	19	20
52	21	24
52	25	27
52	28	29
52	30	31

53	2	3
53	5	9
53	11	16
53	17	18
53	19	21
53	22	22
53	23	24
53	25	27
53	28	28
53	29	31
53	32	33
53	34	34
53	35	36
53	37	38

54	2	3
54	4	4
54	5	5
54	7	9
54	11	16
54	17	17
54	18	19
54	20	22
54	23	23
54	24	25
54	26	28
54	29	30
54	31	32

55	2	3
55	5	7
55	8	9
55	10	11
55	12	13
55	14	15
55	16	16
55	17	19
55	20	20
55	21	23
55	24	25
55	26	27
55	28	28

56	2	3
56	4	4
56	5	5
56	7	9
56	10	11
56	12	14
56	15	16
56	17	18

57	2	3
57	4	4
57	5	5
57	7	9
57	10	11
57	12	14
57	15	16
57	17	18

58	2	3
58	4	4
58	5	5
58	7	9
58	10	11
58	12	13
58	14	15
58	16	17
58	18	19
58	20	21

59	2	3
59	4	4
59	5	5
59	7	9
59	10	11
59	12	13
59	14	15
59	16	17
59	18	19
59	20	21

60	2	3
60	4	4
60	5	5
60	7	9
60	10	12
60	13	14
60	15	16
60	17	18
60	19	20
60	21	21
60	22	23
60	24	25

61	2	3
61	4	4
61	5	5
61	7	11
61	12	13
61	14	16
61	17	17
61	18	19
61	20	21
61	22	23

62	2	2
62	3	3
62	4	6
62	8	10
62	12	17
62	18	19
62	20	21
62	22	23
62	24	27
62	28	29
62	30	31
62	32	33
62	34	34
62	35	36
62	37	38

63	0	0
63	1	2
63	3	3
63	4	5

64	2	3
64	4	5
64	6	6
64	7	8
64	9	10
64	11	12
64	13	14
64	15	15

65	0	2

66	2	3
66	4	5
66	7	13
66	15	16
66	18	18
66	20	27

67	2	3
67	4	6
67	7	8
67	9	9
67	10	10
67	11	12
67	13	14
67	15	16
67	17	17
67	18	18
67	19	19
67	20	20
67	21	22
67	23	23

68	0	2

69	0	1
69	2	3
69	5	10
69	12	13
69	15	15
69	17	24
69	26	27
69	28	29
69	30	30
69	31	32
69	33	34
69	35	35
69	36	37
69	38	38

70	0	2

71	3	5
71	6	7
71	9	15
71	17	24
71	26	28

72	3	4
72	5	6
72	7	8
72	9	9
72	10	11
72	12	13
72	14	14
72	15	16
72	17	18
72	19	19
72	20	21
72	22	23
72	24	25
72	26	26

73	0	0
73	1	2

74	0	2
74	3	3
74	4	5
74	6	6
74	7	8
74	9	14
74	15	17
74	18	19
74	20	20
74	21	22
74	23	23
74	24	24
74	25	26
74	27	27
74	28	29
74	30	32
74	33	33
74	34	35
74	36	38
74	39	40
74	41	42
74	43	44
74	45	45
74	46	46
74	48	48
74	49	49
74	50	50
74	51	52
74	53	54
74	55	56
74	57	58
74	59	60
74	61	62
74	63	63
74	64	65
74	66	67
74	68	68
74	69	70
74	71	71
74	72	72
74	73	73
74	74	75
74	76	77
74	78	79
74	80	80
74	81	82
74	83	84
74	85	85
74	86	87
74	88	88

75	0	2
75	3	4
75	5	6
75	7	8
75	9	10
75	11	11
75	12	12
75	13	13
75	14	15
75	16	16
75	17	18
75	19	19
75	20	21
75	22	23
75	24	25
75	26	27
75	28	29
75	30	31
75	32	33
75	34	34
75	35	36
75	37	37
75	38	38
75	39	40
75	41	42
75	43	44
75	46	47
75	48	48
75	49	49
75	50	51
75	52	53
75	54	54
75	55	56
75	57	57
75	58	58
75	59	60
75	61	62
75	63	64
75	65	65

76	0	2
76	3	3
76	4	5
76	6	6
76	7	8
76	9	10
76	11	11
76	12	13
76	14	15
76	16	16
76	17	18
76	19	20
76	21	21
76	22	24
76	25	26
76	27	28
76	29	30
76	31	31
76	32	33
76	34	35
76	36	36
76	37	38
76	39	40
76	41	42
76	43	44
76	46	46
76	47	48
76	49	50
76	51	51

77	0	2
77	3	3
77	4	5
77	6	7
77	8	8
77	9	10
77	11	12
77	13	13
77	14	15
77	16	17
77	18	18
77	19	20
77	21	23
77	24	25
77	26	27
77	28	29
77	30	31
77	32	33
77	34	34
77	35	36
77	37	38
77	39	39
77	40	41
77	42	43
77	44	44
77	46	47
77	48	49
77	50	50
77	51	51
77	52	53
77	54	55
77	56	57
77	58	59
77	60	60
77	61	62
77	63	64
77	65	65
77	66	66
77	67	68
77	69	70
77	71	72
77	73	74
77	75	75
77	76	77
77	78	78
77	79	79
77	80	80
77	81	82
77	83	84
77	85	85
77	86	87
77	88	89
77	90	90

78	0	2
78	3	4
78	5	6
78	7	8
78	9	10
78	11	12
78	13	14
78	15	16
78	17	17
78	18	18
78	19	19
78	20	21
78	22	23
78	24	25
78	26	27
78	28	28

79	0	2
79	3	4
79	5	6
79	7	8
79	9	9
79	10	11
79	12	13
79	14	14
79	15	16
79	17	18
79	19	19

80	0	0
80	1	1
80	3	3
80	4	5
80	6	7
80	8	9
80	10	11
80	12	13
80	14	15
80	16	16
80	17	18
80	19	20
80	21	21
80	22	23
80	24	25
80	26	27
80	28	28
80	29	30
80	31	31

81	0	0
81	1	2
81	3	3
81	4	4
81	5	6

82	0	2
82	3	4
82	5	6

83	3	4
83	5	5
83	6	7
83	8	9
83	10	10
83	11	12
83	13	14
83	15	15
83	16	17
83	18	19
83	20	20
83	21	22
83	23	24
83	25	25
83	26	27
83	28	29
83	30	30
83	31	32
83	33	33
83	34	35
83	36	37
83	38	38
83	39	40
83	41	42
83	43	44
83	46	47
83	48	48
83	49	50
83	51	51
83	52	53
83	54	54
83	55	56
83	57	58
83	59	60
83	61	61

84	3	3
84	4	4
84	6	7
84	8	9
84	10	12
84	13	13
84	14	15
84	16	16
84	17	18
84	19	20
84	21	21

85	3	3
85	4	4
85	6	7
85	8	9
85	10	11
85	12	12
85	13	14
85	15	16
85	17	18
85	19	20
85	21	21
85	22	23
85	24	24
85	25	25
85	26	28
85	29	29
85	30	30
85	31	32
85	33	33
85	34	34
85	35	36
85	37	37
85	38	38
85	39	39

86	3	3
86	4	4
86	6	7
86	8	8
86	9	10
86	11	12
86	13	14
86	15	15

87	3	3
87	4	4
87	6	7
87	8	8
87	9	10
87	11	11
87	12	13
87	14	15
87	16	16
87	17	18
87	19	20
87	21	22
87	23	23

88	3	3
88	4	4
88	6	7
88	8	9
88	10	10

89	0	2
89	3	4
89	5	5
89	6	7
89	8	9

90	3	4
90	5	6
90	7	7
90	8	9
90	10	12
90	13	14
90	15	17
90	18	18
90	19	22
90	23	24
90	25	26
90	27	28
90	29	29
90	30	31
90	32	32
90	33	33
90	34	36
90	37	38
90	39	39
90	40	41
90	42	43
90	44	44
90	46	46
90	47	48
90	49	50
90	51	52
90	53	53
90	54	55
90	56	57
90	58	58
90	59	60
90	61	62
90	63	63
90	64	65
90	66	67
90	68	68
90	69	70
90	71	72
90	73	74
90	75	75

91	3	3
91	4	4
91	6	7
91	8	9
91	10	10
91	11	12
91	13	13

92	3	3
92	4	4
92	6	7
92	8	9
92	10	10
92	11	13
92	14	14

93	3	3
93	4	4
93	6	7
93	8	9
93	10	11
93	12	12
93	13	14
93	15	15
93	16	17
93	18	19
93	20	20
93	21	22
93	23	24
93	25	25
93	26	27
93	28	28
93	29	30
93	31	31

94	3	3
94	4	4
94	6	7
94	8	9
94	10	10
94	11	12
94	13	13
94	14	17
94	18	18
94	19	20
94	21	23
94	24	24

95	3	3
95	4	4
95	6	7
95	8	9
95	10	11
95	12	13
95	14	15
95	16	16
95	17	17

96	0	2
96	3	4
96	5	5
96	6	7
96	8	8
96	9	12
96	13	13
96	14	15
96	16	17

97	3	3
97	4	5
97	6	7
97	8	9
97	10	10
97	11	12
97	13	13
97	14	15
97	16	17
97	18	18
97	19	20
97	21	21
97	22	23
97	24	24
97	25	26
97	27	28
97	29	29
97	30	33
97	34	34
97	35	38
97	39	39
97	40	40
97	41	42
97	43	44
97	45	45

98	3	3
98	4	4
98	6	9
98	10	10
98	11	11
98	12	12
98	13	14
98	15	16
98	17	17
98	18	18
98	19	20
98	21	21
98	22	22
98	23	24
98	25	26
98	27	27
98	28	31
98	32	32
98	33	34
98	35	35
98	36	37
98	38	38

99	3	3
99	4	4
99	6	9
99	10	10
99	11	12
99	13	13
99	14	15
99	16	16
99	17	18
99	19	19
99	20	21
99	22	22
99	23	24
99	25	26
99	27	27
99	28	29
99	30	31
99	32	32
99	33	33
99	34	35
99	36	37
99	38	38

100	3	3
100	4	4
100	6	9
100	10	11
100	12	13
100	14	14

101	3	3
101	4	4
101	6	7
101	8	9
101	10	10
101	11	12
101	13	13
101	14	15
101	16	16
101	17	18
101	19	20
101	21	21

102	0	2
102	3	4
102	5	6
102	7	8

103	3	4
103	5	6
103	7	8
103	9	10
103	11	11

104	3	3
104	4	4
104	6	7
104	8	9
104	10	11
104	12	12
104	13	14
104	15	16
104	17	17

105	3	3
105	4	4
105	6	7
105	8	9
105	10	11
105	12	13
105	14	14
105	15	16
105	17	17
105	18	21
105	22	22

106	3	3
106	4	4
106	6	7
106	8	11
106	12	12
106	13	14
106	15	16
106	17	17

107	3	3
107	4	4
107	6	7
107	8	9
107	10	10
107	11	12
107	13	13
107	14	15
107	16	16

108	3	3
108	4	4
108	6	9
108	10	11
108	12	12
108	13	14
108	15	16
108	17	17
108	18	18
108	19	20
108	21	21

109	3	3
109	4	4
109	6	7
109	8	9
109	10	11
109	12	12
109	13	13
109	14	15
109	16	18
109	19	19
109	20	21
109	22	23
109	24	25
109	26	26

110	0	0
110	1	2
110	3	4
110	5	5
110	6	7
110	8	8
110	9	10

111	0	2
111	3	4
111	5	6

112	0	2
112	3	3
112	4	4
112	5	6
112	7	8
112	9	10
112	11	11
112	12	13
112	14	14
112	15	16

113	3	8
113	9	9
113	10	11
113	12	14
113	15	15
113	16	17
113	18	20
113	21	22
113	23	24
113	25	26
113	27	27
113	28	29
113	30	30
113	31	32
113	33	33
113	34	35
113	36	36
113	37	37
113	38	38
113	39	40
113	41	41

114	0	0
114	1	1
114	2	3
114	4	5
114	6	7
114	8	8
114	9	10
114	11	11
114	12	13

115	0	1
115	3	4
115	6	7
115	9	10
115	11	12
115	14	15

116	0	0
116	2	3
116	4	5
116	7	7
116	8	8
116	10	11
116	12	12
116	14	14
116	15	16
116	18	18
116	19	19
116	21	23

117	0	0
117	2	2
117	3	4
117	5	6
117	7	8
117	10	10
117	11	11
117	13	13
117	14	14
117	16	17
117	18	18
117	20	21
117	22	23
117	24	25
117	26	27
117	28	28
117	29	30
117	32	32
117	33	33
117	35	37

118	0	0
118	2	3
118	4	4
118	5	6
118	8	8
118	9	9
118	11	12
118	13	13
118	15	16
118	17	17
118	18	18
118	19	19
118	20	21
118	22	23
118	24	25
118	26	27
118	29	29
118	30	30
118	32	34

119	0	0
119	2	5
119	6	7
119	9	9
119	10	10
119	12	13
119	14	14
119	16	16
119	17	18
119	20	20
119	21	21
119	23	25

120	0	0
120	2	3
120	4	5
120	6	7
120	8	8
120	9	9
120	11	11
120	12	12
120	14	15
120	16	16
120	18	19
120	20	21
120	23	23
120	24	24
120	26	26
120	27	27
120	29	29

121	0	0
121	2	3
121	4	5
121	6	7
121	9	9
121	10	10
121	12	13
121	14	14
121	16	16
121	17	18
121	20	20
121	21	21
121	23	23
121	24	24
121	26	26

122	0	0
122	2	4
122	5	5
122	6	7
122	9	9
122	10	10
122	12	13
122	14	14
122	16	16
122	17	18
122	20	20
122	21	21
122	23	25

123	0	0
123	2	3
123	4	5
123	6	7
123	9	12
123	14	14
123	15	15

124	0	1
124	2	2
124	4	5
124	6	7
124	8	8
124	9	10
124	11	11
124	12	12
124	13	13
124	14	14
124	15	16
124	17	17
124	18	18
124	20	21
124	22	25
124	27	28
124	29	29
124	30	30
124	31	31
124	32	32
124	33	34
124	35	35
124	36	36
124	38	38
124	39	39
124	40	40
124	42	44
124	45	45
124	46	46
124	47	47
124	48	48
124	49	49
124	50	50
124	51	51
124	52	53
124	54	54
124	55	55
124	57	57
124	58	58
124	60	60
124	61	61
124	63	63

126	0	2
126	3	3
126	4	4
126	5	6
126	7	8

127	3	4
127	5	6
127	7	8
127	9	10
127	11	11

128	3	3
128	4	4
128	5	5
128	6	7
128	8	9
128	10	10
128	11	12
128	13	13

130	2	2
130	3	3

131	2	2
131	3	3

132	2	2
132	3	3

133	2	2
133	3	3

134	2	2
134	3	3
134	5	6
134	7	7
134	8	9
134	10	12
134	13	13
134	14	14
134	16	17
134	18	19
134	20	20
134	21	23
134	24	25
134	26	27
134	28	28
134	30	31
134	32	32
134	33	34
134	35	35
134	36	36
134	37	38
134	39	40
134	41	41
134	43	44
134	45	45
134	46	47
134	48	48

135	1	3
135	4	5
135	6	7
135	8	9
135	10	11
135	12	12

136	0	0
136	1	1
136	3	5
136	7	7
136	8	9
136	10	11
136	12	13
136	14	15

138	0	0
138	1	2
138	3	4
138	5	6
138	7	8
138	9	10
138	11	12
138	13	13

139	2	2
139	3	3
139	5	6
139	7	7
139	8	9
139	10	11
139	12	13
139	14	14
139	15	16
139	17	17
139	18	18
139	19	20
139	21	21
139	22	22
139	23	24
139	25	25
139	26	27
139	28	29
139	30	31
139	32	32
139	33	36
139	37	37
139	38	39
139	40	41
139	42	42
139	43	44
139	46	46
139	47	48
139	49	50
139	51	51

140	2	2
140	3	3

141	2	2
141	3	3

142	2	2
142	3	3
142	5	6
142	7	8
142	9	10
142	11	11
142	12	12
142	13	14
142	15	18
142	19	20
142	21	21
142	22	23
142	24	25
142	26	26
142	27	27
142	28	29
142	30	31
142	32	32
142	34	35
142	36	37
142	38	39
142	40	40
142	41	41
142	42	43
142	44	45
142	46	47
142	48	49
142	50	50
142	51	52
142	53	53
142	54	55
142	56	57
142	58	58
142	60	61
142	62	62
142	63	64
142	65	66
142	67	67
142	68	69
142	70	71
142	72	73
142	74	74

143	0	0
143	1	1
143	3	5
143	7	8
143	9	9
143	10	11

145	2	3
145	4	4
145	5	6
145	7	8
145	9	10
145	11	11

146	2	2
146	3	3
146	5	6
146	7	8
146	9	11
146	12	13
146	14	15
146	16	16
146	17	18
146	19	20
146	21	22
146	23	23

147	2	2
147	3	3
147	5	6
147	7	9
147	10	11
147	12	13
147	14	15
147	16	16
147	17	18
147	19	19
147	20	20
147	21	23
147	24	25
147	26	27
147	28	28

148	0	2
148	3	3
148	4	4
148	5	8
148	9	10

149	0	3
149	4	5
149	6	7
149	8	9
149	10	10

150	2	2
150	3	3

151	2	2
151	3	3

152	2	2
152	3	3

153	2	2
153	3	3
153	5	6
153	7	10
153	11	11
153	12	13
153	14	15
153	16	17
153	18	19
153	20	20

154	0	1
154	2	4
154	5	5
154	6	8
154	9	9
154	10	10
154	11	11
154	12	13
154	14	15
154	16	16
154	17	18
154	19	19
154	20	21
154	22	23
154	24	24
154	25	26
154	27	27
154	29	29
154	30	30
154	31	31
154	32	33
154	34	35
154	36	37
154	38	39
154	40	40
154	41	42
154	43	43

155	0	1
155	2	3
155	4	6
155	7	8
155	9	10
155	11	12
155	13	13
155	14	15
155	16	16
155	17	18
155	19	20
155	21	21

156	0	2
156	3	3
156	4	4
156	6	7
156	8	9
156	10	11
156	12	13

158	0	0
158	1	2
158	3	3
158	4	5
158	6	6
158	7	8
158	9	10
158	11	12
158	13	13
158	14	15
158	16	17
158	18	19
158	20	20
158	21	22
158	23	24
158	25	25
158	26	27
158	28	29
158	30	31
158	32	33
158	34	35
158	36	37
158	38	38

159	2	2
159	3	3

160	2	2
160	3	3
160	6	7
160	8	9
160	10	11
160	12	13
160	14	14
160	15	15
160	16	17
160	18	19
160	20	21
160	22	22
160	23	23
160	24	25
160	26	26
160	27	27
160	28	31
160	32	32

161	0	3
161	4	5
161	6	7
161	8	8
161	9	9
161	10	10
161	11	11
161	12	13
161	14	14
161	15	16
161	17	17
161	18	18
161	19	20
161	21	22
161	23	24
161	25	26
161	27	27
161	28	29
161	30	31
161	32	33
161	34	34
161	35	36
161	37	37
161	38	38
161	39	39
161	41	41
161	42	43
161	44	44
161	45	45
161	46	49
161	50	50

162	0	0
162	1	1
162	3	5
162	7	8
162	9	10
162	11	12

164	2	2
164	3	4
164	5	7
164	8	8
164	9	10
164	11	13
164	14	15
164	16	16
164	17	18
164	19	20
164	21	22
164	23	24
164	25	26
164	27	27

165	2	2
165	3	3
165	5	6
165	7	8
165	9	10
165	11	11
165	12	13
165	14	14
165	15	17
165	18	18
165	19	19
165	20	21
165	22	22
165	23	24
165	25	25
165	26	27
165	28	28

166	2	2
166	3	3
166	5	6
166	7	7
166	8	9
166	10	10
166	11	11
166	12	13
166	14	14
166	15	17
166	18	19
166	20	20
166	21	22
166	23	24
166	25	25
166	26	26
166	27	28
166	29	29

167	0	2
167	3	3
167	4	4
167	5	7
167	8	8
167	9	10

168	2	4
168	5	5
168	6	7
168	8	9
168	10	11
168	12	12

169	2	2
169	3	3
169	5	6
169	7	7
169	8	9
169	10	12
169	13	13
169	14	15
169	16	18
169	19	20
169	21	21
169	22	23
169	24	24
169	25	25
169	26	27
169	28	28
169	29	31
169	32	32
169	33	34
169	35	36
169	37	38
169	39	39
169	40	42
169	43	43
169	44	44

170	2	2
170	3	3
170	5	6
170	7	8
170	9	10
170	11	11
170	12	13
170	14	14
170	15	16
170	17	18
170	19	19
170	20	21
170	22	22
170	23	24
170	25	26
170	27	27
170	28	29
170	30	31
170	32	32
170	33	33
170	35	37
170	38	39
170	40	40
170	41	42
170	43	44
170	45	45

171	0	0
171	1	1
171	3	5
171	6	7
171	8	9
171	10	11
171	12	15

172	3	3
172	4	5
172	6	8
172	9	9
172	10	11
172	12	14
172	15	15
172	16	17
172	18	19
172	20	21
172	22	23
172	24	25
172	26	27
172	28	29
172	30	31
172	32	35
172	36	36
172	37	38
172	39	40
172	41	41

173	0	0
173	1	1
173	3	5
173	6	7
173	8	9
173	10	10
173	11	12
173	13	14
173	15	15
173	16	17
173	18	19
173	20	20
173	21	22
173	23	24
173	25	26
173	27	28
173	29	30
173	31	31
173	32	34
173	35	35
173	36	36
173	37	38
173	39	39
173	40	40
173	41	43
173	44	44
173	46	46
173	47	48
173	49	49
173	50	50
173	51	52
173	53	53
173	54	55
173	56	57
173	58	58
173	59	59
173	60	61
173	62	62
173	63	66
173	67	67

174	3	3
174	4	4
174	6	8
174	9	10
174	11	12
174	13	14
174	15	16
174	17	17
174	18	19
174	20	22
174	23	23
174	24	25
174	26	26
174	27	30
174	31	31

175	3	3
175	4	4
175	6	9
175	10	11
175	12	13
175	14	14
175	15	15
175	17	20
175	21	21
175	22	23
175	24	24
175	25	25
175	27	29
175	30	31
175	32	32
175	33	34
175	35	36
175	37	37

176	0	2
176	3	4
176	5	6

177	0	0
177	1	1
177	3	5
177	6	7
177	8	9
177	10	11
177	12	12
177	13	14
177	15	15
177	16	17

178	3	8
178	9	9
178	10	11
178	12	14
178	15	15
178	16	17
178	18	20
178	21	22
178	23	24
178	25	26
178	27	27
178	28	29
178	30	30
178	31	32
178	33	33
178	34	35
178	36	36
178	37	37
178	38	38
178	39	40
178	41	41

179	0	0
179	1	1
179	2	3
179	4	5
179	6	7
179	8	8
179	9	10
179	11	11
179	12	13

180	0	1
180	3	4
180	6	7
180	9	10
180	11	12
180	14	15

181	0	0
181	2	3
181	4	5
181	6	7
181	8	9
181	11	11
181	12	12
181	14	14
181	15	16
181	17	18
181	20	20
181	21	21
181	23	23

182	0	0
182	2	3
182	4	5
182	6	7
182	8	8
182	9	10
182	13	14
182	15	16
182	17	18
182	19	20
182	21	22
182	24	24
182	25	25
182	27	29

183	0	0
183	2	3
183	4	6
183	7	7
183	8	8
183	11	12
183	13	14
183	15	16
183	17	18
183	19	20
183	22	22
183	23	23
183	25	27

184	0	0
184	2	3
184	4	7
184	8	9
184	12	13
184	14	15
184	16	17
184	18	19
184	20	21
184	23	23
184	24	24
184	26	28

185	0	0
185	2	3
185	4	6
185	7	7
185	8	8
185	11	12
185	13	14
185	15	16
185	17	18
185	19	20
185	22	22
185	23	23
185	25	27

186	0	0
186	2	3
186	4	5
186	6	6
186	7	7
186	10	10
186	11	11
186	12	13
186	15	15
186	16	16
186	18	20

187	0	0
187	2	3
187	4	5
187	6	6
187	9	9
187	10	10
187	11	12
187	14	14
187	15	15
187	17	17
187	18	18
187	20	20

188	0	0
188	2	3
188	4	4
188	5	5
188	8	8
188	9	9
188	10	11
188	13	13
188	14	14
188	16	18

189	0	0
189	2	3
189	4	4
189	5	6
189	7	8
189	11	11
189	12	12
189	13	14
189	16	16
189	17	17
189	19	21

190	0	1
190	3	4
190	5	5
190	6	6
190	9	9
190	10	10
190	11	12
190	14	14
190	15	15
190	17	17
190	18	18
190	20	21

191	0	1
191	3	6
191	7	8
191	11	11
191	12	12
191	13	14
191	16	16
191	17	17
191	19	19
191	20	20
191	22	23

193	0	2
193	3	3
193	4	4
193	5	6
193	7	8
193	9	10
193	11	11
193	12	13

194	0	1
194	2	3
194	4	5
194	6	6
194	7	8
194	9	10
194	11	12
194	13	13

195	2	2
195	3	3

196	2	2
196	3	3
196	5	6
196	7	7
196	8	9
196	10	11
196	12	12
196	13	14
196	15	16
196	17	17
196	18	19
196	20	20
196	21	21
196	22	23
196	24	24
196	25	25
196	26	27
196	28	29
196	30	31
196	32	32

197	0	1
197	2	3
197	4	5
197	6	7
197	8	8
197	9	11
197	12	12
197	13	14
197	15	16
197	17	17
197	18	19
197	20	21
197	22	23
197	24	24
197	25	26
197	27	28
197	29	30
197	31	32
197	33	33
197	34	35
197	36	37
197	38	39
197	41	42
197	43	45
197	46	46
197	47	47
197	48	49
197	50	51
197	52	52
197	53	54
197	55	55
197	56	57
197	58	59
197	60	61
197	62	63
197	64	64

198	2	2
198	3	3

199	2	2
199	3	3

200	2	2
200	3	3
200	5	6
200	7	9
200	10	11
200	12	13
200	14	14
200	15	16
200	17	18
200	19	19
200	21	23
200	24	24
200	25	27
200	28	28
200	29	30
200	31	32
200	33	33
200	34	35
200	36	36
200	38	39
200	40	41
200	42	43
200	44	45
200	46	47
200	48	48

201	0	2
201	3	3
201	4	4
201	6	7
201	8	10
201	11	12

203	3	4
203	5	7
203	8	9
203	10	11
203	12	13
203	14	14
203	15	16
203	17	18
203	19	19

204	3	3
204	4	4
204	6	7
204	8	9
204	10	10
204	11	12
204	13	14
204	15	15
204	16	18
204	19	20
204	21	21
204	22	23
204	24	24
204	25	26
204	27	28
204	29	31
204	32	32

205	3	3
205	4	4
205	6	7
205	8	9
205	10	11
205	12	13
205	14	14

206	3	3
206	4	4
206	6	7
206	8	9
206	10	11
206	12	13
206	14	14

207	3	3
207	4	4
207	6	7
207	8	9
207	10	11
207	12	15
207	16	17
207	18	19
207	20	20
207	21	21
207	22	22

208	3	3
208	4	4
208	6	7
208	8	9
208	10	10
208	11	13
208	14	15
208	16	16
208	17	18
208	19	19
208	20	21
208	22	23
208	24	25
208	26	28
208	29	30
208	31	31

209	0	2
209	3	3
209	4	4
209	5	6
209	7	10
209	11	12

210	3	4
210	5	8
210	9	10
210	11	12
210	13	14
210	15	15

211	3	3
211	4	4
211	6	7
211	8	9
211	10	10
211	11	11
211	12	13
211	14	16
211	17	17
211	18	19
211	20	22
211	23	24
211	25	26
211	27	28
211	29	29
211	30	30
211	31	32
211	33	33
211	34	35
211	36	37
211	38	38

212	3	3
212	4	4
212	6	7
212	8	9
212	10	12
212	13	14
212	15	16
212	17	18
212	19	19
212	20	20
212	21	22
212	23	25
212	26	26
212	27	28
212	29	31
212	32	32
212	33	34
212	35	35
212	36	36
212	37	37
212	38	39
212	40	40
212	41	42
212	43	44
212	45	45

213	0	2
213	3	3
213	4	4
213	5	6
213	7	9
213	10	11

214	3	4
214	5	7
214	8	8
214	9	9
214	10	11
214	12	13
214	14	14

215	3	3
215	4	4
215	6	7
215	8	8
215	9	10
215	11	12
215	13	14
215	15	16
215	17	17
215	18	19
215	20	21
215	22	22

216	3	3
216	4	4
216	6	7
216	8	9
216	10	11
216	12	13
216	14	14
216	15	16
216	17	19
216	20	20

217	0	2
217	3	3
217	4	4
217	5	6
217	7	8
217	9	10

218	3	4
218	5	6
218	7	7
218	8	8
218	9	10
218	11	12
218	13	13

219	3	3
219	4	4
219	6	7
219	8	9
219	10	10
219	11	12
219	13	14
219	15	15
219	16	17
219	18	18

220	3	3
220	4	4
220	6	6
220	7	8
220	9	11
220	12	13
220	14	14
220	15	16
220	17	18
220	19	19
220	20	21
220	22	23
220	24	25
220	26	27
220	28	28

221	3	3
221	4	4
221	6	7
221	8	8
221	9	9
221	10	10
221	11	12
221	13	14
221	15	16
221	17	17

222	3	3
222	4	4
222	6	7
222	8	9
222	10	11
222	12	13
222	14	14
222	15	16
222	17	18
222	20	20
222	22	22

223	0	2
223	3	3
223	4	4
223	5	6
223	7	7
223	8	9

224	3	4
224	5	6
224	7	7
224	8	9
224	10	11
224	12	12

225	3	3
225	4	4
225	6	7
225	8	9
225	10	10
225	11	13
225	14	14

226	3	3
226	4	4
226	6	7
226	8	9
226	10	10
226	11	12
226	13	14
226	15	15

227	0	2
227	3	3
227	5	5
227	6	7
227	8	9

228	3	4
228	5	6
228	7	8
228	9	10
228	11	11
228	12	14
228	15	15
228	16	16

229	0	2
229	3	3
229	4	4
229	5	6
229	7	7
229	8	9
229	10	11

230	3	4
230	5	5
230	6	7
230	8	9
230	10	10
230	11	11
230	12	12
230	13	14
230	15	15
230	16	17
230	18	18
230	19	20
230	21	22
230	23	23

231	0	2
231	3	3
231	4	5
231	6	7
231	8	9

232	3	4
232	5	6
232	7	7
232	8	8
232	9	10
232	11	12
232	13	13

233	3	3
233	4	4
233	6	7
233	8	8
233	9	9
233	10	10
233	11	12
233	13	13
233	14	14
233	15	16
233	17	18
233	19	19
233	20	20
233	21	23
233	24	24
233	25	26
233	27	28
233	29	30
233	31	31

234	3	3
234	4	4
234	6	7
234	8	8
234	9	10
234	11	12
234	13	14
234	15	16
234	17	17
234	18	19
234	20	21
234	22	22
234	23	24
234	25	25
234	26	27
234	28	29
234	30	31
234	32	32

235	3	3
235	4	4
235	6	7
235	8	9
235	10	11
235	12	12
235	13	14
235	15	16
235	17	17
235	18	18
235	19	19
235	20	21
235	22	22
235	23	23
235	24	25
235	26	26

236	0	0
236	1	1
236	3	3
236	4	4
236	6	7
236	8	11
236	12	13

237	3	6
237	7	7
237	8	8
237	9	10
237	11	12
237	13	13

238	3	3
238	4	4
238	6	6
238	7	8
238	9	10
238	11	12
238	13	13
238	14	14
238	15	16
238	17	17
238	18	19
238	20	20
238	21	21
238	22	23
238	24	25
238	26	26

239	3	3
239	4	4
239	6	8
239	9	9
239	10	11
239	12	13
239	14	14
239	15	16
239	17	18
239	19	19
239	20	21
239	22	22
239	23	24
239	25	25

240	3	3
240	4	4
240	6	7
240	8	8
240	9	10
240	11	12
240	13	14
240	15	17
240	18	19
240	20	20

241	0	2
241	3	5
241	6	7

242	0	0
242	1	1
242	3	3
242	4	4
242	6	6
242	7	9
242	10	11
242	12	13
242	14	14
242	15	16
242	17	17
242	18	19

243	3	8
243	9	9
243	10	11
243	12	14
243	15	15
243	16	17
243	18	20
243	21	23
243	24	25
243	26	27
243	28	28
243	29	30
243	31	31
243	32	33
243	34	34
243	35	36
243	37	37
243	38	38
243	39	39
243	40	41

244	0	0
244	1	1
244	2	4
244	5	6
244	7	8
244	9	9
244	10	11
244	12	12
244	13	14

245	0	1
245	3	4
245	6	7
245	9	10
245	12	13

246	0	0
246	2	3
246	4	5
246	6	7
246	9	10
246	11	11
246	12	12
246	14	14
246	15	15
246	17	17
246	19	19
246	20	21
246	22	22
246	24	24
246	25	26
246	27	28
246	29	30
246	31	32
246	34	36
246	37	39
246	40	40
246	41	41

247	7	8
247	9	10
247	11	11
247	12	12
247	13	13
247	15	17

248	7	8
248	9	10
248	11	11
248	12	12
248	13	13
248	15	15
248	16	16
248	18	18

249	7	8
249	9	10
249	11	11
249	12	12
249	13	13
249	15	17

250	4	5
250	6	7
250	8	8
250	9	10
250	11	11
250	12	12
250	13	13
250	15	17

251	4	6
251	7	9
251	10	10
251	11	11

252	7	8
252	9	10
252	11	11
252	12	12
252	13	13
252	15	15
252	16	16
252	18	18

253	6	7
253	8	9
253	10	11
253	12	12
253	13	13
253	14	14
253	16	16
253	17	17
253	19	20

254	5	5
254	6	7
254	8	8
254	9	10
254	11	12
254	13	13
254	14	16
254	17	17
254	18	19

255	6	7
255	8	11
255	12	12
255	13	13
255	14	14
255	16	16
255	17	17
255	19	20

256	4	5
256	6	7
256	8	8
256	9	9
256	10	10
256	12	12
256	13	13
256	15	16

257	0	0
257	2	4
257	5	6
257	7	7
257	8	9
257	10	10
257	11	13
257	15	16
257	21	23
257	24	25
257	26	26
257	27	28
257	29	29
257	30	32

258	0	1
258	2	2
258	3	3
258	4	4
258	6	6
258	7	7
258	9	10

259	0	0
259	2	3
259	4	5

261	0	2
261	3	3
261	5	5
261	6	7
261	8	9
261	10	10
261	11	12

262	3	5
262	6	7
262	8	9
262	10	10
262	11	12
262	13	14
262	15	16
262	17	18
262	19	20
262	21	21
262	22	23
262	24	24
262	25	26
262	27	27
262	28	29
262	30	31
262	32	33
262	34	34
262	35	36
262	37	37

263	0	2
263	3	3
263	4	4
263	5	6

264	3	4
264	5	6
264	7	8
264	9	10
264	11	11

265	0	0
265	1	1
265	3	4
265	5	5
265	6	7
265	8	9
265	10	10
265	11	12
265	13	14
265	15	15
265	16	17
265	18	18
265	19	22
265	23	23
265	24	25
265	26	28
265	29	29
265	30	31
265	32	33
265	34	35
265	36	36
265	37	38
265	39	39
265	40	40
265	41	42
265	43	43
265	45	46
265	47	47
265	48	48
265	49	50
265	51	52
265	53	57
265	58	58
265	59	59
265	60	61
265	62	63
265	64	64
265	66	67
265	68	68
265	69	70
265	71	72
265	73	74
265	75	75
265	76	78
265	80	80
265	82	82
265	83	83
265	85	86
265	87	87
265	89	90
265	91	91
265	92	94
265	95	98
265	99	99
265	100	100
265	101	101
265	103	107
265	108	109
265	110	111
265	112	114
265	115	115
265	116	117
265	118	119
265	120	120
265	121	122
265	123	126
265	127	127
265	128	128

266	0	0
266	1	1
266	3	3
266	4	4
266	5	6
266	7	8
266	9	9
266	10	11
266	12	12
266	13	14
266	15	15
266	16	17
266	18	20
266	21	21
266	22	23
266	24	24
266	25	26
266	27	28
266	29	31
266	32	32
266	33	33
266	34	34
266	35	38
266	39	40
266	41	41
266	42	42
266	44	45
266	46	47
266	48	48
266	49	50
266	51	51

267	0	0
267	1	1
267	3	4
267	5	6
267	7	9
267	10	11
267	12	12
267	13	13
267	14	14
267	15	15
267	16	17
267	18	18
267	19	20
267	21	21
267	22	23
267	24	25
267	26	26

268	0	0
268	1	1
268	3	5
268	6	6
268	7	7
268	8	8
268	9	9
268	10	11
268	12	14
268	15	15
268	16	16
268	17	18
268	19	21
268	22	22
268	23	23
268	24	25
268	26	26
268	27	29
268	30	31
268	32	32
268	33	35
268	36	37
268	38	39
268	40	41
268	42	42
268	44	44
268	45	45
268	46	47
268	48	49
268	50	51
268	52	52
268	53	54
268	55	56
268	57	58
268	59	60
268	61	61
268	62	63
268	64	64
268	65	66
268	67	68
268	69	70
268	71	72
268	73	73
268	74	75
268	76	76
268	77	77
268	78	78
268	79	79
268	80	81
268	82	83
268	84	84
268	85	86
268	88	88
268	89	90
268	91	92
268	93	94
268	95	96
268	97	98
268	99	99
268	100	101
268	102	104
268	105	106
268	107	108
268	109	109
268	110	110
268	111	111
268	113	117
268	119	119
268	120	120
268	121	122
268	123	124
268	125	126
268	127	128
268	129	130
268	131	131
268	132	132
268	134	135
268	136	138
268	139	139
268	140	141
268	142	142
268	143	144
268	145	146
268	147	148
268	149	149
268	150	151
268	152	156
268	157	157
268	158	158
268	159	159

269	3	3
269	4	4
269	6	6
269	7	8
269	9	10
269	11	13
269	14	15
269	16	17
269	18	18
269	19	20
269	21	22
269	23	24
269	25	26
269	27	28
269	29	31
269	32	32

270	0	2
270	3	3
270	4	4
270	5	6
270	7	8

271	3	4
271	5	7
271	8	8
271	9	9
271	10	11
271	12	13
271	14	14

272	3	3
272	4	4
272	6	7
272	8	9
272	10	10
272	11	11
272	12	13
272	14	14
272	15	17
272	18	19
272	20	20
272	21	21
272	22	22

273	3	3
273	4	4
273	6	7
273	8	8
273	9	10
273	11	11
273	12	13
273	14	15
273	16	17
273	18	18
273	19	19
273	20	20

274	3	3
274	4	4
274	6	6
274	7	8
274	9	10
274	11	12
274	13	13
274	14	15
274	16	16
274	17	18
274	19	20
274	21	22
274	23	23
274	24	24
274	25	25

275	3	3
275	4	4
275	6	7
275	8	9
275	10	10
275	11	13
275	14	15
275	16	16
275	17	17
275	18	18

276	3	3
276	4	4
276	6	7
276	8	9
276	10	11
276	12	12
276	13	13
276	14	15
276	16	16
276	17	17
276	18	18
276	19	20
276	21	21
276	22	22
276	23	23

277	3	3
277	4	4
277	6	7
277	8	8
277	9	11
277	12	12
277	13	14
277	15	15

278	0	0
278	1	1
278	3	3
278	4	4
278	6	6
278	7	8
278	9	10

279	2	3
279	4	4
279	5	6
279	7	7
279	8	9
279	10	10
279	11	12
279	13	13
279	14	14
279	15	17
279	18	18
279	19	20
279	21	21
279	22	23
279	24	24
279	25	26
279	27	28
279	29	30
279	31	31
279	32	33
279	34	35
279	36	37
279	38	39
279	40	40

280	2	2
280	3	3
280	5	6
280	7	8
280	9	10
280	11	11
280	12	13
280	14	15
280	16	17
280	18	18
280	19	20
280	21	21
280	22	22
280	23	23
280	24	28
280	29	29
280	30	31
280	32	32

281	2	2
281	3	3
281	5	6
281	7	8
281	9	10
281	11	12
281	13	14
281	15	15
281	16	16
281	17	18
281	19	20
281	21	22
281	23	23
281	24	24
281	25	25
281	26	26
281	27	28
281	29	30
281	31	32
281	33	35
281	36	36
281	37	38
281	39	39
281	40	40
281	41	42
281	43	44
281	45	45

282	2	2
282	3	3
282	5	6
282	7	7
282	8	9
282	10	11
282	12	14
282	15	16
282	17	18
282	19	20
282	21	21
282	22	23
282	24	25
282	26	27
282	28	29
282	30	31
282	32	32

283	2	2
283	3	3
283	5	6
283	7	7
283	8	8
283	9	10
283	11	12
283	13	14
283	15	16
283	17	18
283	19	19

284	2	2
284	3	3
284	5	7
284	8	8
284	9	10
284	11	12
284	13	14
284	15	17
284	18	18
284	19	19
284	20	21
284	22	23
284	24	24
284	25	26
284	27	27
284	28	29
284	30	31
284	32	33
284	34	35
284	36	36
284	37	39
284	40	40
284	41	42
284	43	44
284	45	45

285	2	2
285	3	3
285	5	6
285	7	8
285	9	10
285	11	12
285	13	14
285	15	15
285	16	17
285	18	18
285	19	19
285	20	20
285	21	22
285	23	24
285	25	25
285	26	27
285	28	29
285	30	30
285	31	31
285	32	32
285	34	38
285	40	40
285	41	41
285	42	43
285	44	45
285	46	47
285	48	49
285	50	51
285	52	52
285	53	53

286	0	0
286	1	1
286	3	4
286	5	5
286	6	7
286	8	8
286	9	9
286	10	11
286	12	12
286	13	14
286	15	17
286	18	18
286	19	20
286	21	21
286	22	23
286	24	25
286	26	26
286	27	27
286	28	29
286	30	31
286	32	32
286	33	36
286	37	37
286	38	40
286	41	41
286	42	42
286	44	45
286	46	46
286	47	47
286	48	49
286	50	50
286	51	52
286	53	53
286	54	55
286	56	56
286	57	57
286	58	58

287	0	0
287	1	1
287	3	3
287	4	4
287	6	6
287	7	8
287	9	10

288	2	3
288	4	5
288	6	7
288	8	9
288	10	11
288	12	12

289	0	0
289	1	1
289	3	4
289	5	5
289	6	7
289	8	9
289	10	10
289	11	12
289	13	14
289	15	15
289	16	17
289	18	18
289	19	22
289	23	23
289	24	25
289	26	28
289	29	29
289	30	31
289	32	33
289	34	35
289	36	37
289	38	39
289	40	41
289	42	42
289	43	44
289	45	45
289	47	48
289	49	49
289	50	51
289	52	53
289	54	54

290	0	0
290	1	1
290	3	4
290	5	6
290	7	7
290	8	8
290	9	10
290	11	12
290	13	14
290	15	18
290	19	19
290	20	21
290	22	23
290	24	24
290	25	26
290	27	28
290	29	29
290	30	30
290	31	31
290	32	33
290	34	35
290	36	36
290	37	38
290	39	39
290	40	41
290	42	43
290	45	45
290	46	47
290	48	49
290	50	51
290	52	53
290	54	54
290	55	56
290	57	57
290	58	61
290	62	63
290	64	65
290	67	69
290	70	71
290	72	72
290	73	74
290	75	76
290	77	78
290	79	79
290	80	81
290	82	83
290	84	85
290	86	87
290	88	88
290	90	91
290	92	93
290	94	94
290	95	95
290	96	97
290	98	98
290	99	100
290	101	101

291	2	2
291	3	3
291	5	6
291	7	8
291	9	10
291	11	13
291	14	15
291	16	17
291	18	18
291	19	21
291	22	22
291	23	23
291	24	25
291	26	27
291	28	28
291	29	30
291	31	32
291	33	33

292	0	0
292	1	1
292	3	4
292	5	6
292	7	7
292	8	9
292	10	11
292	12	12
292	13	15
292	16	16
292	17	18
292	19	20
292	21	22
292	23	24
292	25	26
292	27	27
292	28	29
292	30	31
292	32	34
292	35	35
292	36	37
292	38	39
292	40	40
292	41	42
292	43	43
292	45	46
292	47	47
292	48	51
292	52	52
292	53	53
292	54	55
292	56	58
292	59	59
292	60	61
292	62	63
292	64	65
292	66	67
292	68	69
292	70	70

293	0	0
293	1	1
293	3	4
293	5	5
293	6	7
293	8	10
293	11	12
293	13	13
293	14	15
293	16	16
293	17	17
293	18	18
293	19	20
293	21	22
293	23	25
293	26	26
293	27	27
293	28	29
293	30	31
293	32	33
293	34	34
293	35	36
293	37	37
293	38	38
293	39	39
293	40	41
293	42	43
293	44	44
293	45	45
293	47	47
293	48	50
293	51	51
293	52	53
293	54	55
293	56	56
293	57	58
293	59	59
293	60	61
293	62	62
293	63	63
293	64	65
293	66	66
293	67	68
293	69	69

294	0	0
294	1	1
294	3	4
294	5	5
294	6	6
294	7	8
294	9	10
294	11	11
294	12	13
294	14	15
294	16	16
294	17	18
294	19	20
294	21	21
294	22	23
294	24	25
294	26	26
294	27	28
294	29	29
294	30	32
294	33	33
294	34	35
294	36	37
294	38	38
294	39	40
294	41	41
294	42	43
294	45	45
294	46	46
294	47	49
294	50	50
294	51	52
294	53	54
294	55	55
294	56	56
294	57	57
294	58	59
294	60	60

295	2	2
295	3	3
295	5	6
295	7	7
295	8	9
295	10	11
295	12	13
295	14	15
295	16	17
295	18	18
295	19	20
295	21	21
295	22	23
295	24	24

296	0	0
296	1	1
296	3	5
296	6	7
296	8	8
296	9	10
296	11	12
296	13	14
296	15	15
296	16	16
296	17	18
296	19	20
296	21	22
296	23	23
296	24	24
296	25	29
296	30	30
296	31	31
296	32	33
296	34	35
296	36	37
296	38	38
296	39	40
296	41	41
296	42	43
296	44	44
296	45	45
296	47	48
296	49	50
296	51	51
296	52	53
296	54	54
296	55	56
296	57	58
296	59	59

297	0	2
297	3	3
297	4	4
297	5	6
297	7	8
297	9	9
297	10	11

298	2	4
298	5	6
298	7	8
298	9	9
298	10	12
298	13	13
298	14	15
298	16	18
298	19	19
298	20	21
298	22	23
298	24	24
298	25	25
298	26	27
298	28	29
298	30	30
298	31	33
298	34	34
298	35	37
298	38	38
298	39	40
298	41	43
298	45	47
298	48	48
298	49	49
298	50	51
298	52	52
298	53	54
298	55	55
298	56	57
298	58	59
298	60	60
298	61	62
298	63	64
298	65	65
298	66	66
298	68	70
298	71	71
298	72	73
298	74	74
298	75	75
298	77	79
298	80	80
298	81	82
298	83	83
298	84	84
298	86	88
298	89	89
298	90	91
298	92	92

299	0	2
299	3	3
299	4	4
299	5	6

300	2	3
300	4	5
300	6	7
300	8	9
300	10	11
300	12	12

301	2	2
301	3	3
301	5	6
301	7	8
301	9	10
301	11	11
301	12	12
301	13	15
301	16	18
301	19	20
301	21	21
301	22	23
301	24	25
301	26	26
301	27	28
301	29	30
301	31	31

302	2	2
302	3	3
302	5	6
302	7	8
302	9	10
302	11	12
302	13	14
302	15	15
302	16	17
302	18	19
302	20	20
302	21	22
302	23	24
302	25	25
302	26	27
302	28	28
302	29	30
302	31	32
302	33	33

303	0	0
303	1	1
303	3	3
303	4	4
303	5	6
303	7	8
303	9	11
303	12	15
303	16	16
303	17	18
303	19	20
303	21	21
303	22	23
303	24	25
303	26	27
303	28	28
303	29	29
303	30	31
303	32	33
303	34	34
303	35	36
303	37	38
303	39	39
303	40	41
303	42	42
303	44	44
303	45	46
303	47	47

304	2	2
304	3	3
304	5	5
304	6	7
304	8	9
304	10	11
304	12	13
304	14	15
304	16	17
304	18	19
304	20	21
304	22	23
304	24	24

305	2	2
305	3	3
305	5	6
305	7	8
305	9	9
305	10	11
305	12	13
305	14	14
305	15	16
305	17	18
305	19	19
305	20	20
305	22	24
305	25	25
305	26	27
305	28	28

306	0	0
306	1	1
306	3	4
306	5	6
306	7	7
306	8	9
306	10	11
306	12	13
306	14	14
306	15	16
306	17	20
306	21	24
306	25	25
306	26	26
306	27	28
306	29	30
306	31	32
306	33	36
306	37	37
306	38	39
306	40	43
306	44	44
306	45	47
306	49	49
306	50	50
306	51	52
306	53	54
306	55	56
306	57	60
306	61	61

307	0	0
307	1	1
307	3	4
307	5	6
307	7	7
307	8	9
307	10	10
307	11	12
307	13	13
307	14	14
307	15	16
307	17	18
307	19	19
307	20	21
307	22	23
307	24	26
307	27	27
307	28	28
307	29	29
307	30	30
307	31	31
307	32	33
307	34	35
307	36	36
307	37	38
307	39	40
307	41	42
307	44	45
307	46	46
307	47	49
307	50	51
307	52	52
307	53	54
307	55	56
307	57	58
307	59	59

308	0	0
308	1	1
308	3	4
308	5	5
308	6	7
308	8	9
308	10	11
308	12	13
308	14	14
308	15	15
308	16	17
308	18	19
308	20	20
308	21	21
308	22	22
308	23	24
308	25	26
308	27	27
308	28	29
308	30	30
308	31	31
308	32	32
308	33	34
308	35	36
308	37	37
308	38	39
308	40	40
308	41	42
308	44	45
308	46	46
308	47	48
308	49	50
308	51	51
308	52	53
308	54	55
308	56	56

309	2	2
309	3	3
309	5	6
309	7	9
309	10	11
309	12	12
309	13	14
309	15	15
309	16	16
309	17	17
309	18	19
309	20	21
309	22	23
309	24	24
309	25	26
309	27	30
309	31	32
309	33	33

310	2	2
310	3	3
310	5	5
310	6	7
310	8	9
310	10	11
310	12	13
310	14	15
310	16	17
310	18	18
310	19	20
310	21	22
310	23	24
310	25	26
310	27	28
310	29	29

311	0	0
311	1	1
311	3	3
311	4	4
311	6	6
311	7	8
311	9	10

312	2	3
312	4	4
312	5	6
312	7	8
312	9	12
312	13	14
312	15	16
312	17	17
312	18	18
312	19	20
312	21	22
312	23	24
312	25	26
312	27	27
312	28	29
312	30	32
312	33	33
312	34	36
312	37	37
312	38	38

313	0	0
313	1	1
313	3	4
313	5	5
313	6	6
313	7	10
313	11	11
313	12	12
313	13	14
313	15	16
313	17	18
313	19	20
313	21	21
313	22	23
313	24	24
313	25	25
313	26	27
313	28	29
313	30	31
313	32	33
313	34	34
313	35	35
313	36	37
313	38	38
313	39	40
313	41	42
313	43	44
313	46	48
313	49	49
313	50	50
313	51	51
313	52	53
313	54	55
313	56	57
313	58	59
313	60	61
313	62	62
313	63	63
313	64	64
313	65	66
313	67	68
313	69	69
313	70	70
313	71	72
313	73	74
313	75	76
313	77	78
313	79	80
313	81	81
313	82	82
313	83	83
313	84	85
313	86	87
313	88	88
313	89	89
313	90	92
313	94	94
313	95	96
313	97	98
313	99	101
313	102	102
313	103	103
313	104	106
313	107	107
313	108	109
313	110	111
313	112	113
313	114	116
313	117	117
313	118	119
313	120	121
313	122	122
313	123	124
313	125	126
313	127	128
313	129	130
313	131	131
313	132	133
313	134	134
313	136	137
313	138	139
313	140	140
313	141	141
313	142	142
313	143	143
313	145	145
313	147	148
313	149	149
313	150	150
313	151	151
313	152	152
313	153	154
313	155	155
313	156	157
313	158	159
313	160	161
313	162	163
313	164	164
313	165	166
313	167	167
313	168	169
313	170	171
313	172	172
313	173	173
313	174	174
313	175	176
313	177	177
313	178	179
313	180	181
313	182	182
313	184	184
313	185	185
313	186	187
313	188	189
313	190	191
313	192	192

314	0	0
314	1	1
314	3	4
314	5	6
314	7	8
314	9	9
314	10	11
314	12	13
314	14	14
314	15	16
314	17	18
314	19	20
314	21	21
314	22	23
314	24	25
314	26	26
314	27	28
314	29	30
314	31	31
314	32	33
314	34	35
314	36	36
314	37	38
314	39	39
314	40	41
314	42	42
314	43	43
314	45	45
314	46	47
314	48	48
314	49	50
314	51	53
314	54	54

315	0	0
315	1	1
315	3	4
315	5	6
315	7	7
315	8	9
315	10	10
315	11	11
315	12	13
315	14	15
315	16	17
315	18	18
315	19	20
315	21	21
315	22	22
315	23	24
315	25	26
315	27	28
315	29	30
315	31	33
315	34	35
315	36	37
315	38	38
315	39	39
315	40	40
315	41	43
315	45	46
315	47	47
315	48	48
315	49	50
315	51	52
315	53	54
315	55	55

316	2	2
316	3	3
316	5	7
316	8	9
316	10	11
316	12	12
316	13	14
316	15	16
316	17	18
316	19	19
316	20	21
316	22	23
316	24	24
316	25	25
316	26	26
316	27	28
316	29	30
316	31	32
316	33	33

317	0	0
317	1	1
317	3	3
317	4	4
317	6	7
317	8	9
317	10	11
317	12	13

318	2	3
318	4	5
318	6	6
318	7	8
318	9	9
318	10	11
318	12	14
318	15	15
318	16	17
318	18	20
318	21	22
318	23	23
318	24	25
318	26	27
318	28	30
318	31	32
318	33	34
318	35	35
318	36	37
318	38	38
318	39	40
318	42	46
318	47	47
318	48	48
318	49	49
318	50	51
318	52	53
318	54	54
318	55	56
318	57	57
318	58	58
318	59	59
318	60	61
318	62	62
318	63	63
318	64	65
318	66	67
318	68	68
318	69	70
318	71	72
318	73	77
318	78	78
318	79	79
318	80	81
318	82	82
318	83	83
318	84	84
318	86	87
318	88	88
318	89	90
318	91	92
318	93	94
318	95	95
318	96	98
318	100	101
318	102	102
318	104	105
318	106	106
318	108	109
318	110	110
318	111	113
318	114	117
318	118	118
318	119	119
318	120	120
318	121	125
318	126	127
318	128	129
318	130	130
318	132	133
318	134	134
318	135	136
318	137	138
318	139	139
318	140	141
318	142	145
318	146	146
318	147	147

319	0	2
319	3	3
319	4	5
319	6	6
319	7	8
319	9	9
319	10	11
319	12	13

320	2	2
320	3	4
320	5	7
320	8	8
320	9	10
320	11	13
320	14	15
320	16	16
320	17	18
320	19	20
320	21	22
320	23	23
320	24	25
320	26	27
320	28	28

321	2	2
321	3	3
321	5	5
321	6	7
321	8	8
321	9	10
321	11	11
321	12	12
321	13	14
321	15	15
321	16	17
321	18	19
321	20	20
321	21	22
321	23	25
321	26	27
321	28	28

322	0	0
322	1	1
322	3	3
322	4	5
322	6	7
322	8	10
322	11	15
322	16	16
322	17	18
322	19	21
322	22	22
322	23	23
322	24	25
322	26	26
322	27	28
322	29	29
322	30	31
322	32	32
322	33	34
322	35	36
322	37	37
322	38	40
322	41	42
322	43	44
322	45	45
322	47	47
322	48	48
322	49	50
322	51	51
322	52	52
322	53	53

323	2	2
323	3	3
323	5	5
323	6	7
323	8	8
323	9	9
323	10	10
323	11	12
323	13	13
323	14	14
323	15	15
323	16	17
323	18	18
323	19	19
323	20	21
323	22	23
323	24	24
323	25	26
323	27	28
323	29	29
323	30	34
323	35	35
323	36	37
323	38	38
323	39	39
323	40	41
323	42	42
323	43	44
323	45	46
323	47	48
323	49	49

324	0	0
324	1	1
324	3	3
324	4	5
324	6	7
324	8	8
324	9	11
324	12	12
324	13	14
324	15	16
324	17	18
324	19	20
324	21	22
324	23	23
324	24	25
324	26	26
324	27	28
324	29	30
324	31	32
324	33	33
324	34	35
324	36	37
324	38	38
324	39	40
324	41	42
324	44	45
324	46	47
324	48	48
324	49	50
324	51	51
324	52	53
324	54	55
324	56	56
324	57	57
324	58	59
324	60	60

325	0	0
325	1	1
325	3	4
325	5	6
325	7	9
325	10	10
325	11	12
325	13	15
325	16	16
325	17	18
325	19	21
325	22	22
325	23	24
325	25	27
325	28	28
325	29	30
325	31	32
325	33	33
325	34	34
325	35	37
325	38	38
325	39	39
325	40	41
325	42	42
325	44	44
325	45	46
325	47	47

326	2	2
326	3	3
326	5	5
326	6	7
326	8	8
326	9	10
326	11	12
326	13	14
326	15	16
326	17	18
326	19	20
326	21	23
326	24	24
326	25	26
326	27	30
326	31	32
326	33	34
326	35	36
326	37	38
326	39	39

327	0	2
327	3	3
327	4	5
327	6	7
327	8	11

328	2	2
328	3	4
328	5	7
328	8	8
328	9	10
328	11	13
328	14	15
328	16	17
328	18	19
328	20	21
328	22	23
328	24	27
328	28	28
328	29	30
328	31	32
328	33	33

329	0	0
329	1	1
329	2	3
329	4	5
329	6	9
329	10	11
329	12	12
329	13	17
329	18	18
329	19	19
329	20	20
329	21	25
329	26	26
329	27	27
329	28	28
329	29	30
329	31	32
329	33	33
329	34	35
329	36	36
329	37	37
329	39	39
329	40	40
329	41	42
329	43	44
329	45	46
329	47	48
329	49	50
329	51	51
329	52	52
329	54	57
329	58	61
329	63	63
329	64	64
329	65	66
329	67	68
329	69	70
329	71	72
329	73	74
329	75	75
329	76	76
329	77	79
329	80	80
329	81	81
329	82	82
329	83	83
329	84	84
329	85	85
329	86	86
329	87	88
329	89	89
329	90	91
329	92	93
329	94	95
329	96	96
329	98	98
329	99	99
329	100	102
329	103	103
329	104	105
329	106	107
329	108	108
329	109	110
329	111	112
329	113	113
329	114	115
329	116	116
329	117	117
329	118	118
329	119	120
329	121	121
329	122	123
329	124	125
329	127	131
329	132	132
329	133	134
329	135	136
329	137	137
329	138	139
329	140	141
329	143	144
329	145	145

330	2	2
330	3	3
330	5	8
330	9	10
330	11	11
330	12	12
330	13	14
330	15	16
330	17	18
330	19	20
330	21	21
330	22	23
330	24	25
330	26	30
330	31	31

331	2	2
331	3	3
331	5	6
331	7	10
331	11	12
331	13	14
331	15	16
331	17	18
331	19	21
331	22	22

332	0	2
332	3	3
332	4	5
332	6	7
332	8	9

333	2	2
333	3	4
333	5	7
333	8	8
333	9	10
333	11	13
333	14	15
333	16	17
333	18	19
333	20	20
333	21	22
333	23	24
333	25	25
333	26	27
333	28	29
333	30	30
333	31	32
333	33	34
333	35	35
333	36	37
333	38	39
333	40	40

334	2	2
334	3	3
334	5	6
334	7	8
334	9	9
334	10	12
334	14	14
334	15	15
334	16	17
334	18	19
334	20	21
334	22	23
334	24	25
334	26	26
334	27	27
334	28	28
334	29	30
334	31	32
334	33	34
334	35	36
334	37	38
334	39	39

335	0	0
335	1	1
335	3	3
335	4	5
335	6	7
335	8	9
335	10	11
335	12	13
335	14	15
335	16	16
335	17	18
335	19	19
335	20	21
335	22	22
335	23	25
335	26	26
335	27	28
335	29	29
335	30	31
335	32	33
335	34	34
335	35	36
335	37	37
335	38	38
335	39	39
335	40	40
335	41	42
335	43	43
335	45	46
335	47	48
335	50	54
335	55	55
335	56	57
335	58	58

336	0	2
336	3	3
336	4	5
336	6	8
336	9	10
336	11	11
336	12	13
336	14	14
336	15	17
336	18	19

337	2	2
337	3	4
337	5	7
337	8	8
337	9	10
337	11	13
337	14	14
337	15	16
337	17	18
337	19	20
337	21	21
337	22	23
337	24	24
337	25	27
337	28	29
337	30	30
337	31	32
337	33	34
337	35	35
337	36	37
337	38	38
337	39	40
337	41	42
337	43	43
337	45	45
337	46	47
337	48	49
337	50	51
337	52	52
337	53	54
337	55	56
337	57	57

338	0	0
338	1	1
338	3	4
338	5	5
338	6	7
338	8	8
338	9	9
338	10	11
338	12	13
338	14	15
338	16	16
338	17	18
338	19	20
338	21	22
338	23	23
338	24	24
338	25	25
338	26	27
338	28	29
338	30	31
338	32	33
338	34	34
338	35	36
338	37	38
338	40	40
338	41	41
338	43	44
338	45	45
338	46	46
338	47	47
338	49	53
338	54	54
338	55	56
338	57	57
338	58	60
338	61	61

339	2	2
339	3	3
339	5	6
339	7	7
339	8	9
339	10	11
339	12	13
339	14	16
339	17	17
339	18	18
339	19	19
339	20	21
339	22	23
339	24	24
339	25	25
339	27	31
339	32	32
339	34	35
339	36	38
339	39	39

340	0	0
340	1	1
340	3	3
340	4	5
340	6	6
340	7	9
340	10	10
340	11	13
340	14	14
340	15	15
340	16	17
340	18	20
340	21	22
340	23	24
340	25	26
340	27	28
340	29	30
340	31	31
340	32	32
340	33	34
340	35	36
340	37	38
340	39	39
340	40	40
340	41	42
340	44	45
340	46	47
340	48	49
340	50	51
340	52	52
340	53	54
340	55	55
340	56	57
340	58	59
340	60	61
340	62	63
340	64	65
340	66	66
340	67	68
340	69	69
340	70	70
340	71	72
340	73	74
340	75	76
340	77	77
340	78	79
340	80	80
340	81	82
340	83	83
340	85	86
340	87	87
340	88	90
340	91	91
340	92	93
340	94	94
340	95	96
340	97	98
340	99	99

341	0	0
341	1	1
341	3	4
341	5	6
341	7	8
341	9	9
341	10	10
341	11	11
341	12	15
341	16	16
341	17	19
341	20	21
341	22	22
341	23	24
341	25	26
341	27	27
341	28	29
341	30	31
341	32	32
341	33	34
341	35	35
341	36	37
341	38	39
341	40	40
341	41	41
341	42	42
341	44	44
341	45	46
341	47	49
341	50	51
341	52	53
341	54	54
341	55	57
341	58	58
341	59	61
341	62	62
341	63	63
341	64	65
341	66	66
341	67	68
341	69	70
341	71	72
341	73	74
341	75	75
341	76	77
341	78	81
341	82	82
341	83	83
341	85	86
341	87	88
341	89	90
341	91	92
341	93	94
341	95	95
341	96	97
341	98	99
341	100	101
341	102	102
341	103	103
341	104	105
341	106	106
341	107	107
341	108	109
341	110	111
341	112	112
341	113	114
341	115	115
341	116	117
341	118	119
341	120	123
341	124	124
341	126	129
341	130	131
341	132	132

342	4	4
342	5	5
342	7	8
342	9	10
342	11	13
342	14	15
342	16	16
342	17	18
342	19	23
342	24	25
342	26	26
342	27	27
342	28	29
342	30	31
342	32	32
342	33	34
342	35	36
342	37	37
342	38	39
342	40	40
342	41	41

343	4	4
343	5	5
343	7	8
343	9	10
343	11	11
343	12	12
343	13	16
343	17	17
343	18	19
343	20	21
343	22	22
343	23	24
343	25	26
343	27	28
343	29	29
343	30	31
343	32	34
343	35	37
343	38	38
343	39	40
343	41	41

344	4	4
344	5	5
344	7	11
344	12	12
344	13	13
344	14	15
344	16	18
344	19	21
344	22	22
344	23	24
344	25	25

345	4	4
345	5	5
345	7	8
345	9	10
345	11	11
345	12	13
345	14	14
345	15	16
345	17	17
345	18	18
345	19	20
345	21	22
345	23	23
345	24	24
345	26	26

346	0	0
346	1	2
346	3	3
346	4	4

347	4	4
347	5	5
347	6	6

348	0	0
348	1	1
348	2	2
348	3	4
348	5	5
348	6	6
348	7	8
348	9	9
348	10	12
348	13	13
348	14	15
348	16	16
348	17	18
348	19	19
348	20	20
348	21	21
348	22	22
348	23	23
348	24	24

349	0	1
349	2	2
349	3	4
349	5	5
349	6	6
349	7	9
349	10	11
349	12	12
349	13	13
349	14	15
349	16	16
349	17	19
349	20	20
349	21	22
349	23	23
349	24	24

350	0	0
350	1	1
350	2	2
350	3	5
350	6	6
350	7	8
350	9	9
350	10	11
350	12	14
350	15	16
350	17	18
350	19	19
350	20	20
350	21	22
350	23	23
350	24	25
350	26	26
350	28	28
350	29	31
350	32	32
350	33	34
350	35	36
350	37	37
350	38	38
350	39	39
350	40	40

351	0	0
351	1	1
351	2	2
351	3	4
351	5	6
351	7	7
351	8	9
351	10	10
351	11	12
351	13	14
351	15	15
351	16	17
351	18	18
351	19	19
351	20	20
351	21	21
351	22	22
351	23	23

352	2	2
352	3	3
352	4	6
352	7	8
352	9	10
352	11	12
352	13	14
352	15	18
352	20	21
352	23	23
352	25	25
352	26	26
352	27	27
352	28	28

353	0	0
353	1	2
353	3	3
353	4	4
353	5	6
353	7	7
353	8	9

354	0	2
354	3	4
354	5	5
354	6	6
354	7	8

355	2	3
355	4	4
355	5	6
355	7	8
355	9	10
355	11	11

356	2	2
356	3	3
356	5	6
356	7	7
356	8	8
356	9	10
356	11	12
356	13	13
356	14	15
356	16	17
356	18	18

357	2	2
357	3	3
357	5	6
357	7	7
357	8	9
357	10	10

358	2	2
358	3	3
358	5	6
358	7	8
358	9	10
358	11	11

359	2	2
359	3	3
359	5	6
359	7	7
359	8	9
359	10	10
359	11	12
359	13	14
359	15	15

360	2	2
360	3	3
360	5	6
360	7	7
360	8	8
360	9	9

361	2	2
361	3	3
361	5	6
361	7	8
361	9	10
361	11	12
361	13	13
361	14	14
361	15	15

362	2	2
362	3	3
362	5	6
362	7	8
362	9	10
362	11	12
362	13	13

363	2	2
363	3	3
363	5	8
363	9	10
363	11	12
363	13	13

364	2	2
364	3	3
364	5	7
364	8	8
364	9	10
364	11	11
364	12	12
364	13	15
364	16	17
364	18	18
364	19	19
364	20	20

365	2	2
365	3	3
365	5	6
365	7	7
365	8	9
365	10	10
365	11	11
365	12	13
365	14	15
365	16	16

366	2	2
366	3	3
366	5	7
366	8	9
366	10	10
366	11	12
366	13	13
366	14	14
366	15	15
366	16	17
366	18	20
366	21	21
366	22	24
366	25	27
366	28	28
366	29	30
366	31	32
366	33	34
366	35	35
366	36	36
366	37	37

367	2	2
367	3	3
367	5	6
367	7	7
367	8	9
367	10	11
367	12	12

368	2	2
368	3	3
368	5	6
368	7	9
368	10	10
368	11	12
368	13	14
368	15	16
368	17	18
368	19	20
368	21	22
368	23	23

369	0	2
369	3	4
369	5	5
369	6	6
369	7	8

370	2	2
370	3	4
370	5	7
370	8	8
370	9	10
370	11	13
370	14	15
370	16	16
370	17	17
370	18	19
370	20	21
370	22	22
370	23	24
370	25	25
370	26	27
370	28	29
370	30	30
370	31	31
370	33	37
370	38	38
370	40	40
370	41	41
370	42	47
370	48	48
370	49	50
370	51	52
370	53	53

371	0	0
371	1	2
371	3	3
371	4	4
371	5	6
371	7	7
371	8	9
371	10	10
371	11	11
371	12	13
371	14	15

372	0	2
372	3	4
372	5	5
372	6	6
372	7	8

373	2	2
373	3	4
373	5	7
373	8	8
373	9	10
373	11	13
373	14	15
373	16	17
373	18	18
373	19	20
373	21	22
373	23	23

374	2	2
374	3	3
374	5	6
374	7	7
374	8	8
374	9	10
374	11	12
374	13	13
374	14	15
374	16	17
374	18	19
374	20	21
374	22	22

375	2	2
375	3	3
375	5	6
375	7	7
375	8	9
375	10	11
375	12	12
375	13	14
375	15	15
375	16	18
375	19	19
375	20	21
375	22	22

376	2	2
376	3	3
376	5	6
376	7	7
376	8	9
376	10	10
376	11	12
376	13	13
376	14	15
376	16	17
376	18	18
376	19	20
376	21	22
376	23	24
376	25	25

377	2	2
377	3	3
377	5	6
377	7	8
377	9	9
377	10	11
377	12	12

378	2	2
378	3	3
378	5	6
378	7	8
378	9	9
378	10	11
378	12	13
378	14	14
378	15	15
378	16	17
378	18	18

379	2	2
379	3	3
379	5	6
379	7	8
379	9	10
379	11	12
379	13	13

380	2	2
380	3	3
380	5	6
380	7	8
380	9	10
380	11	12
380	13	13
380	14	14
380	15	15
380	16	17
380	18	19
380	20	21
380	22	23
380	24	25
380	26	27
380	28	28

381	2	2
381	3	3
381	5	8
381	9	10
381	11	12
381	13	13

382	2	2
382	3	3
382	5	6
382	7	7
382	8	8
382	9	10
382	11	12
382	13	13
382	14	15
382	16	17
382	18	18

383	2	2
383	3	3
383	5	6
383	7	9
383	10	11
383	12	13
383	14	14
383	15	16
383	17	18
383	19	20
383	21	21
383	22	23
383	24	25
383	26	26

384	2	2
384	3	3
384	5	6
384	7	9
384	10	11
384	12	13
384	14	14
384	15	16
384	17	18
384	19	19

385	2	2
385	3	3
385	5	7
385	8	8
385	9	10
385	11	12
385	13	13
385	14	14
385	15	16
385	17	18
385	19	19

386	2	2
386	3	3
386	5	6
386	7	8
386	9	9
386	10	10
386	11	12
386	13	15
386	16	16
386	17	18
386	19	21
386	22	22
386	23	24
386	25	26
386	27	28
386	29	29

387	2	2
387	3	3
387	5	5
387	6	7
387	8	8
387	9	10
387	11	12
387	13	14
387	15	15
387	16	17
387	18	18
387	19	20
387	21	21

388	2	2
388	3	3
388	4	5
388	6	7
388	8	9
388	10	10
388	11	14
388	15	15

389	0	2
389	3	4
389	5	5
389	6	6
389	7	8

390	2	2
390	3	4
390	5	7
390	8	8
390	9	10
390	11	13
390	14	15
390	16	16
390	17	17
390	18	19
390	20	21
390	22	23
390	24	24

391	0	0
391	1	1
391	3	3
391	4	5
391	6	6
391	7	9
391	10	10
391	11	12
391	13	13
391	14	14
391	15	16
391	17	18
391	19	19
391	20	23
391	24	25
391	26	27
391	28	29
391	30	31
391	32	32
391	33	33
391	34	35
391	36	36
391	37	38
391	39	39
391	40	41
391	42	42
391	44	44
391	45	46
391	47	47

392	0	0
392	1	1
392	3	4
392	5	6
392	7	7
392	8	8
392	9	9
392	10	11
392	12	14
392	15	16
392	17	18
392	19	19
392	20	21
392	22	23
392	24	25
392	26	26
392	27	27
392	28	29
392	30	31
392	32	32
392	33	34
392	35	36
392	37	37
392	38	38
392	40	42
392	43	43
392	44	45
392	46	46
392	47	47
392	49	53
392	54	54
392	55	56
392	57	58
392	59	60
392	61	61

393	2	2
393	3	3
393	5	6
393	7	8
393	9	9
393	10	11
393	12	13
393	14	15
393	16	16

394	2	2
394	3	3
394	5	6
394	7	8
394	9	10
394	11	11
394	12	13
394	14	14
394	15	15

395	2	2
395	3	3
395	5	6
395	7	8
395	9	9
395	10	11
395	12	13
395	14	14

396	0	0
396	1	2
396	3	3
396	4	4
396	5	8

397	0	2
397	3	3
397	4	5
397	6	7
397	8	9
397	10	10
397	11	12
397	13	14
397	15	15
397	16	17
397	18	19
397	20	20
397	21	21

398	0	2
398	3	4
398	5	5
398	6	7
398	8	8
398	9	10
398	11	12
398	13	14
398	15	15
398	16	17
398	18	19
398	20	20
398	21	22
398	23	24
398	25	26
398	27	27
398	28	29
398	30	31
398	32	33
398	34	34

399	0	2
399	3	4
399	5	5
399	6	7
399	8	9
399	10	11
399	12	13
399	14	15
399	16	17
399	18	18

400	0	1
400	2	2

401	0	0
401	1	3
401	4	5
401	6	6

402	0	0
402	1	2
402	3	5
402	6	6
402	7	8
402	9	11
402	12	12
402	13	14
402	15	16
402	17	18

403	3	3
403	4	5
403	6	8
403	9	9
403	10	11
403	12	14
403	15	15
403	16	17
403	18	19
403	20	21
403	22	23
403	24	24
403	25	25
403	27	27
403	28	28

404	0	0
404	1	1
404	2	2
404	4	4
404	5	5
404	6	7
404	8	10
404	11	11
404	12	13
404	14	16
404	17	17
404	18	19
404	20	21
404	22	23

405	0	5
405	6	6
405	7	8
405	9	11
405	12	12
405	13	14
405	15	17
405	18	18
405	19	20
405	21	22

406	2	3
406	4	4
406	5	6
406	7	7
406	8	8

407	2	4
407	5	5
407	6	7
407	8	10
407	11	11

408	0	1
408	2	2

409	0	1
409	2	2

410	0	1
410	2	2

412	0	0
412	1	1
412	2	2
412	4	4
412	6	6
412	7	7
412	8	8

413	0	1
413	2	2
413	3	3
413	4	4
413	5	5
413	6	6
413	8	10
413	11	11
413	12	13
413	14	16
413	17	17

414	0	1

415	0	2
415	3	3
415	4	6

416	0	1
416	2	3
416	4	5
416	7	7
416	9	9
416	11	11

417	0	1
417	2	3
417	4	5
417	7	7
417	9	9
417	11	11

418	0	1
418	2	3

419	0	1
419	2	3
419	5	5
419	7	7
419	9	10
419	12	12
419	14	14
419	16	16

420	0	1
420	2	3
420	5	5
420	6	7
420	8	8
420	9	9
420	11	12
420	13	13
420	14	14
420	16	17
420	18	18
420	19	19
420	21	22
420	23	23
420	24	24

421	0	3
421	4	5

422	0	1
422	2	2
422	3	4
422	5	5
422	6	7
422	8	9

423	0	1
423	2	5

424	0	1
424	2	3
424	4	5

425	0	1
425	2	3
425	4	5
425	6	6
425	8	9
425	10	10
425	12	12
425	14	14
425	16	16

428	0	0
428	1	1
428	2	2
428	4	4
428	6	6
428	7	7
428	8	8

429	0	1
429	4	5

430	1	2
430	4	5
430	6	7
430	9	10
430	11	12
430	13	13
430	14	15
430	17	18
430	19	19
430	21	21
430	22	22
430	23	23
430	25	26

431	0	0
431	2	3

432	0	1
432	3	4
432	5	5
432	6	7
432	8	9
432	11	12
432	13	14
432	15	15
432	16	16
432	17	18
432	19	19
432	20	21
432	22	22
432	23	24

433	2	3
433	4	4
433	5	5
433	7	8
433	9	10
433	11	12
433	13	14

434	2	3
434	4	5
434	6	6
434	7	7
434	9	10
434	11	12
434	13	15

435	2	3
435	4	4
435	5	5
435	7	8
435	9	10
435	11	11
435	12	12
435	13	14
435	15	16

436	2	3
436	4	4
436	5	6
436	7	9
436	10	11
436	13	14
436	15	15
436	16	17
436	18	19
436	20	20
436	21	21
436	22	22
436	23	23
436	24	24
436	25	26
436	27	27
436	28	29
436	31	31
436	32	34
436	35	35
436	36	38
436	39	39
436	40	40
436	41	42
436	43	43
436	44	45
436	46	46
436	47	47
436	49	49
436	50	51
436	52	52
436	53	54
436	55	55
436	56	59
436	60	60
436	61	62
436	63	63
436	64	64
436	65	65
436	67	68
436	69	70
436	71	71
436	72	73
436	74	75
436	76	77
436	78	79
436	80	80

437	2	3
437	4	4
437	5	6
437	7	9
437	11	11
437	12	13
437	14	14
437	15	15
437	16	17
437	18	19

438	2	3
438	4	5
438	6	7
438	9	10
438	11	11
438	12	13
438	14	15
438	16	16
438	17	18
438	19	20
438	21	22
438	23	24

439	0	0
439	2	3
439	5	6
439	7	8
439	9	9
439	11	12
439	13	14
439	15	15
439	16	18

440	2	3
440	4	4
440	5	5
440	7	8
440	9	10

441	2	3
441	4	4
441	5	7
441	8	8
441	9	9
441	11	13
441	14	14
441	15	16

442	2	3
442	4	4
442	5	6
442	7	8
442	9	10
442	12	13
442	14	14
442	15	16
442	17	18
442	19	20
442	21	22
442	23	23
442	24	25
442	26	27
442	28	28
442	30	30
442	31	32

443	0	0
443	2	3

444	0	0
444	2	3
444	4	4
444	5	6
444	7	8
444	9	9
444	10	10
444	12	12
444	13	14
444	15	16
444	17	17
444	18	19

445	2	3
445	4	5
445	6	6
445	7	7
445	9	10
445	11	12
445	13	13
445	14	15
445	16	18

446	2	4
446	5	5
446	6	6
446	8	9
446	10	11
446	12	13
446	14	14
446	15	16
446	17	19
446	20	20
446	21	22
446	23	23
446	24	24
446	26	26
446	27	28
446	29	30
446	31	32

447	2	3
447	4	5
447	6	7
447	9	9
447	10	11
447	12	13

448	2	4
448	5	6
448	8	10
448	11	12
448	13	14

451	0	0
451	1	1
451	2	2
451	4	4
451	6	6
451	7	7
451	8	8

452	0	0
452	2	3

453	0	0
453	2	2
453	3	4
453	5	6
453	7	8
453	9	10
453	12	12
453	13	14
453	15	15
453	16	17
453	18	19
453	20	20
453	21	22

454	2	3
454	4	6
454	7	8
454	10	11
454	12	13
454	14	15
454	16	16
454	17	18
454	19	21
454	22	23
454	24	25

455	2	3
455	4	5
455	6	7
455	9	10
455	11	12
455	13	13
455	14	15
455	16	17
455	18	18

456	0	0
456	2	3
456	5	6
456	8	8
456	10	11
456	12	12
456	13	14
456	15	17
456	18	19
456	21	22
456	23	23
456	24	25
456	26	27
456	28	28
456	29	29
456	30	30
456	31	31
456	32	32
456	33	34
456	35	35
456	36	37
456	39	39
456	40	40
456	41	41
456	42	43
456	44	45
456	46	46
456	47	48
456	49	50
456	51	52
456	53	54

457	2	3
457	4	5
457	6	6
457	7	7
457	9	10
457	11	12
457	13	15

458	2	3
458	4	4
458	5	5
458	7	8
458	9	10

459	2	3
459	4	5
459	6	7
459	9	10
459	11	11
459	12	13

460	2	3
460	4	5
460	6	6
460	7	7
460	9	10
460	11	12
460	13	14
460	15	16

461	2	3
461	4	5
461	6	7
461	9	10
461	11	14

462	0	0
462	2	3
462	5	6
462	8	9
462	11	11
462	13	14
462	15	15
462	16	17
462	18	20
462	21	21
462	22	22
462	24	25
462	26	26
462	27	28
462	29	31
462	32	33
462	34	35
462	36	36
462	37	38
462	40	40
462	41	41
462	42	43
462	44	45

463	2	3
463	4	4
463	5	6
463	7	9
463	10	10
463	11	11
463	13	14
463	15	15
463	16	17
463	18	20
463	21	22
463	23	24
463	25	25
463	26	27
463	29	29
463	30	30
463	31	32
463	33	34

464	0	0
464	2	3
464	5	6
464	8	9
464	11	11
464	13	14
464	15	15
464	16	17
464	18	19
464	20	21
464	22	22
464	24	25
464	26	27
464	28	28
464	29	31

465	2	3
465	4	4
465	5	6
465	7	8
465	9	10
465	11	11
465	13	14
465	15	16
465	17	17
465	18	20

466	0	0
466	2	3
466	5	6
466	8	9
466	11	11
466	12	12
466	14	15
466	16	17
466	18	19
466	20	21
466	22	23
466	25	26
466	27	28

467	0	0
467	2	3
467	5	7
467	8	9
467	11	12
467	13	16

469	0	5
469	6	7
469	8	9
469	10	11
469	12	13

470	0	0
470	1	1
470	2	3
470	4	4
470	5	5
470	6	7
470	8	10
470	11	11
470	12	13
470	14	16

471	0	0
471	2	2

472	0	0
472	1	2
472	3	4
472	6	7

473	0	0
473	1	2
473	3	4
473	5	6
473	8	9

474	0	0
474	1	1
474	2	3
474	4	7
474	8	8
474	9	10
474	12	13

475	0	0
475	1	2
475	3	4
475	5	6
475	8	9

476	0	0
476	1	2
476	3	4
476	5	5
476	6	7
476	9	10

477	0	0
477	1	2
477	3	4
477	6	7

478	0	0
478	1	2
478	3	4

479	2	2
479	3	4
479	5	6
479	7	7
479	8	11
479	12	13
479	14	15
479	16	17
479	18	21
479	22	23
479	24	25
479	26	29
479	30	30
479	31	32
479	33	34
479	35	35
479	36	37
479	38	38
479	39	39
479	40	43
479	44	44
479	46	46
479	47	50
479	51	51
479	53	54
479	55	56
479	57	57
479	58	58
479	59	60
479	61	62
479	63	63

480	2	2
480	3	4
480	5	6
480	7	8
480	9	9
480	10	11
480	12	13
480	14	16
480	17	18
480	19	19
480	20	21
480	22	22
480	23	24
480	25	30
480	31	31
480	32	33
480	34	36
480	37	37
480	38	39
480	40	42
480	43	44
480	45	46
480	48	48
480	49	50
480	51	52
480	53	54
480	55	56
480	57	57
480	58	59
480	60	61
480	62	62
480	63	65
480	66	66
480	67	68
480	69	69
480	70	71
480	72	73
480	74	76
480	77	78
480	79	80
480	81	82
480	83	84
480	85	86
480	87	87
480	88	89
480	90	90
480	91	92
480	94	94
480	95	96
480	97	97
480	98	99
480	100	101
480	102	103
480	104	105
480	106	106
480	107	108
480	109	109
480	110	113
480	114	114
480	115	116
480	117	117
480	118	119
480	120	121
480	122	123
480	124	125
480	126	126
480	127	127
480	128	128
480	129	129
480	130	131
480	132	132
480	133	137
480	138	138
480	139	140
480	142	144
480	145	145
480	146	147
480	148	150
480	151	152
480	153	154
480	155	155

481	2	2
481	3	4
481	5	6
481	7	8
481	9	10
481	11	11
481	12	13
481	14	15
481	16	21
481	22	22
481	23	24
481	25	27
481	28	28
481	29	30
481	31	33
481	34	35
481	36	37
481	38	38
481	39	40
481	41	42
481	43	45
481	46	46
481	48	48
481	49	49
481	50	51
481	52	52
481	53	54
481	55	55
481	56	57
481	58	58
481	59	59
481	60	61
481	62	63
481	64	65
481	66	69
481	70	71
481	72	73
481	74	75
481	76	77
481	78	78
481	79	79
481	80	81
481	82	83
481	84	85
481	86	87
481	88	89
481	90	90
481	91	91
481	93	93
481	94	96
481	97	97
481	98	99
481	100	101
481	102	102

482	0	0
482	1	2
482	3	4
482	5	6

483	2	2
483	3	4
483	5	6
483	7	8
483	9	10
483	11	12
483	13	14
483	15	15

484	0	0
484	1	1
484	3	4
484	5	6
484	7	7
484	8	8
484	9	11
484	12	14
484	15	15
484	16	18
484	19	19
484	20	22
484	23	23
484	24	25
484	26	27
484	28	29
484	30	30
484	31	32
484	33	33
484	34	35
484	36	36
484	37	38
484	39	40
484	41	42
484	44	47
484	48	48
484	49	52
484	53	53
484	54	54

485	2	2
485	3	3
485	5	6
485	7	7
485	8	10
485	11	12
485	13	14
485	15	15
485	16	17
485	18	18
485	19	20
485	21	21
485	22	25
485	26	26
485	27	28
485	29	30
485	31	32
485	33	33
485	34	36
485	37	37
485	38	39
485	40	40

486	2	2
486	3	3
486	5	6
486	7	9
486	10	10
486	11	13
486	14	14
486	15	17
486	18	18
486	19	21
486	22	24
486	25	25
486	26	27
486	28	28
486	29	30
486	31	33
486	34	34
486	35	36
486	37	37
486	38	38

487	2	2
487	3	4
487	5	6
487	7	8
487	9	10
487	11	11
487	12	12
487	13	18
487	19	20
487	21	22
487	23	24
487	25	26
487	27	27
487	28	28
487	29	30
487	31	31
487	32	37
487	38	38
487	39	40
487	41	43
487	44	44
487	45	46
487	47	48
487	50	50
487	51	51
487	52	52
487	53	53
487	54	55
487	56	59
487	60	61
487	62	62
487	63	63
487	64	66
487	67	67
487	68	69
487	70	71
487	72	72
487	73	74
487	75	75
487	76	76
487	77	82
487	83	84
487	85	86
487	87	88
487	89	90
487	91	91
487	92	92
487	93	94
487	95	95
487	96	96
487	98	99
487	100	102
487	103	103
487	104	105
487	106	108
487	109	109
487	110	110

488	0	0
488	1	1
488	2	3
488	4	7
488	8	8
488	9	10

489	2	2
489	3	4
489	5	5
489	6	7
489	8	9
489	10	11
489	12	12
489	13	14
489	15	16
489	17	18
489	19	19
489	20	21
489	22	22
489	23	24
489	25	28
489	29	29

490	2	2
490	3	4
490	5	5
490	6	7
490	8	9
490	10	10
490	11	12
490	13	13
490	14	17
490	18	19
490	20	20
490	21	21
490	23	25
490	27	32
490	33	33
490	34	35
490	36	38
490	39	39
490	40	41
490	42	44
490	45	46
490	47	48
490	49	49
490	50	50
490	52	52
490	53	54
490	55	55
490	56	56
490	57	58
490	59	60
490	61	61
490	62	63
490	64	65
490	66	67
490	68	68
490	69	70
490	71	71

491	2	2
491	3	4
491	5	5
491	6	7
491	8	9
491	10	10
491	11	12
491	13	15
491	16	16
491	17	20
491	21	22
491	23	23

492	0	0
492	1	2
492	3	4
492	5	6

493	2	5
493	6	6
493	7	7
493	8	8
493	9	9
493	10	11
493	12	14
493	15	16
493	17	18
493	19	19
493	20	21
493	22	23
493	24	24

494	2	5
494	6	6
494	7	7
494	8	8
494	9	9
494	10	11
494	12	14
494	15	15
494	16	17
494	18	19
494	20	21
494	22	23
494	24	24
494	25	26
494	27	28
494	29	30
494	31	33
494	34	34
494	35	38
494	39	40
494	41	41
494	42	43
494	44	45
494	47	48
494	49	49

495	2	5
495	6	6
495	7	7
495	8	8
495	9	9
495	10	13
495	14	14
495	15	15
495	16	16
495	17	17
495	18	19
495	20	22
495	23	25
495	26	26
495	27	28
495	29	30
495	31	32
495	33	34
495	35	35
495	36	38
495	39	40
495	41	44
495	45	45
495	46	46
495	48	48
495	49	50
495	51	52
495	53	53
495	54	55
495	56	56

496	2	5
496	6	6
496	7	8
496	9	9
496	10	10
496	11	12
496	13	14
496	15	18
496	19	19
496	20	21
496	22	22
496	23	24
496	25	26
496	27	27
496	28	29
496	30	31
496	32	32
496	33	34
496	35	35
496	36	39
496	40	41
496	42	43
496	44	45
496	47	47
496	48	51
496	52	52

497	2	5
497	6	6
497	7	8
497	9	9
497	10	10
497	11	12
497	13	14
497	15	16
497	17	17
497	18	18
497	19	20
497	21	22
497	23	24
497	25	26
497	27	27
497	28	29
497	30	31
497	32	34
497	35	35

498	2	5
498	6	6
498	7	7
498	8	8
498	9	9
498	10	13
498	14	15
498	16	17
498	18	21
498	22	23
498	24	26
498	27	27
498	28	31
498	32	32
498	33	34
498	35	36
498	37	37
498	38	39
498	40	40
498	41	41
498	42	42
498	43	43
498	44	45
498	46	47
498	49	49
498	50	51
498	52	53
498	54	54
498	55	56
498	57	59
498	60	61
498	62	62
498	63	64
498	65	65
498	66	67
498	68	69
498	70	70
498	71	71
498	72	73
498	74	74
498	75	78
498	79	79
498	80	81
498	82	83
498	84	84
498	85	86
498	87	87

499	2	5
499	6	6
499	7	7
499	8	8
499	9	9
499	10	11
499	12	13
499	14	15
499	16	17
499	18	19
499	20	20
499	21	22
499	23	23
499	24	25
499	26	27
499	28	29
499	30	30
499	31	32
499	33	34
499	35	35
499	36	37
499	38	39
499	40	41
499	42	42
499	43	43

500	0	0
500	1	2
500	3	4
500	5	5
500	6	7

502	2	2
502	3	3
502	4	6
502	8	11
502	12	12
502	13	16
502	17	17
502	18	18
502	19	20
502	21	22
502	23	23
502	25	30
502	31	31
502	32	33
502	34	36
502	37	37
502	38	39
502	40	42
502	43	44
502	45	46
502	47	47
502	48	49
502	50	50
502	51	52
502	53	53
502	54	54
502	55	55
502	57	58
502	59	60
502	61	61
502	63	67
502	68	69
502	70	71
502	72	73
502	74	75
502	76	77
502	78	79
502	80	81
502	82	82
502	83	84
502	85	85
502	86	87
502	88	88
502	89	89
502	90	90
502	91	92
502	93	94
502	95	95
502	97	102
502	103	104
502	105	107
502	108	108
502	110	111
502	112	113
502	114	115
502	116	116
502	117	118
502	119	119
502	120	121
502	122	122
502	123	123
502	124	124
502	125	126
502	127	128
502	129	129
502	131	136
502	137	139
502	140	141
502	142	144
502	145	146
502	147	148
502	149	149
502	150	151
502	152	152
502	153	154
502	155	155
502	156	157
502	158	158
502	160	160
502	161	162
502	163	163
502	164	164
502	165	168
502	169	170
502	171	171
502	172	172
502	173	174
502	175	175
502	176	176
502	177	177
502	178	180
502	182	185
502	186	186
502	187	190
502	191	191
502	192	192
502	193	193
502	194	195
502	196	196

503	2	2
503	3	4
503	5	6
503	7	7
503	8	8
503	9	11
503	12	12
503	13	13
503	15	17
503	18	18
503	20	20
503	21	21
503	22	25
503	26	26
503	27	27
503	28	28
503	29	29
503	30	32
503	33	33
503	34	34
503	36	38
503	39	39
503	41	41
503	42	42
503	43	46
503	47	48
503	49	49
503	50	51
503	52	53
503	54	54
503	55	55
503	56	57
503	58	59
503	60	61
503	62	62

504	2	2
504	3	3
504	4	5
504	6	6
504	7	8
504	9	10
504	11	12
504	13	13

505	2	2
505	3	3
505	4	5
505	6	6
505	7	8
505	9	10
505	11	12
505	13	13

506	2	2
506	3	3
506	4	5
506	6	6
506	7	9
506	10	11
506	12	13
506	14	14

507	3	4
507	5	5
507	6	7
507	8	8
507	9	9

508	2	2
508	3	4
508	5	5
508	6	8
508	9	10
508	11	12
508	13	13
508	14	19
508	20	21
508	22	23
508	24	25
508	26	27
508	28	28
508	29	29
508	30	31
508	32	32
508	33	38
508	39	39
508	40	41
508	42	44
508	45	45
508	46	47
508	48	49
508	51	51
508	52	52
508	53	53
508	54	54
508	55	55
508	56	58
508	59	59
508	60	60
508	62	64
508	65	65
508	67	67
508	68	68
508	69	72
508	73	73
508	74	75
508	76	76

509	2	2
509	3	4
509	5	6
509	7	7
509	8	11
509	12	13
509	14	17
509	18	19
509	20	21
509	22	22
509	23	23
509	24	27
509	28	29
509	30	30
509	31	34
509	35	35
509	37	39
509	40	41
509	42	42
509	43	43
509	44	45
509	46	47
509	48	48

510	2	2
510	3	4
510	5	6
510	7	7
510	8	9
510	10	10
510	11	11
510	12	12
510	13	14
510	15	16
510	17	17
510	18	19
510	20	20
510	21	22
510	23	23
510	24	25
510	26	27
510	28	29
510	30	30
510	31	32
510	33	33
510	34	35
510	36	36
510	37	37
510	38	39
510	40	40
510	41	42
510	43	43
510	45	46
510	47	47
510	48	48
510	49	50
510	51	51
510	52	53
510	54	54
510	55	55
510	56	59
510	60	60
510	61	61
510	62	63
510	64	64
510	65	65
510	66	66
510	67	68
510	69	69
510	70	70
510	71	72
510	73	74
510	75	75
510	76	77
510	78	79
510	80	81
510	82	82
510	83	83
510	84	85
510	86	86
510	87	88
510	90	91
510	92	92
510	93	94
510	95	95
510	96	97
510	98	98
510	99	99
510	100	102
510	103	105
510	106	106
510	107	109
510	110	110
510	111	112
510	113	114
510	115	115
510	116	117
510	118	119
510	120	120
510	121	123
510	124	125
510	126	127
510	128	128
510	129	130
510	131	131
510	132	133
510	135	136
510	137	137
510	138	139
510	140	141
510	142	143
510	144	145
510	146	147
510	148	148
510	149	150
510	151	152
510	153	153
510	154	155
510	156	156
510	157	157
510	158	159
510	160	160
510	161	162
510	163	164
510	165	165

511	2	2
511	3	4
511	5	6
511	7	8
511	9	10
511	11	12
511	13	15
511	16	19
511	20	20
511	21	24
511	25	26
511	27	28
511	29	31
511	32	32
511	33	33
511	34	35
511	36	37
511	38	40
511	41	42
511	43	43
511	45	46
511	47	47
511	48	49
511	50	50
511	51	51
511	52	53
511	54	54
511	55	56
511	57	57
511	58	60
511	61	61
511	62	63
511	64	64
511	65	66
511	67	67
511	68	69
511	70	70
511	71	73
511	74	74
511	75	77
511	78	78
511	79	81
511	82	82
511	83	85
511	86	86
511	87	88
511	90	90
511	91	91
511	92	93
511	94	94
511	95	97
511	98	98
511	99	100
511	101	101
511	102	102
511	103	105
511	106	106
511	107	109
511	110	110

512	0	0
512	1	2
512	3	4

513	2	2
513	3	4
513	5	5
513	6	6
513	7	8
513	9	9
513	10	11
513	12	12
513	13	14
513	15	16
513	17	17
513	18	20
513	21	22
513	23	23
513	24	26
513	27	28
513	29	30
513	31	32
513	33	33
513	34	35
513	36	37
513	38	39
513	40	42
513	43	44
513	46	48
513	49	49
513	50	51
513	52	53
513	54	55
513	56	57
513	58	58

514	2	2
514	3	4
514	5	5
514	6	6
514	7	7
514	9	9
514	10	10
514	12	12
514	13	14
514	15	15
514	16	17
514	18	19
514	20	20
514	21	21
514	23	26
514	27	27
514	28	31
514	32	32
514	33	33
514	34	34
514	36	36
514	37	37
514	38	39
514	40	44
514	45	45
514	46	47
514	48	50
514	51	55
514	56	57
514	58	59
514	60	60
514	62	63
514	64	64
514	65	66
514	67	68
514	69	69
514	70	71
514	72	75
514	76	76
514	77	77

515	2	2
515	3	4
515	5	5
515	6	6
515	7	7
515	9	9
515	10	10
515	12	13
515	14	15
515	16	16
515	17	19
515	20	20
515	21	22
515	23	24
515	25	26
515	27	28
515	29	29
515	30	32
515	33	34
515	35	36
515	37	38
515	39	42
515	43	43
515	44	44
515	45	46
515	48	51
515	52	52
515	53	57
515	58	58
515	59	59
515	60	61
515	62	63
515	64	64
515	65	66
515	67	68
515	69	69
515	70	73
515	74	75
515	76	76

