1	0	1

2	0	6
2	7	10
2	11	12

3	0	1
3	2	2
3	3	3
3	5	8
3	10	10
3	12	15

4	2	2
4	3	4
4	5	7
4	8	8
4	9	11
4	12	12
4	13	14
4	15	16
4	17	18

5	2	6
5	8	10
5	12	20
5	22	31
5	33	34
5	36	38
5	39	39
5	40	47
5	49	53
5	55	66
5	68	68
5	69	76
5	77	77

6	0	3
6	4	4
6	5	6
6	7	7
6	8	9
6	11	12

7	0	1
7	2	3
7	4	4
7	5	6

8	0	0
8	2	2

9	0	0
9	1	1

10	0	0
10	2	3
10	5	5

11	0	0
11	1	3
11	4	5
11	6	7
11	9	9

12	0	0
12	1	2
12	3	3
12	4	5
12	7	7

13	0	0
13	1	2
13	3	4
13	5	6
13	8	8

14	1	3
14	4	5
14	6	6
14	7	8
14	10	10

15	1	3
15	4	5
15	6	7
15	9	9

16	1	3
16	4	5
16	6	7
16	8	9
16	11	11

17	1	3
17	4	5
17	6	7
17	9	9

18	0	0
18	1	2
18	3	4
18	5	6
18	10	10

19	1	3
19	4	5
19	6	7
19	9	9

20	1	3
20	4	5
20	6	7
20	9	9

21	0	0
21	1	2
21	3	4
21	5	6
21	7	8
21	10	10

22	0	0
22	1	2
22	3	3
22	4	4
22	5	6
22	7	8
22	11	11

23	1	3
23	4	5
23	6	6
23	7	7
23	8	9
23	10	11
23	13	13

24	1	3
24	4	5
24	6	6
24	7	7
24	8	9
24	10	11
24	13	13

25	1	3
25	4	5
25	6	6
25	7	7
25	8	9
25	11	11

26	0	0
26	1	2
26	3	3
26	4	5
26	6	6
26	7	8
26	10	10

27	1	3
27	4	5
27	6	6
27	7	8
27	10	10

28	1	3
28	4	5
28	6	6
28	7	8
28	10	10

29	0	1
29	2	2
29	4	4
29	5	7
29	8	9
29	10	10
29	11	13
29	14	14
29	15	17
29	18	18
29	19	20
29	21	21
29	22	23
29	24	25
29	27	27

30	0	1
30	2	2
30	4	4
30	5	7
30	8	9
30	10	10
30	11	12
30	13	14
30	16	17

31	0	1
31	2	2
31	4	4
31	5	7
31	8	9
31	10	10
31	11	13
31	14	14
31	15	17
31	18	18
31	19	20
31	21	22
31	23	24
31	25	26
31	27	28
31	30	31

32	0	1
32	2	2
32	4	4
32	5	7
32	8	9
32	10	10
32	11	13
32	14	14
32	15	17
32	18	18
32	19	20
32	21	22
32	23	24
32	25	26
32	28	29

33	0	0
33	1	2

34	0	0
34	2	2

35	1	1
35	2	3
35	4	5
35	6	7
35	8	8
35	9	9
35	11	13
35	14	14
35	15	18
35	20	20
35	21	23
35	24	25
35	26	27
35	29	29
35	30	30
35	31	32
35	33	33
35	34	35
35	36	36
35	37	38
35	39	39
35	40	41
35	42	42
35	43	44
35	45	45
35	46	47
35	48	49
35	50	50
35	52	52
35	53	54
35	55	55
35	56	64
35	65	66
35	67	67

36	1	1
36	2	3
36	4	4
36	5	6
36	7	10
36	11	12
36	13	14
36	15	15
36	16	17
36	18	19
36	20	22
36	23	24
36	25	27
36	28	28
36	29	31
36	32	32
36	33	37
36	38	38
36	39	40
36	41	41

37	1	1
37	2	3
37	4	5
37	6	7
37	8	9
37	10	10
37	11	12
37	13	14
37	15	16
37	17	19
37	20	20

38	2	2
38	3	4
38	5	6
38	7	8
38	9	10
38	11	11
38	12	13
38	14	16
38	17	20
38	21	21
38	22	23
38	24	26
38	27	30
38	31	31
38	32	33
38	34	36
38	37	40
38	41	42
38	43	43
38	45	45
38	46	48
38	49	49
38	50	51
38	52	53
38	54	57
38	58	59
38	60	61
38	62	64
38	65	65
38	66	67
38	68	70
38	71	74
38	75	76
38	77	78
38	79	81
38	82	82

39	2	2
39	3	4
39	5	6
39	7	9
39	10	10
39	11	11
39	12	13
39	14	14
39	15	16
39	17	17
39	18	18
39	19	21
39	22	22
39	23	24
39	25	25
39	26	26
39	27	28
39	29	29
39	30	32
39	33	33
39	34	35
39	36	36
39	37	37
39	38	39
39	40	40
39	41	43
39	44	44
39	46	47
39	48	48
39	49	50
39	51	51
39	52	53
39	54	54
39	55	57
39	58	58
39	59	61
39	62	62
39	63	64
39	65	65
39	66	66
39	67	68
39	69	69
39	70	72
39	73	73
39	74	76
39	77	77
39	78	79
39	80	80
39	81	81
39	82	83
39	84	84
39	85	86
39	87	87
39	89	91
39	92	92

40	2	2
40	3	4
40	5	5
40	6	7
40	8	9
40	10	10
40	11	11
40	12	13
40	14	14
40	15	16
40	17	18
40	19	19
40	20	28
40	29	31
40	32	35
40	36	36
40	37	39
40	40	42
40	43	43
40	45	45
40	46	47
40	48	48
40	49	54
40	55	55
40	56	56

41	0	0
41	1	2
41	3	5
41	6	6
41	7	9
41	10	10
41	11	12
41	13	14
41	15	16

42	0	0
42	1	2

43	2	2
43	3	6
43	7	7
43	8	9
43	10	10
43	11	12
43	13	13
43	14	15
43	16	18
43	19	19
43	20	22
43	23	23
43	24	24
43	25	26
43	27	28
43	29	30
43	31	31
43	32	33
43	34	35
43	36	37
43	38	38
43	39	40
43	41	42
43	43	43
43	45	45
43	46	47
43	48	48
43	49	50
43	51	51
43	52	52
43	53	54
43	55	56
43	57	57
43	58	59
43	60	60
43	61	62
43	63	63
43	64	65
43	66	67
43	68	68

44	2	2
44	3	4
44	5	6
44	7	7
44	8	9
44	10	11
44	12	13
44	14	14
44	15	17
44	19	19
44	20	21
44	22	22
44	24	25
44	26	26
44	27	31
44	32	32
44	33	34
44	35	35
44	36	37
44	38	40
44	41	41
44	42	44
44	45	45
44	46	46

45	0	0
45	1	3
45	4	5
45	6	7

46	2	3
46	4	5
46	6	7
46	8	8
46	9	10
46	11	11
46	12	13
46	14	14
46	15	18
46	19	19
46	20	20
46	21	22
46	23	23
46	24	25
46	26	26
46	27	28
46	29	30
46	31	31
46	32	33
46	34	35
46	36	36
46	37	38
46	39	40
46	41	41
46	42	43
46	45	45
46	46	46
46	47	48
46	49	50
46	51	52
46	53	53
46	54	55
46	56	57
46	58	58
46	59	59
46	60	61
46	62	63
46	64	64
46	65	66
46	67	68
46	69	69
46	70	71
46	72	72
46	73	73
46	74	75
46	76	77
46	78	79
46	80	80

47	2	3
47	4	4
47	5	5
47	7	9
47	10	10
47	11	14
47	15	17
47	18	19
47	20	21
47	22	23
47	24	25
47	26	27

48	2	3
48	4	4
48	5	5
48	7	9
48	10	11
48	12	13
48	14	15
48	16	17
48	18	19
48	20	21

49	2	3
49	4	4
49	5	8
49	9	9
49	10	11
49	12	14
49	15	16
49	17	18
49	19	20
49	21	22

50	2	3
50	4	4
50	5	5
50	7	10
50	11	11
50	12	15
50	16	16
50	17	18
50	19	21
50	22	22
50	23	25
50	26	26
50	27	28
50	29	30
50	31	32

51	0	0
51	1	2
51	3	3
51	4	5

52	2	3
52	4	5
52	6	6
52	7	8
52	9	10
52	11	12
52	13	14
52	15	15

53	0	2

54	2	3
54	4	5
54	6	6
54	8	16
54	18	25

55	2	3
55	4	4
55	5	6
55	7	8
55	9	10
55	11	12
55	13	13
55	14	15
55	16	17
55	18	18
55	19	19
55	20	21
55	22	22
55	23	24
55	25	25
55	26	27
55	28	28
55	29	30
55	31	31
55	32	32

56	2	4
56	5	5
56	6	6
56	8	10
56	11	11
56	12	15
56	16	16
56	17	18
56	20	22
56	23	23
56	24	24
56	25	25

57	0	2
57	3	3
57	4	4

58	2	2
58	3	3
58	4	5
58	6	6
58	8	12
58	14	21

59	2	2
59	3	4
59	5	5
59	6	7
59	8	8
59	9	10
59	11	12
59	13	14
59	15	16
59	17	17
59	18	18
59	19	19
59	20	21
59	22	22
59	23	23

60	0	2
60	3	3
60	4	4

61	2	3
61	4	5
61	6	6
61	7	11
61	13	20

62	2	2
62	3	4
62	5	5
62	6	7
62	8	8
62	9	10
62	11	12
62	13	13
62	14	15
62	16	17
62	18	18
62	19	20
62	21	21
62	22	22

63	0	2

64	2	3
64	4	5
64	7	15
64	17	25

65	2	3
65	4	5
65	6	7
65	8	8
65	9	10
65	11	12
65	13	14
65	15	16
65	17	17
65	18	20
65	21	22
65	23	24
65	25	25
65	26	27
65	28	28
65	29	30
65	31	32
65	33	33
65	34	37
65	38	39
65	40	40
65	41	42
65	43	43
65	45	45
65	46	46
65	47	48
65	49	50
65	51	52
65	53	54
65	55	56
65	57	57

66	0	2

67	2	3
67	4	5
67	7	15
67	17	25

68	2	3
68	4	5
68	6	6
68	7	8
68	9	9
68	10	10
68	11	12
68	13	13
68	14	15
68	16	17
68	18	19
68	20	20
68	21	22
68	23	24
68	25	25
68	26	27
68	28	29
68	30	30
68	31	32
68	33	33
68	34	35
68	36	36
68	37	38
68	39	40
68	41	42
68	43	43

69	0	2
69	3	3
69	4	4

70	2	2
70	4	4
70	5	6
70	8	13
70	15	23

71	2	2
71	3	4
71	5	5
71	6	7
71	8	9
71	10	10
71	11	11
71	12	13
71	14	15
71	16	16
71	17	18
71	19	19
71	20	20
71	21	22
71	23	23
71	24	24
71	25	26
71	27	28
71	29	30
71	31	31
71	32	33
71	34	34
71	35	36
71	37	38
71	39	40
71	41	42
71	43	43

72	0	2
72	3	3
72	4	4

73	2	3
73	4	5
73	7	15
73	17	25

74	2	3
74	4	4
74	5	5
74	6	7
74	8	8
74	9	10
74	11	11
74	12	15
74	16	16
74	17	18
74	19	20
74	21	22
74	23	24
74	25	26
74	27	27
74	28	28
74	29	29
74	30	31
74	32	33
74	34	35
74	36	36
74	37	38
74	39	39
74	40	41
74	42	43

75	0	1
75	2	2
75	3	3
75	5	8
75	10	10
75	12	15

76	0	1
76	2	2
76	3	4
76	5	6
76	7	8
76	9	9
76	10	10
76	11	12
76	13	13

77	0	2
77	3	3
77	4	4

78	3	4
78	5	6
78	8	15
78	17	25

79	3	4
79	5	6
79	7	8
79	9	9
79	10	11
79	12	13
79	14	14
79	15	15
79	16	17
79	18	18
79	19	20
79	21	22
79	23	24
79	25	26
79	27	27
79	28	29
79	30	30
79	31	32
79	33	34
79	35	36
79	37	37
79	38	38
79	39	40
79	41	42
79	43	44
79	46	47
79	48	48

80	0	2
80	3	3
80	4	4

81	2	3
81	4	5
81	7	13
81	15	23

82	2	3
82	4	5
82	6	7
82	8	8
82	9	10
82	11	12
82	13	14
82	15	16
82	17	17
82	18	19
82	20	20
82	21	22
82	23	24
82	25	26
82	27	28
82	29	29

83	0	2

84	2	3
84	4	5
84	7	17
84	19	25
84	27	35

85	2	3
85	4	4
85	5	6
85	7	7
85	8	9
85	10	10
85	11	11
85	12	13
85	14	14
85	15	16
85	17	18
85	19	20
85	21	24
85	25	25
85	26	27
85	28	29
85	30	31
85	32	32

86	2	2
86	3	4
86	5	5
86	6	6
86	8	10
86	11	11
86	12	15
86	16	16
86	17	18
86	20	22
86	23	23
86	24	25
86	26	26

87	0	2

88	3	4
88	5	6
88	8	13
88	15	20

89	3	3
89	4	5
89	6	6
89	7	8
89	9	9
89	10	10
89	11	11
89	12	12
89	13	14
89	15	15
89	16	16
89	17	17
89	18	18
89	19	20
89	21	22
89	23	24
89	25	26
89	27	27
89	28	29
89	30	31
89	32	33
89	34	35
89	36	37
89	38	38
89	39	39
89	40	41
89	42	43
89	44	44
89	46	46
89	47	47
89	48	49
89	50	51
89	52	53
89	54	54
89	55	55
89	56	56
89	57	57
89	58	59
89	60	60
89	61	61
89	62	62
89	63	63
89	64	65
89	66	66
89	67	68
89	69	70
89	71	71
89	72	73
89	74	74
89	75	76
89	77	78
89	79	79
89	80	81
89	82	83
89	84	85
89	86	86
89	87	87
89	88	89
89	91	92
89	93	94
89	95	95
89	96	97
89	98	99
89	100	100
89	101	101
89	102	103
89	104	104
89	105	106
89	107	108
89	109	110
89	111	111

90	3	3
90	4	5
90	6	6
90	7	7
90	9	11
90	12	12
90	13	16
90	17	17
90	18	19
90	21	23
90	24	24
90	25	26
90	27	27

91	0	2

92	3	4
92	5	6
92	8	15
92	17	22

93	3	4
93	5	6
93	7	8
93	9	10
93	11	12
93	13	14
93	15	16
93	17	18
93	19	19
93	20	21
93	22	23
93	24	25
93	26	27
93	28	28
93	29	30
93	31	31
93	32	33
93	34	35
93	36	37
93	38	38
93	39	39
93	40	40
93	41	42
93	43	43
93	44	44
93	46	46
93	47	48
93	49	50
93	51	52
93	53	54
93	55	55

94	0	2

95	3	4
95	6	12
95	14	18

96	3	4
96	5	6
96	7	8
96	9	9
96	10	11
96	12	12
96	13	13
96	14	15
96	16	16
96	17	17
96	18	18
96	19	20
96	21	21
96	22	23
96	24	24
96	25	25
96	26	27
96	28	29
96	30	30
96	31	31
96	32	33
96	34	35
96	36	36
96	37	37
96	38	39
96	40	43
96	45	45
96	46	47
96	48	49
96	50	51
96	52	52
96	53	54
96	55	56
96	57	57
96	58	59
96	60	61
96	62	62
96	63	63
96	64	64
96	65	66
96	67	67
96	68	69
96	70	70
96	71	71
96	72	73
96	74	75
96	76	76
96	77	77
96	78	79
96	80	80
96	81	81
96	82	83
96	84	84
96	85	87
96	89	90
96	91	91

97	0	2

98	2	2
98	4	4
98	5	6
98	8	18
98	20	21
98	23	27
98	29	29

99	2	3
99	4	5
99	6	8
99	9	10
99	11	11
99	12	13
99	14	14
99	15	16
99	17	17
99	18	19
99	20	21
99	22	22

100	2	2
100	3	4
100	5	5
100	6	6
100	8	11
100	12	12
100	13	16
100	17	17
100	18	19
100	21	23
100	24	24
100	25	25
100	26	26

101	0	2

102	2	2
102	4	4
102	5	6
102	8	18
102	20	21
102	23	27
102	29	29

103	2	3
103	4	6
103	7	7
103	8	9
103	10	10
103	11	12
103	13	13
103	14	15
103	16	17
103	18	18
103	19	20
103	21	21
103	22	23
103	24	24
103	25	26
103	27	28
103	29	29

104	2	2
104	3	4
104	5	5
104	6	6
104	8	11
104	12	12
104	13	16
104	17	17
104	18	19
104	21	23
104	24	24
104	25	25
104	26	26

105	0	0
105	1	2
105	3	4
105	5	6

106	0	2
106	3	4
106	5	5
106	6	7

107	3	4
107	5	6
107	7	8
107	9	10
107	11	13
107	14	14
107	15	16
107	17	18
107	19	20
107	21	21
107	22	23
107	24	24
107	25	25
107	26	27
107	28	31
107	32	32
107	33	34
107	35	38
107	39	39
107	40	41
107	42	43
107	44	44
107	46	47
107	48	49
107	50	51
107	52	52
107	53	54
107	55	58
107	59	59
107	60	61
107	62	63
107	64	65
107	66	66
107	67	67
107	68	68
107	69	69
107	70	70
107	71	71
107	72	72
107	73	73
107	74	75
107	76	77
107	78	79
107	80	80
107	81	82
107	83	83
107	84	86
107	87	88
107	90	91
107	92	92

108	0	2
108	3	4
108	5	6

109	3	4
109	5	6
109	7	8
109	9	10
109	11	12
109	13	13
109	14	14
109	15	16
109	17	18
109	19	19
109	20	21
109	22	23
109	24	24
109	25	25
109	26	26
109	27	28
109	29	30
109	31	32
109	33	33
109	34	35
109	36	37
109	38	38
109	39	40
109	41	42
109	43	44
109	45	45
109	47	48
109	49	49
109	50	51
109	52	53
109	54	54
109	55	56
109	57	58
109	59	59
109	60	61
109	62	63
109	64	65
109	66	67
109	68	69
109	70	71
109	72	72
109	73	74
109	75	75

110	0	2
110	3	4
110	5	6
110	7	8

111	3	4
111	5	6
111	7	8
111	9	12
111	13	13
111	14	15
111	16	16
111	17	20
111	21	21
111	22	24
111	25	26
111	27	28
111	29	29
111	30	31
111	32	32
111	33	34
111	35	36
111	37	37
111	38	39
111	40	41
111	42	42
111	43	44
111	46	49
111	50	50
111	51	52
111	53	53

112	0	2
112	3	4
112	5	6

113	3	4
113	5	6
113	7	7
113	8	8
113	9	9
113	10	11
113	12	12
113	13	14
113	15	16
113	17	18
113	19	19
113	20	21
113	22	22
113	23	24
113	25	26
113	27	27
113	28	29
113	30	30
113	31	32
113	33	34
113	35	35
113	36	37
113	38	39
113	40	40
113	41	42
113	43	44
113	46	47
113	48	49
113	50	50
113	51	51

114	0	0
114	1	2
114	3	4
114	5	6

115	0	2
115	3	4
115	5	6

116	3	3
116	4	5
116	6	6
116	7	8
116	9	10
116	11	12
116	13	14
116	15	15
116	16	16
116	17	18
116	19	20
116	21	22
116	23	23
116	24	25
116	26	26
116	27	28
116	29	30
116	31	31
116	32	33
116	34	35
116	36	37
116	38	39
116	40	40
116	41	42
116	43	43
116	44	44
116	46	47
116	48	49
116	50	50

117	0	2
117	3	4
117	5	6

118	2	2
118	3	4
118	5	6
118	7	8
118	9	10
118	11	12
118	13	14
118	15	15

119	0	0
119	1	1
119	3	4
119	5	6
119	7	7
119	8	9
119	10	11
119	12	12
119	13	13
119	14	14
119	15	16
119	17	18
119	19	19
119	20	21
119	22	23
119	24	24
119	25	26
119	27	28
119	29	29
119	30	31
119	32	33
119	34	34
119	35	36
119	37	38
119	39	39
119	40	41
119	42	43
119	45	45
119	46	47
119	48	48
119	49	50
119	51	51
119	52	53
119	54	55
119	56	56
119	57	58
119	59	60
119	61	61
119	62	63
119	64	65
119	66	66
119	67	68
119	69	70
119	71	71
119	72	73
119	74	75
119	76	76
119	77	78
119	79	81
119	82	83
119	84	85
119	87	88
119	89	89

120	0	0
120	1	1
120	3	4
120	5	6
120	7	7
120	8	9
120	10	11
120	12	12
120	13	13
120	14	14
120	15	16
120	17	18
120	19	20
120	21	21
120	22	23
120	24	25
120	26	26
120	27	28
120	29	29
120	30	30
120	31	32
120	33	34
120	35	35
120	36	37
120	38	38
120	39	40
120	41	42
120	43	43
120	45	46
120	47	48
120	49	49

121	0	0
121	1	1
121	2	3
121	4	5
121	6	7
121	8	8
121	9	10
121	11	12
121	13	14
121	15	16
121	17	17
121	18	18
121	19	19
121	20	21
121	22	23
121	24	25
121	26	26
121	27	28
121	29	30
121	31	31
121	32	33
121	34	35
121	36	36
121	37	38
121	39	40
121	41	41
121	42	42
121	44	44
121	45	46
121	47	48
121	49	49
121	50	51
121	52	53
121	54	54
121	55	56
121	57	57
121	58	59
121	60	61
121	62	62
121	63	64
121	65	66
121	67	67

122	0	0
122	1	1
122	2	3
122	4	5
122	6	6
122	7	8
122	9	9
122	10	11
122	12	13
122	14	14
122	15	15
122	16	17
122	18	18
122	19	19
122	20	20
122	21	21
122	22	23
122	24	25
122	26	27
122	28	29
122	30	31
122	32	32
122	33	34
122	35	36
122	37	37
122	38	38
122	39	40
122	41	42
122	44	44
122	45	46
122	47	48
122	49	49

123	0	0
123	1	2
123	3	4
123	5	6
123	7	8

124	2	3
124	4	5
124	6	7
124	8	9
124	10	11
124	12	12

125	0	0
125	1	1
125	3	4
125	5	6
125	7	8
125	9	10
125	11	11
125	12	12
125	13	14
125	15	16
125	17	18
125	19	21
125	22	22
125	23	24
125	25	26
125	27	28
125	29	29
125	30	31
125	32	35
125	36	36
125	37	38
125	39	40
125	41	42
125	43	43
125	45	46
125	47	50
125	51	51
125	52	53
125	54	55
125	56	57
125	58	58
125	59	60
125	61	61
125	62	63
125	64	65
125	66	67
125	68	68
125	69	70
125	71	71

126	0	0
126	1	1
126	3	3
126	4	5
126	6	7
126	8	9
126	10	10
126	11	12
126	13	13
126	14	15
126	16	16
126	17	18
126	19	19
126	20	21
126	22	23
126	24	24
126	25	26
126	27	27
126	28	29
126	30	31
126	32	32
126	33	34
126	35	35
126	36	37
126	38	39
126	40	41
126	42	43
126	45	45
126	46	46
126	47	48
126	49	49
126	50	50
126	51	52
126	53	54
126	55	56
126	57	57
126	58	59
126	60	60
126	61	62
126	63	63
126	64	65
126	66	66
126	67	68
126	69	70
126	71	71
126	72	73
126	74	75
126	76	76
126	77	78
126	79	80
126	81	81
126	82	82
126	83	83
126	84	84
126	85	85
126	87	87
126	88	88
126	89	90
126	91	91
126	92	93
126	94	95
126	96	96
126	97	97
126	98	99
126	100	101
126	102	103
126	104	104
126	105	105
126	106	107
126	108	108
126	109	109
126	110	111
126	112	112
126	113	113

127	0	0
127	1	1
127	3	4
127	5	6
127	7	10
127	11	12
127	13	13
127	14	14
127	15	15
127	16	17
127	18	19
127	20	20
127	21	22
127	23	24
127	25	25
127	26	27
127	28	29
127	30	30
127	31	32
127	33	34
127	35	36
127	37	38
127	39	39
127	40	40
127	41	42
127	43	43
127	45	45
127	46	47
127	48	48

128	2	2
128	3	3
128	5	6
128	7	8
128	9	10
128	11	12
128	13	14
128	15	15
128	16	16
128	17	18
128	19	20
128	21	21
128	22	22
128	23	24
128	25	26
128	27	27
128	28	31
128	32	33
128	34	35
128	36	37
128	38	39
128	40	40
128	41	42
128	43	44
128	45	46
128	47	48
128	49	49

129	2	2
129	3	3
129	5	6
129	7	8
129	9	9
129	10	10
129	11	11
129	12	12
129	13	14
129	15	15
129	16	17
129	18	18
129	19	19
129	20	21
129	22	22
129	23	23
129	24	24
129	25	26
129	27	27

130	2	2
130	3	3
130	5	6
130	7	8
130	9	9
130	10	10
130	11	11
130	12	16
130	17	18
130	19	20
130	21	21
130	22	22
130	23	23
130	24	26
130	27	28
130	29	29
130	30	31
130	32	33
130	34	35
130	36	36
130	37	38
130	39	39

131	0	1
131	2	2
131	3	3
131	5	8
131	10	10
131	12	15

132	0	0
132	1	2
132	3	3
132	4	4
132	5	6
132	7	8

133	0	2
133	3	4
133	5	5
133	6	6
133	7	8
133	9	10

134	3	4
134	5	5
134	6	6
134	7	8
134	9	10
134	11	11
134	12	13
134	14	14
134	15	15
134	16	17
134	18	19
134	20	21
134	22	22
134	23	24
134	25	25
134	26	26
134	27	27
134	28	28
134	29	29
134	30	30
134	31	31
134	32	32
134	33	33
134	34	34
134	35	35
134	36	36
134	37	37
134	38	38
134	39	40
134	41	42
134	43	43
134	44	44
134	45	45
134	47	47
134	48	48
134	49	49
134	50	50
134	51	51
134	52	52
134	53	54
134	55	55
134	56	56
134	57	58
134	59	59
134	60	60
134	61	61
134	62	62
134	63	63
134	64	64
134	65	66
134	67	68
134	69	69
134	70	71
134	72	72
134	73	73
134	74	74
134	75	75
134	76	76
134	77	77
134	78	78
134	79	80
134	81	82
134	83	83
134	84	85
134	86	86
134	87	89
134	90	90
134	91	92
134	94	94
134	95	95
134	96	97
134	98	98
134	99	100
134	101	102
134	103	103
134	104	105
134	106	106
134	107	107

135	0	0
135	1	1
135	2	3
135	4	4
135	5	6
135	7	8
135	9	9
135	10	11

136	0	1
136	2	3
136	5	5
136	6	6
136	8	8
136	9	9
136	11	11
136	12	12
136	14	14
136	15	15

137	0	1
137	2	3
137	5	5
137	7	7
137	9	9
137	11	11

138	0	2
138	3	4
138	5	5
138	6	6
138	7	8
138	9	10

140	3	4
140	5	5
140	6	6
140	7	8
140	9	10
140	11	12
140	13	13
140	14	14
140	15	16
140	17	18
140	19	19
140	20	21
140	22	22
140	23	23
140	24	24
140	25	25
140	26	27
140	28	28
140	29	29
140	30	32
140	33	33
140	34	34
140	35	36
140	37	37
140	38	38
140	39	40
140	41	41
140	42	43
140	44	44
140	45	46
140	47	47
140	48	48
140	49	49
140	51	51
140	52	52
140	53	53
140	54	54
140	55	56
140	57	57
140	58	59
140	61	61
140	62	62

141	0	0
141	1	1
141	2	3
141	4	4
141	5	6
141	7	8
141	9	9
141	10	11

142	0	1
142	2	3
142	5	5
142	6	6
142	8	9
142	10	10
142	12	14
142	15	15
142	17	18
142	19	19

143	0	1
143	2	2
143	3	4
143	6	6
143	8	8
143	10	10
143	12	13

145	3	4
145	5	6
145	7	7
145	8	8
145	9	10
145	11	12
145	13	13
145	14	14
145	15	16
145	17	18
145	19	19
145	20	20
145	21	22
145	23	23
145	24	25
145	26	26
145	27	27
145	28	29
145	30	30
145	31	32
145	33	33
145	34	34
145	35	38
145	39	40
145	41	42
145	43	43
145	44	44
145	46	46
145	47	50
145	51	51
145	52	53
145	54	54
145	55	56
145	57	57
145	58	59
145	60	60
145	61	61
145	62	62
145	63	63
145	64	64
145	65	66
145	67	67
145	68	69
145	70	70
145	71	72
145	73	74
145	75	75
145	76	76
145	77	77
145	78	78
145	79	79
145	80	80
145	81	82
145	83	84
145	85	85
145	86	86
145	87	90
145	91	91
145	92	92
145	94	94
145	95	95
145	96	96
145	97	98
145	99	99
145	100	101
145	102	102
145	103	104
145	105	105
145	106	106
145	107	107
145	108	109
145	110	110

146	0	0
146	1	1
146	3	3
146	4	4
146	5	5
146	6	7
146	8	8
146	9	9
146	10	10
146	11	11
146	12	12
146	13	13
146	14	14
146	15	15
146	17	17
146	18	19
146	20	20
146	21	22
146	23	23
146	24	24
146	25	25
146	26	26
146	28	28
146	29	29
146	30	30

147	2	4
147	5	5
147	6	8
147	9	9
147	10	11
147	12	13
147	14	14
147	15	16
147	17	18
147	19	19
147	20	21
147	22	23
147	24	25
147	26	27
147	28	28
147	29	30
147	31	31
147	32	33
147	34	34
147	35	35

148	0	2
148	3	4
148	5	5
148	6	6
148	7	8

149	3	4
149	5	5
149	6	6
149	7	7
149	8	9
149	10	10
149	11	12
149	13	13
149	14	15
149	16	17
149	18	18
149	19	20
149	21	22
149	23	24
149	25	26
149	27	27
149	28	28
149	29	30
149	31	31
149	32	32
149	33	33
149	34	35
149	36	37
149	38	38
149	39	40
149	41	41
149	42	42
149	43	44
149	46	46
149	47	48
149	49	50
149	51	52
149	53	54
149	55	55
149	56	57
149	58	58
149	59	59
149	60	60
149	61	61
149	62	63
149	64	64
149	65	66
149	67	67
149	68	68
149	69	70
149	71	71

150	0	1
150	2	2
150	3	3
150	4	4
150	5	6
150	7	7
150	8	9
150	10	10
150	11	12
150	13	13
150	14	15
150	16	17
150	19	19
150	20	20
150	21	21

151	0	0
151	1	2
151	3	3
151	4	5
151	6	6
151	7	8

152	0	2
152	3	4
152	5	5
152	6	7

153	0	2
153	3	3
153	4	4
153	5	6
153	7	8
153	9	10

154	2	4
154	5	5
154	6	8
154	9	9
154	10	10
154	11	12
154	13	14
154	15	15
154	16	17
154	18	18
154	19	19
154	20	21
154	22	22
154	23	23

155	3	3
155	4	5
155	6	6
155	7	7
155	8	9
155	10	10
155	11	12
155	13	14
155	15	15
155	16	16
155	17	18
155	19	19
155	20	20
155	21	22
155	23	24
155	25	25
155	26	27
155	28	29
155	30	30
155	31	32
155	33	34
155	35	35
155	36	36
155	37	37
155	38	39
155	40	41
155	42	43
155	44	44
155	46	47
155	48	49
155	50	50
155	51	52
155	53	53
155	54	55
155	56	56
155	57	58
155	59	60
155	61	62
155	63	64
155	65	66
155	67	67
155	68	69
155	70	71
155	72	72
155	73	74
155	75	76
155	77	78
155	79	79
155	80	81
155	82	83
155	84	84
155	85	85
155	86	86
155	87	88
155	89	89
155	91	92
155	93	94
155	95	96
155	97	98
155	99	100
155	101	102
155	103	104
155	105	105

156	2	3
156	4	5
156	6	6
156	7	8
156	9	10
156	11	12
156	13	14
156	15	16
156	17	18

157	0	2
157	3	3
157	4	4
157	5	6
157	7	8
157	9	10

158	1	2
158	3	4
158	5	5
158	6	7
158	8	9
158	10	11
158	12	13
158	14	14
158	15	16
158	17	17
158	18	19
158	20	21
158	22	23
158	24	25
158	26	26
158	27	28
158	29	30
158	31	32
158	33	34
158	35	36
158	37	37
158	38	38
158	40	40
158	41	42
158	43	44
158	45	45
158	46	47
158	48	49
158	50	50
158	51	52
158	53	54
158	55	56
158	57	58
158	59	60
158	61	61
158	62	62
158	63	64
158	65	65
158	66	66
158	67	68
158	69	69
158	70	71
158	72	73
158	74	74

159	2	2
159	3	4
159	5	6
159	7	7
159	8	9
159	10	11
159	12	12
159	13	14
159	15	16
159	17	18
159	19	20
159	21	21
159	22	22
159	23	24
159	25	25
159	26	26
159	27	28
159	29	29
159	30	31
159	32	33
159	34	34

160	2	2
160	3	4
160	5	6
160	7	7
160	8	9
160	10	11
160	12	13
160	14	14
160	15	15
160	16	17
160	18	18
160	19	19
160	20	21
160	22	22
160	23	24
160	25	26
160	27	27
160	28	29
160	30	31
160	32	32

161	0	0
161	1	1
161	2	3
161	4	5
161	6	7

162	0	0
162	2	2
162	4	5
162	6	7
162	8	9
162	10	11

163	1	2
163	3	4
163	6	7
163	8	9
163	11	12
163	13	14
163	16	17
163	18	19

164	1	2
164	3	4
164	6	7
164	8	9
164	11	12
164	13	14
164	16	17
164	18	19
164	21	22
164	23	24
164	26	27
164	28	29

165	0	1
165	3	3
165	4	5
165	7	7
165	8	9
165	11	13
165	17	17
165	18	19
165	20	20
165	22	23
165	24	24
165	28	28
165	29	30
165	31	31
165	33	34
165	35	35
165	37	39

166	0	1
166	3	3
166	4	5
166	7	7
166	8	9
166	11	13
166	17	17
166	18	19
166	20	20
166	22	23
166	24	24
166	28	28
166	29	30
166	31	31
166	33	34
166	35	35
166	37	39

167	0	3
167	5	5
167	6	7
167	9	9
167	10	11
167	13	15
167	19	19
167	20	21
167	22	22
167	24	25
167	26	26
167	30	30
167	31	32
167	33	33
167	35	36
167	37	37
167	39	41

168	0	1
168	2	3
168	5	5
168	6	7
168	9	9
168	10	11
168	13	15
168	19	19
168	20	21
168	22	22
168	24	25
168	26	26
168	30	30
168	31	32
168	33	33
168	35	36
168	37	37
168	39	41

169	0	0
169	1	2
169	3	4
169	5	5
169	7	8
169	9	10
169	11	12
169	14	14
169	15	16
169	18	18
169	19	20
169	22	24
169	28	28
169	29	30
169	31	31
169	33	34
169	35	35
169	39	39
169	40	41
169	42	42
169	44	45
169	46	46
169	48	50

170	0	2
170	3	4
170	5	5
170	6	7

171	2	2
171	3	4
171	5	5
171	6	7
171	8	8
171	9	10
171	11	12
171	13	13
171	15	15
171	16	17
171	18	19
171	20	21
171	22	22
171	23	24
171	25	26
171	27	27
171	28	28
171	29	30
171	31	32
171	33	33
171	34	35
171	36	37
171	38	38
171	40	40
171	41	42
171	43	44
171	45	45

172	0	1
172	2	3
172	4	5
172	6	6
172	7	8
172	9	10
172	11	11
172	12	13
172	14	15
172	16	16
172	17	17
172	18	19
172	20	21
172	22	23
172	24	25
172	26	26
172	27	28
172	29	29
172	30	31
172	32	32

173	0	2
173	3	3
173	4	6
173	7	7
173	8	9
173	10	11
173	12	13
173	14	15
173	16	17
173	18	19
173	20	21
173	22	22
173	23	23
173	24	25
173	26	27
173	28	29
173	30	31
173	32	33
173	34	35
173	36	36
173	37	37

175	0	1
175	2	2

176	0	0
176	1	3
176	4	5
176	6	6

177	0	2
177	3	3
177	4	6
177	7	7
177	8	9
177	10	10
177	11	12
177	13	14

178	0	2
178	3	5
178	6	6
178	7	9
178	10	10
178	11	12
178	13	14
178	15	15
178	16	17
178	18	19

179	2	4
179	5	5
179	6	8
179	9	9
179	10	11
179	12	13
179	14	14
179	15	16
179	17	18
179	19	20
179	21	23
179	24	24

180	0	0
180	1	3
180	4	6
180	7	7
180	8	10
180	11	11
180	12	13
180	14	15
180	16	16
180	17	18
180	19	21

181	0	1
181	3	4
181	5	6
181	7	7
181	9	10
181	12	13
181	15	16
181	18	19
181	21	22
181	23	24
181	26	27
181	29	30
181	32	32
181	33	34
181	35	35
181	36	37
181	38	39
181	40	40
181	42	43
181	44	45
181	46	46
181	48	48
181	50	50

182	1	2
182	4	5
182	6	6
182	7	8

183	0	0
183	2	3
183	5	6
183	7	8
183	9	9
183	10	11
183	12	13
183	17	17
183	19	19
183	23	24
183	25	26
183	27	28
183	29	29
183	30	31
183	32	33
183	34	35
183	36	36
183	37	39
183	40	40
183	41	43
183	44	44
183	46	47
183	48	49
183	50	51
183	52	52
183	53	54
183	55	56
183	58	58
183	63	63
183	64	65
183	66	67
183	68	69
183	70	71
183	72	73
183	74	75
183	77	78
183	79	79
183	80	80
183	81	82
183	83	83
183	84	85
183	86	86
183	87	88
183	89	90
183	92	92
183	93	94
183	95	96
183	97	97
183	98	99
183	100	100
183	101	104
183	105	105
183	107	108
183	109	110
183	111	111
183	112	113
183	114	116
183	117	117
183	118	118
183	119	120
183	122	123

184	5	6
184	8	8
184	12	13
184	14	15
184	16	17
184	18	18
184	19	20
184	21	22
184	23	24
184	25	25
184	26	28
184	29	29
184	30	32
184	33	33
184	35	35
184	36	36
184	37	38

185	5	6
185	10	11
185	15	16
185	17	18
185	19	20
185	21	22
185	23	24
185	25	26
185	27	28
185	29	31
185	32	33
185	34	34
185	35	35
185	37	37
185	38	39

186	0	0
186	3	4
186	5	6
186	7	8
186	12	12
186	14	14
186	18	19
186	20	21
186	22	23
186	24	25
186	26	27
186	28	29
186	30	31
186	32	34
186	35	36
186	37	37
186	38	38
186	40	40
186	41	42
186	44	44
186	49	50
186	51	52
186	53	53
186	54	57
186	58	58
186	59	60

187	0	2
187	3	3
187	4	4
187	5	5
187	6	7
187	8	9
187	10	11
187	12	13

188	0	0
188	3	5
188	6	6
188	7	8
188	12	12
188	14	14
188	18	19
188	20	21
188	22	23
188	24	25
188	26	27
188	28	29
188	30	30
188	31	32
188	33	34
188	35	36
188	37	37
188	39	39
188	40	41
188	43	43

189	0	0
189	3	3
189	4	5
189	9	9
189	11	11
189	15	16
189	17	19
189	20	20
189	21	22
189	23	24
189	26	26
189	31	32
189	33	34
189	35	36
189	37	39
189	40	40
189	41	42
189	43	43
189	45	45
189	46	47

190	0	0
190	3	4
190	5	5
190	6	7
190	8	9
190	10	10
190	11	12
190	13	13
190	15	16
190	17	17
190	18	19
190	20	21
190	22	22
190	23	23
190	27	28
190	30	30
190	34	35
190	36	37
190	38	39
190	40	41
190	42	42
190	43	44
190	45	45
190	46	47
190	48	48
190	49	51
190	52	52
190	53	53
190	55	56
190	58	58

191	5	6
191	10	11
191	15	16
191	17	18
191	19	19
191	20	21
191	22	22
191	23	24
191	25	25
191	26	27
191	28	29

192	0	0
192	3	4
192	5	6
192	7	9
192	13	14
192	16	16
192	20	21
192	22	23
192	24	24
192	25	26
192	27	27
192	28	28
192	29	29
192	31	31

193	0	0
193	3	4
193	8	8
193	10	10
193	14	14
193	15	16
193	17	18
193	19	19
193	20	20
193	21	22
193	23	24
193	25	25
193	26	27
193	28	29
193	30	30
193	31	32
193	33	33
193	35	35

195	0	7
195	8	8
195	9	9
195	11	13

223	0	0
223	1	3
223	5	5
223	6	6
223	7	7

224	0	1

225	0	0
225	2	2
225	4	7
225	8	8
225	9	9
225	11	14

253	0	0
253	1	3
253	5	5
253	6	6
253	7	7

254	0	1
254	3	4
254	5	6
254	7	7
254	9	10
254	12	13
254	15	16
254	18	19
254	21	22
254	23	24
254	26	27
254	29	30
254	32	32
254	33	34
254	35	35
254	36	37
254	38	39
254	40	40
254	42	43
254	44	45
254	46	46
254	48	48
254	50	50

255	1	2
255	4	5
255	6	6
255	7	8

256	0	1
256	3	4
256	6	7
256	9	10
256	11	12
256	13	13
256	15	15
256	16	17
256	19	19
256	20	20
256	22	23
256	25	25
256	26	27
256	29	29
256	30	30
256	31	32
256	36	36
256	37	37
256	38	39
256	40	41
256	42	44
256	45	45
256	46	46
256	47	47
256	48	48
256	49	49
256	50	50
256	51	52
256	53	54
256	55	56
256	57	58
256	60	62
256	63	63
256	64	64
256	68	68
256	70	72

257	0	0
257	1	1
257	3	7
257	8	8

258	0	1
258	2	2
258	3	4
258	5	5
258	9	10
258	11	11
258	12	13
258	14	15
258	16	17
258	18	19
258	20	21
258	23	23
258	24	25

259	6	7
259	11	12
259	16	16
259	17	17
259	18	19
259	20	21
259	22	24
259	25	25
259	26	26
259	27	27
259	28	28
259	29	29
259	30	30
259	31	32
259	33	34
259	35	36
259	37	38

260	0	2
260	3	3
260	4	4

261	3	6
261	10	11
261	15	15
261	19	20
261	21	22
261	23	24
261	25	26
261	27	27
261	28	28
261	29	33
261	34	34
261	35	36
261	37	39
261	40	40
261	41	41
261	42	42
261	44	45
261	46	47
261	48	49
261	50	50
261	51	51
261	52	52
261	53	53
261	54	54
261	55	55
261	56	56
261	57	57
261	58	59
261	60	61
261	62	63
261	67	67

262	6	7
262	11	12
262	16	17
262	18	19
262	20	21
262	22	23
262	24	24
262	25	25
262	26	26
262	27	28
262	29	30
262	31	31
262	32	33
262	34	35
262	36	36
262	38	38
262	39	40

263	3	4
263	8	9
263	13	13
263	17	17
263	18	19
263	20	21
263	22	26
263	27	27
263	28	28
263	32	32

264	3	4
264	5	5
264	6	8
264	12	13
264	17	17
264	21	22
264	23	24
264	25	25
264	26	27
264	28	29
264	33	33

265	0	1
265	4	6
265	7	9
265	11	13
265	14	14
265	15	16
265	18	18
265	20	20
265	21	23
265	26	26
265	27	27
265	28	28
265	32	34
265	35	37
265	38	38
265	39	40
265	41	42
265	43	43
265	44	45
265	49	49

266	5	6
266	10	10
266	14	16
266	17	19
266	20	20
266	21	22
266	23	24

267	0	1
267	4	5
267	6	7
267	11	12
267	16	17
267	21	24
267	25	25
267	26	28
267	29	29
267	30	31
267	32	33
267	34	35
267	39	39
267	44	45
267	46	48
267	49	49
267	50	50
267	51	52
267	53	54
267	55	56
267	58	59
267	60	61

268	0	1
268	3	4
268	6	6
268	7	8
268	9	9
268	10	11
268	12	13
268	14	14
268	15	16
268	18	18
268	19	19
268	20	20
268	21	21
268	22	22
268	23	23
268	24	24
268	25	25
268	26	27
268	28	28
268	30	31
268	32	33
268	37	38
268	42	42
268	46	47
268	48	49
268	50	50
268	51	52
268	56	56

269	5	6
269	10	11
269	15	16
269	17	18
269	19	19
269	20	21

270	0	1
270	4	4
270	5	6
270	7	8
270	9	10
270	11	12
270	16	17
270	21	21
270	25	26
270	27	28
270	29	29
270	30	31
270	32	33
270	34	35
270	36	37
270	38	39
270	40	41
270	42	43
270	44	44
270	46	46
270	47	48
270	52	52

271	0	1
271	4	5
271	6	7
271	8	9
271	10	10
271	14	15
271	19	19
271	23	25
271	26	29
271	30	30
271	31	32
271	33	34
271	35	36
271	37	37
271	38	39
271	40	41
271	42	42
271	46	46

272	0	1
272	4	5
272	6	6
272	7	8
272	9	10
272	11	11
272	12	13
272	14	14
272	16	17
272	18	18
272	19	20
272	21	22
272	23	23
272	24	24
272	28	29
272	33	33
272	37	38
272	39	39
272	40	42
272	43	43
272	44	45
272	46	46
272	47	48
272	49	49
272	50	50
272	51	52
272	53	54
272	55	56
272	57	57
272	61	61

273	0	1
273	4	5
273	6	7
273	8	8
273	9	10
273	14	15
273	19	19
273	23	24
273	25	25
273	26	26
273	27	28
273	29	29
273	30	30
273	31	32
273	33	33
273	34	34
273	35	36
273	37	38
273	39	40
273	41	41
273	45	45

275	2	4
275	5	7
275	8	9
275	10	11
275	12	12
275	13	14
275	15	16

276	4	6
276	7	8
276	9	10
276	11	11
276	12	13
276	14	15
276	16	17
276	18	20
276	21	21

278	0	0
278	2	2
278	3	5
278	6	8
278	9	10
278	11	12
278	13	13
278	14	15
278	16	18
278	20	20
278	22	22

279	1	2
279	4	5
279	6	7
279	8	8
279	10	11
279	13	14
279	16	17
279	19	20
279	22	23
279	24	25
279	27	28
279	30	31
279	33	33
279	34	35
279	36	36
279	37	38
279	39	40
279	41	41
279	43	44
279	45	46
279	47	47
279	49	49
279	51	51
279	54	54

280	1	1

281	1	1

282	1	2

283	1	1

284	0	0

285	2	3
285	5	6
285	7	7
285	8	9

286	1	1
286	3	4
286	6	6
286	7	8
286	12	13
286	17	18
286	22	22
286	23	24
286	25	25
286	26	26
286	27	27
286	28	31
286	32	32
286	33	33
286	34	34
286	35	35
286	36	36
286	37	38
286	42	42

287	1	1
287	4	5
287	9	9
287	13	13
287	14	14
287	18	19
287	20	20
287	21	22
287	23	24
287	25	25
287	26	26
287	27	27
287	28	29
287	30	30
287	31	32
287	33	33
287	34	35
287	36	37
287	41	41

288	6	7
288	11	12
288	16	17
288	18	19
288	20	21
288	22	23

289	1	1
289	4	5
289	6	7
289	11	12
289	16	17
289	21	22
289	23	24
289	28	28

290	1	1
290	4	5
290	6	7
290	11	11
290	15	15
290	19	20
290	21	22
290	23	29
290	30	30
290	31	31
290	32	32
290	33	34
290	35	40
290	44	44

291	1	1
291	4	5
291	6	7
291	8	9
291	13	15
291	19	19
291	23	24
291	25	26
291	27	27
291	28	29
291	30	31
291	32	33
291	34	34
291	35	37
291	38	38
291	39	39
291	40	41
291	42	43

292	0	2
292	6	6

293	6	7
293	11	11
293	15	16
293	17	18
293	19	20
293	21	22
293	23	24

294	1	1
294	4	6
294	10	11
294	15	15
294	19	19
294	20	21
294	22	22
294	23	23
294	24	25
294	26	27
294	28	28
294	29	30
294	31	31
294	32	33
294	34	35
294	36	37
294	41	41

295	6	8
295	12	12
295	16	16
295	17	18
295	19	19
295	20	20
295	21	22
295	23	24
295	25	25
295	26	27
295	28	28
295	29	30
295	31	32
295	33	34

296	1	1
296	4	5
296	6	7
296	9	10
296	11	12
296	14	17
296	21	22
296	26	26
296	30	33
296	34	35
296	36	37
296	38	39
296	40	40
296	44	44
296	46	48

297	0	0
297	1	4
297	5	5
297	6	8
297	9	9
297	11	12
297	13	13
297	17	18
297	19	19
297	20	21
297	22	23
297	24	25
297	26	27
297	28	29
297	31	32

298	4	6
298	10	11
298	15	15
298	19	21
298	22	23
298	24	25
298	26	28
298	29	29
298	30	30
298	31	31
298	32	32

299	4	5
299	9	10
299	14	14
299	18	18
299	19	20
299	21	22
299	23	25
299	26	26
299	27	27
299	28	28
299	29	29

300	1	1
300	4	5
300	6	7
300	9	9
300	10	11
300	12	13
300	14	14
300	18	18
300	22	22
300	26	27
300	28	29
300	30	31
300	32	33
300	34	34
300	35	35
300	36	37
300	38	38
300	39	40
300	41	43
300	47	47
300	52	53
300	54	55
300	56	57
300	58	59
300	60	60
300	61	61
300	63	65
300	66	67
300	69	70

301	6	7
301	11	11
301	15	16
301	17	18
301	19	20
301	21	22
301	23	24
301	25	25
301	26	26
301	27	28
301	29	30
301	31	32
301	33	34
301	35	37

302	6	8
302	12	13
302	17	18
302	19	20
302	21	22
302	23	24
302	25	26
302	27	27
302	28	28
302	29	30
302	31	32
302	33	34
302	35	36
302	37	39

303	3	4
303	5	6
303	8	8
303	9	10
303	11	12
303	13	13
303	17	18
303	22	23
303	27	28
303	29	29
303	30	31
303	32	33
303	34	35
303	36	36
303	37	38
303	39	40
303	41	42
303	46	46

304	1	1
304	4	5
304	6	7
304	11	12
304	16	17
304	21	24
304	25	25
304	26	28
304	29	29
304	30	31
304	32	33
304	34	35
304	39	39

306	2	4
306	5	6
306	7	7
306	8	9
306	10	10
306	11	11
306	12	13
306	14	15
306	16	16
306	17	18
306	19	20

307	4	5
307	6	6
307	7	8
307	9	9
307	10	10
307	11	12
307	13	14
307	15	15
307	16	17
307	18	19
307	20	21
307	22	24
307	25	25

309	0	0
309	1	3
309	4	5
309	6	6
309	7	8
309	9	9
309	10	10
309	11	12
309	13	14
309	15	15
309	16	17
309	18	19

310	0	1
310	3	4
310	5	6
310	7	7
310	9	10

311	0	1
311	3	4
311	6	7
311	9	10
311	11	12
311	14	15
311	17	18
311	20	20
311	21	22
311	23	23
311	24	25
311	26	27
311	28	28
311	30	31
311	32	33
311	34	34
311	36	36
311	38	38

312	1	2
312	4	5
312	6	6
312	7	8

313	0	0
313	2	3
313	5	6
313	7	8
313	12	12
313	14	14
313	18	19
313	20	21
313	22	23
313	25	25

314	5	6
314	8	9
314	13	14
314	15	15
314	16	17
314	18	18
314	19	20
314	21	23
314	24	25
314	26	27

315	0	0
315	3	4
315	5	6
315	7	10
315	14	15
315	17	18
315	22	24
315	25	28
315	29	30
315	32	32

316	0	0
316	3	4
316	5	6
316	7	8
316	9	10
316	14	14
316	16	16
316	20	21
316	22	23
316	24	25
316	26	26
316	27	28
316	29	29
316	30	30
316	31	31
316	32	33
316	34	35
316	36	37
316	38	38
316	39	39
316	43	43

317	5	6
317	10	11
317	15	16
317	17	18
317	19	21
317	22	22
317	23	24
317	25	25
317	26	26
317	27	28
317	29	30
317	31	32
317	33	34

318	0	0
318	5	5
318	6	8
318	9	9
318	10	10
318	11	11
318	12	12
318	16	17
318	21	22
318	26	28
318	29	29
318	30	30
318	31	32
318	34	34

319	0	0
319	3	4
319	8	8
319	10	10
319	14	14
319	15	16
319	17	18
319	19	19
319	20	20
319	21	22
319	23	24
319	25	25
319	26	27
319	28	29
319	30	30
319	31	32
319	33	33
319	35	35

320	0	0
320	3	4
320	8	8
320	10	10
320	14	14
320	15	16
320	17	18
320	19	19
320	20	20
320	21	22
320	23	24
320	25	25
320	26	27
320	28	29
320	30	30
320	31	32
320	33	33
320	35	35

321	5	6
321	10	11
321	15	16
321	17	18
321	19	20
321	21	21
321	22	22
321	23	24
321	25	26
321	27	28
321	29	30
321	31	32
321	33	33
321	34	35
321	37	38

322	0	0
322	2	3
322	5	6
322	10	12
322	14	14
322	18	18
322	19	20
322	21	21
322	22	24
322	25	26
322	27	28
322	32	32

323	0	0
323	6	8
323	10	10
323	14	15
323	16	17
323	18	18
323	19	22
323	23	23
323	24	25
323	26	29
323	30	30
323	31	32
323	33	33
323	35	35
323	36	37
323	38	39
323	43	43

324	0	0
324	6	7
324	9	10
324	14	15
324	16	17
324	18	18
324	19	22
324	23	23
324	24	25
324	26	26
324	27	27
324	28	29
324	30	31
324	32	32
324	33	34
324	38	38

325	0	1
325	6	6
325	7	9
325	10	10
325	11	11
325	12	12
325	13	13
325	17	19
325	21	21
325	25	25
325	26	27
325	28	30
325	31	33
325	34	35
325	36	37
325	38	39
325	43	43

327	2	4
327	5	7
327	8	9
327	10	11
327	12	13
327	14	14
327	15	16
327	17	18

328	2	4
328	5	5
328	6	6
328	7	8
328	9	10
328	11	12
328	13	14
328	15	15
328	16	17
328	18	19

329	4	5
329	6	7
329	8	9
329	10	11
329	12	12
329	13	14
329	15	16
329	17	18
329	19	21
329	22	22

330	0	0
330	1	3
330	4	5
330	6	7
330	8	9
330	10	11
330	12	12
330	13	14
330	15	17

331	1	2
331	4	5
331	6	7
331	8	8
331	10	11
331	13	14
331	16	17
331	19	20
331	22	23
331	24	25
331	27	28
331	30	31
331	33	33
331	34	35
331	36	36
331	37	38
331	39	40
331	41	41
331	43	44
331	45	46
331	47	47
331	49	49
331	53	53

332	2	3
332	5	6
332	7	7
332	8	9

333	0	0
333	2	2
333	4	5
333	7	8
333	10	11
333	13	13
333	17	18
333	19	20
333	22	22

335	0	0
335	1	3
335	5	5
335	6	6
335	7	7

337	0	1
337	3	5
337	6	6
337	7	7
337	9	11

338	0	2
338	3	3
338	4	4
338	5	5
338	6	7
338	8	9
338	10	11
338	12	13
338	14	14
338	15	16
338	17	18

339	0	0
339	1	2
339	3	4
339	5	6
339	7	8
339	9	9
339	10	11
339	12	13
339	14	15
339	16	18
339	19	19

366	0	0
366	1	3
366	4	4
366	5	6
366	7	8
366	9	10
366	11	12
366	13	13
366	14	15
366	16	18

367	0	0
367	2	2
367	4	5
367	6	7
367	8	8
367	10	10
367	12	13
367	15	16
367	18	19
367	20	21
367	23	24
367	26	27
367	29	29
367	30	31
367	32	32
367	33	34
367	35	36
367	37	37
367	39	40
367	41	42
367	43	43
367	45	45
367	49	49

368	1	2
368	4	5
368	6	6
368	7	8

369	0	0
369	2	3
369	5	6
369	7	8
369	9	9
369	10	11
369	12	13
369	17	18
369	20	20
369	24	25
369	26	27
369	28	29
369	30	30
369	31	32
369	33	34
369	35	35
369	36	37
369	39	39

370	0	0
370	2	3
370	5	6
370	8	9
370	10	12
370	13	13
370	17	18
370	20	21
370	25	25
370	26	26
370	27	27
370	29	30
370	31	32
370	33	35
370	36	36
370	37	38
370	39	40
370	41	42
370	43	45
370	46	46
370	48	49
370	50	50
370	51	51
370	52	54
370	55	55
370	56	56
370	57	57
370	58	58
370	59	60
370	61	61
370	62	62
370	63	63
370	64	65
370	66	67
370	68	69
370	71	73
370	74	74
370	75	76
370	77	77

371	2	2
371	3	3
371	4	4
371	6	6
371	7	7
371	8	9
371	10	10
371	11	12
371	13	13
371	14	15
371	17	17

373	0	2
373	3	5
373	6	6
373	7	8
373	9	10
373	11	11
373	12	13
373	14	15
373	16	17
373	18	19
373	20	20
373	21	22
373	23	24

374	2	4
374	5	5
374	6	7
374	8	9
374	10	11
374	12	12
374	13	14
374	15	16
374	17	18
374	19	21
374	22	22

375	0	0
375	1	3
375	4	6
375	7	7
375	8	9
375	10	11
375	12	12
375	13	14
375	15	16
375	17	18
375	19	20
375	21	21
375	22	23
375	24	26

376	0	1
376	2	2
376	3	3
376	4	4
376	5	8
376	10	10
376	11	11
376	13	16

378	0	1

395	0	1
395	2	2

396	0	0
396	1	3
396	4	5
396	6	6

397	0	1
397	2	3

398	0	2
398	3	4
398	5	6
398	7	8

399	2	3
399	4	5
399	6	7
399	8	9
399	10	10
399	11	11
399	12	13

400	0	0
400	1	3
400	4	5
400	6	7
400	8	9

401	0	1
401	3	5
401	6	7
401	9	10
401	11	12
401	13	13
401	14	15
401	16	16
401	17	18
401	20	21
401	22	22
401	23	25

402	1	1
402	3	4
402	5	6
402	10	11
402	12	13
402	14	15
402	16	17
402	18	18
402	19	20
402	21	22
402	23	24
402	25	25
402	26	26
402	27	28
402	30	31
402	32	32
402	33	34
402	35	36
402	37	37
402	38	38
402	39	41
402	42	42
402	43	43
402	44	45
402	46	46
402	47	48
402	49	49
402	51	51
402	52	52
402	53	54
402	55	57
402	58	58
402	59	60
402	61	62
402	63	63
402	64	65
402	66	67
402	68	69
402	70	70
402	72	73
402	74	75
402	76	77
402	78	78
402	79	80
402	81	82
402	86	87
402	88	88
402	89	90
402	91	92
402	93	94
402	95	95
402	96	96
402	97	99
402	100	100
402	102	102

403	0	0
403	2	3
403	4	5
403	9	10
403	11	12
403	13	14
403	15	16
403	17	17
403	18	19
403	20	20
403	21	21
403	22	22
403	23	23
403	24	24
403	25	26
403	27	28
403	30	30
403	31	31
403	32	32
403	33	34
403	35	35
403	36	37
403	38	39
403	40	41
403	42	42
403	43	44
403	45	46
403	47	47
403	48	49
403	50	50
403	52	52
403	53	54
403	55	55
403	56	57
403	58	59
403	63	64
403	65	66
403	67	68
403	69	70
403	71	72
403	73	73
403	74	75
403	76	77
403	79	80
403	81	82
403	83	83
403	84	85
403	86	87
403	88	89
403	90	91
403	92	93

404	0	0
404	2	2
404	3	4
404	5	6
404	7	7
404	8	9
404	13	14
404	15	16
404	17	18
404	19	20
404	21	21
404	22	22
404	23	23
404	24	25
404	26	26
404	27	28
404	29	30
404	31	31
404	33	34
404	35	35
404	36	36
404	37	38
404	39	39
404	40	40
404	41	41
404	42	43
404	44	44
404	45	45
404	46	47
404	48	49
404	50	51
404	52	52
404	53	53
404	55	56
404	57	57
404	58	59
404	60	61
404	62	63
404	64	65
404	69	70
404	71	72
404	73	73
404	74	76
404	77	78
404	79	79
404	80	80
404	81	82
404	83	83
404	85	85
404	86	87
404	88	89

405	1	1
405	3	4
405	5	6
405	7	8
405	9	10
405	12	13
405	14	15
405	19	20
405	21	22
405	23	24
405	25	26
405	27	27
405	28	29
405	30	30
405	31	33
405	34	35
405	36	37
405	39	39
405	40	40
405	41	41
405	42	43
405	44	44
405	45	46
405	47	48
405	49	50
405	51	51
405	52	53
405	54	55
405	56	56
405	57	58
405	59	59
405	61	61
405	62	63
405	64	64
405	65	66
405	67	68
405	72	72
405	73	74
405	75	76
405	77	78
405	79	80
405	81	81
405	82	83
405	84	85
405	87	87
405	88	88
405	89	90
405	91	91
405	92	93
405	94	94
405	95	95
405	96	97
405	98	99
405	100	100
405	101	102
405	104	104
405	105	107
405	108	108
405	109	110

406	1	1
406	3	4
406	5	6
406	7	10
406	12	13
406	14	15
406	19	20
406	21	22
406	23	24
406	25	26
406	27	27
406	28	29
406	30	31
406	32	32
406	33	35
406	36	36
406	37	38
406	40	41
406	42	43
406	44	44
406	45	45
406	46	47
406	48	50
406	51	51
406	52	52
406	53	55
406	56	57
406	58	59
406	63	64
406	65	67
406	68	68
406	69	70

407	1	1
407	3	4
407	5	6
407	7	8
407	9	10
407	12	12
407	13	14
407	18	19
407	20	21
407	22	23
407	24	25
407	26	26
407	27	28
407	29	29
407	30	32
407	33	34
407	35	36
407	38	38
407	39	39
407	40	41
407	42	43
407	44	45
407	46	46
407	47	47
407	48	48
407	49	49
407	50	51
407	52	54
407	55	55
407	56	56
407	57	58
407	60	61
407	62	63
407	64	66
407	70	71
407	72	73
407	74	74
407	75	77
407	78	79
407	80	80
407	81	82
407	83	84
407	86	86
407	87	88
407	89	90
407	91	91
407	92	93
407	94	96
407	97	97
407	98	99

408	1	1
408	3	4
408	5	6
408	10	11
408	12	13
408	14	15
408	16	17
408	18	18
408	19	21
408	22	23
408	24	24
408	25	26
408	27	27
408	29	29
408	30	30
408	31	32
408	33	33
408	34	35
408	36	37
408	38	38
408	39	40
408	41	42
408	43	44
408	45	46
408	47	47
408	48	48
408	50	51
408	52	53
408	57	58
408	59	60
408	61	62
408	63	63
408	64	65
408	66	67
408	68	68
408	69	71
408	73	74

409	1	1
409	3	4
409	5	5
409	6	7
409	8	9
409	13	14
409	15	16
409	17	18
409	19	20
409	21	21
409	22	24
409	25	26
409	27	27
409	28	29
409	30	30
409	32	32
409	33	33
409	34	35
409	36	36
409	37	38
409	39	41
409	42	42
409	43	44
409	48	50
409	51	52
409	53	53
409	54	55
409	56	57
409	58	58
409	59	60
409	61	62

410	1	1
410	3	4
410	5	6
410	10	11
410	12	13
410	14	15
410	16	17
410	18	18
410	19	20
410	21	23
410	24	24
410	25	25
410	26	27
410	28	28
410	30	32
410	33	34
410	35	35
410	36	37
410	38	39
410	40	40
410	41	41
410	42	42
410	43	44
410	45	46
410	47	47
410	48	49
410	51	52
410	53	53
410	54	54
410	55	55
410	56	57
410	58	58
410	59	61
410	62	62
410	63	63
410	64	65
410	66	66
410	67	68
410	69	70
410	72	74
410	75	76
410	77	77
410	78	79
410	80	81
410	82	83
410	84	85
410	89	89
410	90	91
410	92	93
410	94	95
410	96	97
410	98	98
410	99	100
410	101	101
410	102	103
410	105	106
410	107	108
410	109	112
410	113	114
410	115	115
410	116	117
410	118	119
410	120	120
410	122	122
410	123	123
410	124	125
410	126	127
410	128	129
410	130	131
410	132	133
410	134	135
410	136	137
410	139	140
410	141	142

411	0	1
411	3	4
411	5	6
411	10	11
411	12	13
411	14	15
411	16	17
411	18	18
411	19	20
411	21	23
411	24	24
411	25	25
411	26	27
411	28	28
411	30	32
411	33	34
411	35	35
411	36	37
411	38	39
411	43	44
411	45	46
411	47	48
411	49	50

412	1	2
412	4	5
412	6	7
412	11	12
412	13	14
412	15	16
412	17	18
412	19	19
412	20	21
412	22	24
412	25	25
412	26	26
412	27	28
412	29	29
412	31	33
412	34	35
412	36	36
412	37	38
412	39	40
412	41	41
412	42	43
412	44	45
412	46	46
412	47	48
412	49	49
412	50	50
412	52	52
412	53	54
412	55	55
412	56	57
412	58	59
412	60	61
412	62	62
412	63	64
412	65	65
412	66	67
412	68	69
412	70	71
412	73	73
412	74	75
412	79	80
412	81	82
412	83	84
412	85	86
412	87	87
412	88	89
412	90	90
412	91	92
412	93	93
412	95	95
412	96	97

413	0	1
413	3	4
413	5	6
413	10	11
413	12	13
413	14	15
413	16	17
413	18	18
413	19	20
413	21	22
413	23	23
413	24	25
413	26	27
413	28	28
413	30	30
413	31	32
413	33	33
413	34	35
413	36	38
413	39	40
413	41	41
413	42	43
413	44	45
413	46	47
413	48	49
413	51	51
413	52	53
413	57	58
413	59	60
413	61	61
413	62	64

416	0	0
416	1	3
416	5	5
416	6	6
416	7	7

417	0	1
417	3	5
417	6	7
417	9	10
417	11	12
417	13	13
417	14	15
417	16	16
417	17	18
417	20	21
417	22	22
417	23	25

418	0	1
418	3	5
418	6	7
418	9	9
418	10	11
418	12	13
418	14	14
418	18	19
418	20	21
418	22	23
418	24	25
418	26	26
418	27	27
418	28	29
418	30	31
418	32	32
418	33	35
418	36	36
418	38	39
418	40	41
418	42	42
418	43	43
418	44	45
418	46	46
418	47	48
418	49	51
418	52	53
418	54	54
418	55	56
418	57	57
418	59	59
418	60	61
418	62	62
418	63	64
418	65	66
418	67	67
418	68	69
418	70	70
418	71	71
418	72	72
418	73	73
418	74	75
418	76	77
418	78	78
418	79	79
418	81	82
418	83	83
418	84	84
418	85	86
418	87	88
418	89	89
418	90	91
418	92	93
418	97	98
418	99	100
418	101	102
418	103	103
418	104	104
418	105	106
418	107	108
418	109	109
418	110	110
418	111	111
418	113	114
418	115	117
418	118	118
418	119	119
418	120	121
418	122	123
418	124	124
418	125	125
418	126	127
418	128	128
418	130	131
418	132	132
418	133	133
418	134	135
418	136	137
418	138	138
418	139	139
418	140	140
418	141	142
418	143	145

419	0	1
419	3	5
419	6	6
419	7	8
419	9	10
419	11	12
419	14	14
419	15	17
419	18	18
419	19	20
419	21	21
419	25	25
419	26	26
419	27	28
419	29	29
419	30	31
419	35	35
419	36	36
419	37	38
419	39	39
419	40	41
419	42	43
419	44	44
419	45	45
419	46	47
419	48	48
419	49	49

421	0	2
421	3	4
421	5	6
421	7	7
421	8	11

422	0	2
422	3	3
422	4	4
422	5	6
422	7	7
422	8	9
422	10	11
422	12	15

423	2	3
423	4	4
423	5	6
423	7	8
423	9	12
423	13	14
423	15	17
423	18	18

424	0	0
424	1	3
424	4	5
424	6	6
424	7	8
424	9	10
424	11	14

425	0	1
425	3	4
425	5	5
425	6	7
425	9	10
425	11	14
425	19	20
425	21	22
425	23	24

426	0	0
426	3	6
426	7	7
426	9	12
426	13	14
426	15	15
426	16	16
426	17	17
426	18	19
426	20	20
426	22	22
426	24	24

427	0	3
427	4	4
427	6	7
427	8	8
427	9	11
427	12	13
427	14	14
427	15	16
427	20	21
427	22	23
427	24	25
427	26	27
427	28	28

428	2	4
428	5	5
428	6	6
428	7	8
428	9	10
428	11	12
428	13	13
428	14	15
428	16	17
428	18	18
428	19	20
428	22	22
428	23	24
428	28	29
428	30	31

429	0	0
429	3	6
429	7	7
429	9	12
429	13	14
429	15	15
429	16	16
429	17	17
429	18	19
429	20	20
429	21	22
429	23	23

430	0	3
430	4	4
430	6	7
430	8	8
430	9	11
430	12	13
430	14	14
430	15	16
430	20	21
430	22	23
430	24	25
430	26	28
430	29	30
430	31	32
430	33	34
430	35	35
430	37	37
430	38	38
430	39	40
430	41	45
430	46	46
430	47	48
430	49	50
430	51	52
430	53	54
430	55	56
430	57	57
430	59	60
430	61	62
430	63	63
430	64	64
430	65	65
430	66	66
430	67	68
430	69	69
430	70	70
430	74	75
430	76	77
430	78	79

431	0	0
431	4	7
431	8	8
431	9	12
431	13	14
431	15	15
431	16	16
431	17	17
431	18	19
431	20	20
431	21	23
431	24	25
431	27	27
431	28	29
431	33	35
431	36	37
431	38	39
431	40	41
431	42	42
431	43	43
431	44	44
431	45	46
431	47	47
431	48	49
431	53	54
431	55	56
431	57	60

432	0	0
432	4	5
432	6	9
432	10	10
432	11	12
432	13	13
432	14	16
432	17	18
432	19	20
432	21	21
432	22	22
432	26	26
432	27	27
432	28	30
432	31	31
432	32	32
432	33	34
432	35	36
432	37	38
432	39	40
432	44	44
432	45	45
432	46	47
432	48	48
432	49	50

433	0	0
433	4	5
433	6	7
433	8	8
433	9	10
433	11	12
433	13	14
433	15	15
433	16	17
433	18	18
433	19	20
433	22	23
433	24	25
433	26	26
433	27	27
433	28	28
433	29	29
433	30	31
433	32	32
433	33	35
433	36	37
433	38	39
433	40	40
433	41	41
433	45	47
433	48	48
433	49	49
433	50	50
433	51	52
433	53	53
433	54	55
433	56	57
433	58	58
433	59	60
433	61	62
433	63	63
433	65	66
433	67	67
433	68	69
433	70	70
433	71	72
433	76	77
433	78	79

434	1	1
434	5	6
434	7	10
434	11	11
434	13	16
434	17	18
434	19	20
434	21	21
434	22	22
434	23	23
434	24	25
434	26	26
434	28	29
434	30	31
434	32	32
434	33	36
434	40	41
434	42	43
434	44	45
434	46	47
434	48	49
434	50	51
434	52	53
434	54	54
434	55	56
434	58	59
434	60	61
434	65	66
434	67	68
434	69	70

435	1	1
435	5	6
435	7	8
435	9	10
435	11	12
435	13	14
435	15	15
435	16	17
435	18	19
435	20	20
435	22	23
435	27	28
435	29	30
435	31	32
435	33	34
435	35	35
435	36	37
435	38	39
435	40	40
435	41	42
435	43	43
435	45	45
435	46	47
435	48	49
435	50	51
435	52	52
435	53	54
435	55	56
435	57	58
435	59	60
435	61	62
435	64	64
435	65	66
435	67	68
435	69	70
435	71	71
435	72	73
435	74	75
435	76	76
435	77	77
435	78	78
435	79	79
435	80	81
435	83	83
435	84	84
435	85	86
435	87	88
435	89	90
435	94	95
435	96	97
435	98	99
435	100	101

436	1	1
436	5	6
436	7	8
436	9	10
436	11	12
436	13	14
436	15	15
436	16	16
436	17	17
436	18	19
436	20	20
436	21	21
436	25	27
436	28	28
436	29	29
436	30	31
436	32	32
436	33	33
436	34	34
436	35	36
436	37	37
436	38	39
436	40	40
436	41	41
436	43	43
436	44	44
436	45	45
436	46	47
436	48	49
436	50	50
436	51	51
436	52	52
436	53	53
436	54	55
436	56	57
436	58	58
436	59	59
436	63	65
436	66	66
436	67	67
436	68	69
436	70	71

437	1	1
437	5	6
437	7	8
437	9	10
437	11	12
437	13	14
437	15	15
437	16	16
437	17	17
437	18	19
437	20	20
437	21	21
437	25	27
437	28	28
437	29	29
437	30	30
437	31	32
437	33	33
437	34	34
437	35	35
437	36	36
437	37	38
437	39	40
437	41	41
437	42	43
437	45	45
437	46	46
437	47	48
437	52	53
437	54	55
437	56	56
437	57	58
437	59	60
437	62	63
437	64	64
437	65	65
437	66	67
437	68	68
437	69	70
437	71	71
437	73	73
437	74	75

439	0	2
439	3	3
439	4	4
439	5	6
439	7	7
439	8	9
439	10	11
439	12	15

440	2	3
440	4	4
440	5	6
440	7	8
440	9	12
440	13	14
440	15	17
440	18	18

441	0	0
441	1	3
441	4	5
441	6	6
441	7	8
441	9	10
441	11	14

442	0	1
442	3	4
442	5	5
442	6	7
442	12	13
442	14	15
442	16	17
442	18	18
442	19	20
442	21	24
442	26	27
442	28	29
442	30	31

443	0	0
443	4	4
443	5	6
443	7	7
443	8	8
443	9	12
443	13	14
443	15	15
443	16	16
443	17	17
443	18	21
443	23	24
443	28	28
443	29	30
443	31	32
443	34	35
443	36	37
443	38	41

446	0	0
446	1	3
446	5	5
446	6	6
446	7	7

447	0	1
447	3	4
447	5	5
447	6	7
447	12	13
447	14	15
447	16	17
447	18	18
447	19	20
447	21	22
447	23	23
447	28	29
447	30	31
447	32	33

448	0	0
448	4	7
448	8	9
448	10	11
448	12	12
448	13	14
448	15	16
448	17	17
448	18	19
448	20	22
448	26	27
448	28	29
448	30	31
448	32	32
448	33	34
448	35	37
448	38	38
448	39	42
448	44	45
448	46	46
448	47	48
448	49	50
448	51	51
448	52	52
448	53	55
448	56	56
448	57	58
448	59	59
448	60	61
448	63	64
448	65	65
448	66	68
448	69	69
448	70	70
448	71	72
448	73	74
448	75	76
448	77	77
448	78	79
448	80	80
448	82	82
448	83	84
448	88	89
448	90	91

449	0	0
449	4	5
449	6	7
449	8	9
449	10	10
449	11	12
449	13	14
449	15	16
449	17	18
449	19	20
449	21	21

450	0	2
450	6	7
450	8	9
450	10	11
450	12	13
450	14	15
450	16	17
450	18	18
450	19	19
450	20	20
450	21	22
450	24	25
450	26	26
450	27	29
450	30	31
450	32	32
450	33	33
450	34	34
450	35	36
450	37	37
450	38	38
450	39	39
450	40	41
450	43	44
450	45	45
450	46	47
450	48	49
450	50	50
450	51	52
450	53	54
450	58	59
450	60	63
450	64	64
450	65	66
450	68	69

451	0	0
451	4	4
451	5	6
451	7	8
451	9	10
451	11	12
451	13	13
451	14	15
451	16	17
451	18	19
451	20	20
451	22	22
451	23	23
451	24	26
451	27	27
451	28	29
451	30	31
451	32	34
451	38	39
451	40	41
451	42	44
451	45	45
451	46	46
451	47	48
451	49	49
451	50	52
451	53	53
451	55	55
451	56	56
451	57	57
451	58	59
451	60	60
451	61	61
451	62	62
451	63	63
451	64	64
451	65	66
451	67	67
451	68	69
451	70	71
451	75	76
451	77	78

452	0	0
452	4	5
452	6	8
452	9	10
452	11	12
452	13	14
452	15	15
452	16	17
452	18	19
452	20	20
452	22	23
452	25	25
452	27	30
452	34	35
452	36	37
452	38	38
452	39	39
452	40	41
452	42	42
452	43	44
452	45	45
452	46	47
452	48	49
452	50	50
452	52	53
452	54	55
452	56	57
452	58	58
452	59	59
452	60	60
452	61	62
452	63	64
452	65	65
452	66	67
452	68	69
452	73	74
452	75	76
452	77	78
452	79	79
452	80	81
452	83	83
452	84	85
452	86	87
452	88	89

453	1	1
453	5	5
453	6	9
453	10	11
453	12	12
453	13	13
453	14	15
453	16	19
453	20	21
453	22	22
453	23	25
453	26	26
453	30	30
453	31	33
453	34	35
453	36	37
453	38	41
453	42	42
453	43	44
453	45	46
453	48	49
453	50	50
453	51	53
453	54	54
453	55	56
453	60	61
453	62	62
453	63	64
453	65	68

455	2	3
455	4	5
455	6	7
455	8	11
455	12	13
455	14	16
455	17	17

456	0	0
456	1	3
456	4	5
456	6	7
456	8	9
456	10	13

457	0	1
457	3	4
457	5	5
457	6	7
457	9	10
457	11	12
457	13	14
457	15	15
457	16	17
457	18	21
457	23	24
457	25	26
457	27	28

458	0	0
458	4	4
458	5	5
458	6	7
458	8	9
458	10	10
458	11	11
458	12	12
458	13	14
458	15	17
458	18	19
458	20	20
458	21	21
458	23	24
458	25	26
458	27	27
458	28	29
458	30	31
458	32	33
458	34	35
458	39	40
458	41	42
458	43	44
458	45	45
458	46	47
458	48	49
458	50	51
458	52	52
458	53	55
458	57	58
458	59	60
458	61	62
458	63	64
458	65	66
458	70	71
458	72	73
458	74	74
458	75	76
458	77	78

460	2	3
460	4	5
460	6	7
460	8	11
460	12	13
460	14	16
460	17	17

461	0	0
461	1	3
461	4	5
461	6	7
461	8	9
461	10	13

462	0	1
462	3	4
462	5	5
462	6	7
462	9	10
462	11	12
462	13	14
462	15	15
462	16	17
462	18	21
462	23	24
462	25	26
462	27	28

463	0	0
463	4	5
463	6	7
463	8	8
463	9	10
463	11	12
463	13	14
463	15	15
463	16	18
463	19	20
463	22	22
463	23	23
463	24	25
463	26	27
463	29	29
463	30	31
463	32	33
463	34	34
463	35	36
463	37	38
463	39	39
463	40	40
463	41	43
463	44	44
463	45	45
463	47	47
463	48	48
463	49	50
463	51	51
463	52	52
463	53	53
463	54	55
463	56	56
463	57	58
463	59	59
463	60	61
463	62	63
463	64	65
463	69	70
463	71	72
463	73	73
463	74	74
463	75	76
463	77	77
463	79	79
463	80	81
463	82	83

466	0	1
466	2	2

467	0	0
467	1	3
467	4	5
467	6	6

468	0	2
468	3	3
468	4	6
468	7	7
468	8	9
468	10	11
468	12	13
468	14	15
468	16	17

469	0	0
469	1	3
469	4	6
469	7	7
469	8	10
469	11	11
469	12	13
469	14	15
469	16	17
469	18	19
469	20	21

470	0	0
470	1	2
470	3	4
470	5	6
470	7	11
470	13	13
470	14	14
470	15	15
470	16	17
470	18	20
470	21	21

471	0	1
471	2	3

472	0	2
472	4	8
472	10	10
472	11	11
472	15	16
472	17	18
472	20	20
472	21	21
472	25	26
472	27	28
472	32	36
472	37	37
472	38	42
472	43	43
472	44	46

473	0	1
473	2	3
473	5	8
473	9	11
473	15	16
473	17	18
473	20	21
473	22	26
473	28	29
473	30	33
473	37	38
473	39	40
473	42	46

474	0	3
474	5	9
474	10	10
474	14	15
474	16	17
474	22	22
474	23	24
474	28	29
474	30	31
474	35	38
474	39	39
474	40	43

475	0	3
475	5	8
475	9	9
475	10	10
475	11	11
475	12	12
475	13	13
475	17	18
475	19	20
475	22	23
475	24	24
475	25	26
475	27	27
475	28	29
475	33	34
475	35	36
475	38	41
475	42	42
475	43	44
475	45	45
475	46	47
475	48	48

476	0	3
476	5	6
476	7	10

477	0	1
477	2	2
477	3	3
477	4	4
477	5	5
477	7	8
477	9	10
477	12	15
477	16	16
477	17	17
477	18	18
477	19	20
477	21	21
477	23	24
477	25	26
477	27	28
477	30	31
477	32	33
477	35	38
477	39	39
477	40	40
477	41	41
477	42	43
477	44	44

478	1	2
478	3	4
478	5	6
478	8	9
478	10	11
478	13	14
478	15	16
478	17	18
478	20	23
478	24	24
478	25	25
478	26	26
478	27	28
478	29	29

479	0	1
479	2	3

480	0	1
480	2	3
480	7	7
480	8	9
480	10	11
480	12	12
480	13	14
480	15	16
480	17	17
480	18	19
480	20	21
480	22	23
480	24	24
480	25	26
480	27	28
480	29	29
480	30	31
480	32	33

481	0	1
481	2	3
481	5	6
481	8	9
481	11	12
481	13	14
481	16	19
481	21	21
481	22	23
481	24	25

482	1	2
482	3	4
482	5	6
482	8	9
482	11	11
482	16	17
482	19	19
482	21	21

483	0	1
483	2	3
483	5	6
483	8	8
483	13	14
483	16	16
483	22	22

484	1	2
484	3	4
484	5	6
484	8	9
484	10	11
484	13	14
484	15	16
484	18	19
484	20	21
484	23	24
484	25	26
484	28	29
484	30	31

485	1	2
485	3	4
485	5	6
485	8	9
485	10	11

486	0	1
486	2	3
486	4	4
486	6	7
486	8	9
486	13	13
486	14	15
486	16	16
486	17	17
486	18	19
486	20	20
486	21	22
486	23	24
486	25	25
486	26	27
486	28	28
486	29	30
486	31	31
486	32	33
486	34	35
486	36	36
486	37	37
486	38	38
486	39	40
486	41	42
486	43	44
486	45	45
486	46	46
486	47	47
486	48	49
486	50	51
486	52	53
486	54	54
486	55	55
486	56	56
486	58	59
486	60	60
486	61	61

487	2	2
487	3	4
487	5	6
487	7	7
487	8	8
487	9	9
487	10	11
487	12	13
487	14	15
487	16	16
487	17	18
487	19	21
487	22	23
487	24	25
487	26	27
487	28	29
487	30	30
487	31	31
487	32	33
487	34	34

488	1	2
488	3	4
488	5	6
488	8	8
488	9	10
488	11	11
488	12	13
488	14	14

489	3	4
489	5	5
489	9	9
489	10	11
489	12	13
489	14	14
489	15	16
489	17	17
489	18	18
489	19	20
489	21	22
489	23	23
489	24	24
489	25	26
489	27	28
489	29	32
489	33	33
489	34	35
489	36	37
489	38	39
489	40	41
489	42	42
489	43	44
489	45	46
489	47	47
489	48	49
489	51	51
489	52	52
489	53	53
489	54	57
489	58	59
489	60	60
489	61	61
489	62	64
489	65	66
489	67	67
489	68	69
489	70	73
489	74	74
489	75	76
489	77	78
489	79	79
489	80	80
489	81	82
489	83	83
489	84	84
489	85	86
489	87	88
489	89	90
489	91	92
489	93	93
489	95	95
489	96	96
489	97	98
489	99	100
489	101	102
489	103	103
489	104	105
489	106	107
489	108	109
489	110	110
489	111	112
489	113	114
489	115	116

490	0	1
490	2	3
490	5	5
490	6	7
490	12	13
490	14	15
490	17	20
490	21	21
490	22	22
490	23	23
490	24	25
490	26	26

491	0	1
491	2	3

492	0	1
492	2	3
492	7	7
492	8	9
492	10	11
492	12	13
492	14	15
492	16	16
492	17	18
492	19	20
492	21	21
492	22	23
492	24	25
492	26	27

493	0	1
493	2	3
493	7	7
493	8	9
493	10	11
493	12	12
493	13	14
493	15	16
493	18	18
493	19	20
493	21	22
493	23	23
493	24	25
493	26	27

494	0	1
494	2	3
494	7	8
494	9	10
494	11	12
494	13	13
494	14	14
494	15	16
494	17	17
494	18	18
494	19	22
494	23	24
494	25	25
494	26	26
494	27	29
494	30	31
494	32	32
494	33	34
494	35	38
494	39	39
494	40	41
494	42	43
494	44	44
494	45	45
494	46	47
494	48	48
494	49	49
494	51	52
494	53	54
494	55	56
494	57	58
494	59	60
494	61	61
494	62	63
494	64	65
494	66	67
494	68	68
494	69	70
494	71	72
494	73	74
494	75	75
494	76	77
494	78	79
494	80	81

495	0	1
495	2	3
495	5	5
495	6	6
495	8	8
495	13	14
495	15	16
495	18	21
495	22	22
495	23	23
495	24	24
495	25	26
495	27	27

496	0	1
496	2	2

497	0	0
497	1	3
497	4	5
497	6	6

498	0	2
498	3	3
498	4	6
498	7	7
498	8	9
498	10	11
498	12	13
498	14	15

499	0	2
499	3	4
499	5	6
499	7	8
499	9	11
499	12	13
499	14	15

500	0	2
500	3	3
500	4	4
500	5	6
500	7	8
500	9	10

501	3	3
501	4	9
501	10	10
501	11	16
501	17	17
501	18	20
501	21	21
501	22	24
501	25	25
501	26	29
501	30	30
501	31	31
501	32	32
501	33	34
501	35	35
501	36	39
501	40	40
501	41	41
501	42	42
501	43	44
501	45	45
501	46	49
501	50	50
501	51	51
501	52	52
501	53	54
501	55	55
501	56	57
501	58	58
501	60	61
501	62	65
501	66	66
501	67	70
501	71	71
501	72	72
501	73	73
501	74	75
501	76	76
501	77	77
501	78	78
501	79	81
501	82	82
501	83	84
501	85	85
501	86	87
501	88	89
501	90	90
501	91	92
501	93	94
501	95	95
501	96	96
501	97	97
501	98	99
501	100	101
501	102	103
501	104	104
501	106	109
501	110	110
501	111	111
501	112	112
501	113	113
501	114	114
501	115	120
501	121	121
501	122	122
501	123	123
501	124	124
501	125	125
501	126	127
501	128	128
501	129	130
501	131	132
501	133	134
501	135	136
501	137	137
501	138	138
501	139	140
501	141	141
501	142	143
501	144	145
501	146	147
501	148	149
501	150	151
501	152	152
501	153	154
501	155	156
501	157	158
501	160	162
501	163	163
501	164	165
501	166	167
501	168	168
501	169	169
501	170	171
501	172	172

502	1	1
502	2	4
502	5	5
502	6	8
502	9	9
502	10	11
502	12	13
502	14	15
502	17	18
502	19	19
502	20	20
502	21	21
502	22	22
502	23	23

503	2	3
503	4	5
503	7	8
503	10	12
503	14	17
503	19	22
503	24	27
503	29	29
503	30	30
503	32	33
503	37	39

504	2	7
504	8	8
504	9	10
504	12	15
504	17	20
504	22	24
504	26	29
504	31	31
504	35	39
504	41	45
504	47	51

505	2	7
505	8	8
505	9	10
505	12	16
505	20	25
505	29	34
505	36	39
505	41	44
505	46	51
505	53	55
505	57	62

506	0	5
506	6	6
506	7	8
506	10	14
506	16	18
506	22	27
506	29	33
506	35	38
506	40	45
506	47	51
506	53	58

507	2	7
507	8	8
507	9	10
507	14	18
507	22	27
507	31	36
507	38	42
507	44	47
507	49	54
507	58	60
507	62	67

508	2	7
508	8	8
508	9	10
508	12	16
508	20	25
508	29	34
508	36	40
508	42	44
508	46	51
508	53	57
508	59	64

509	2	8
509	9	9
509	10	10
509	12	14
509	18	23
509	27	32
509	34	38
509	40	42
509	44	49
509	53	55
509	59	62

510	2	7
510	8	8
510	9	10
510	12	16
510	20	25
510	27	31
510	33	37
510	39	42
510	44	48
510	50	54
510	58	61

511	2	7
511	8	8
511	9	10
511	12	14
511	18	23
511	27	32
511	34	38
511	40	43
511	45	50
511	52	56
511	58	63

512	0	5
512	6	6
512	7	8
512	10	14
512	18	23
512	27	32
512	34	38
512	40	43
512	45	49
512	51	55
512	57	62

513	0	6
513	7	7
513	8	9
513	11	15
513	17	21
513	23	27
513	29	33
513	35	38
513	40	45
513	47	51
513	53	59

515	0	2
515	3	3
515	4	4
515	5	6
515	7	8
515	9	10

516	0	2
516	3	3
516	4	6
516	7	8
516	9	10

517	3	3
517	4	6
517	7	8
517	9	10
517	11	11
517	12	13
517	14	15
517	16	17
517	18	19
517	20	20
517	21	22
517	23	23
517	24	25
517	26	27
517	28	28
517	29	29

518	3	3
518	4	4
518	5	5
518	6	6
518	7	7
518	8	8
518	9	12
518	13	13
518	14	14
518	15	16
518	17	18
518	19	19
518	20	20
518	21	21
518	22	25
518	26	26
518	27	27
518	28	28
518	29	30
518	31	32
518	33	33
518	34	34
518	35	37
518	38	38
518	39	39
518	40	43
518	44	44
518	45	46
518	47	47
518	48	49
518	51	52
518	53	53
518	54	56
518	57	57
518	58	58
518	59	59
518	60	60
518	61	61
518	62	63
518	64	65
518	66	67
518	68	69
518	70	70
518	71	74
518	75	75
518	76	76
518	77	77
518	78	79
518	80	82
518	83	84
518	85	86
518	87	87
518	88	88
518	89	90
518	91	91
518	93	96
518	97	97
518	99	99
518	100	101
518	102	102
518	103	104
518	105	105
518	107	107
518	108	108
518	110	112
518	113	113
518	114	115
518	116	116
518	117	120
518	122	122
518	123	123

519	3	3
519	4	4
519	5	5
519	6	7
519	8	9
519	10	10
519	11	11
519	12	12
519	13	14
519	15	16
519	17	17
519	18	18
519	19	19
519	20	22
519	23	24
519	25	26
519	27	28
519	29	29
519	30	32
519	33	33
519	34	34
519	35	35
519	36	36
519	37	37

520	3	3
520	4	5
520	6	6
520	7	7
520	8	8
520	9	11
520	12	12
520	13	14
520	15	15
520	16	17
520	18	19
520	20	20
520	21	24
520	25	25
520	26	26
520	27	28
520	29	30
520	31	31
520	32	33
520	34	34
520	35	36
520	37	37
520	38	38
520	39	39
520	40	41
520	42	43
520	44	44
520	45	46
520	48	49
520	50	50

521	0	2
521	3	3
521	4	6
521	7	8
521	9	10

522	2	2
522	3	5
522	6	7
522	8	9
522	10	10
522	11	12
522	13	14
522	15	15
522	16	17
522	18	19
522	20	20
522	21	22
522	23	23
522	24	25
522	26	27
522	28	28
522	29	30
522	31	32
522	33	33

523	0	2
523	3	3
523	4	5
523	6	7
523	8	9
523	10	12
523	13	14
523	15	16

524	0	2
524	3	3
524	4	4
524	5	6
524	7	8
524	9	10

525	3	3
525	4	9
525	10	10
525	11	16
525	17	17
525	18	20
525	21	21
525	22	22
525	23	24
525	25	27
525	28	28
525	29	30
525	31	32
525	33	33
525	34	38
525	39	39
525	40	44
525	45	45
525	46	49
525	50	50
525	52	55
525	56	56
525	57	58
525	59	59
525	60	61
525	62	62
525	63	64
525	66	66
525	67	67
525	68	70
525	71	72
525	73	73
525	74	75
525	76	77
525	78	79
525	80	81
525	82	83
525	84	89
525	91	94
525	95	95
525	96	97
525	98	98
525	99	99
525	100	100
525	101	101
525	102	103
525	104	105
525	106	107
525	108	108
525	109	109
525	110	111
525	112	113
525	114	115
525	117	117
525	118	118
525	119	120
525	121	121
525	122	123
525	124	125
525	126	127
525	128	128
525	129	130
525	131	133
525	134	134
525	135	139
525	140	140
525	141	142
525	143	144
525	145	145
525	146	149
525	150	150
525	151	152
525	153	154
525	155	155
525	156	156
525	157	157
525	158	158
525	159	160
525	161	161
525	162	163
525	164	164
525	165	165
525	167	169
525	170	170
525	171	172
525	173	174
525	175	176
525	177	178
525	179	179
525	180	181
525	182	183
525	184	184
525	185	186
525	187	187

526	0	2
526	3	3
526	4	4
526	5	6
526	7	8
526	9	10

527	0	2
527	3	3
527	4	6
527	7	8
527	9	10

528	3	3
528	4	6
528	7	8
528	9	9
528	10	11
528	12	13
528	14	14
528	15	16
528	17	18
528	19	19
528	20	21
528	22	22
528	23	23
528	24	25
528	26	26
528	27	27
528	28	29
528	30	31
528	32	32
528	33	33
528	34	35
528	36	37
528	38	39
528	40	41
528	42	43
528	44	45
528	47	48
528	49	50
528	51	52
528	53	55
528	56	57
528	58	58

529	3	3
529	4	6
529	7	8
529	9	9
529	10	11
529	12	13
529	14	14
529	15	16
529	17	17
529	18	18
529	19	19
529	20	20
529	21	21
529	22	23
529	24	25
529	26	26
529	27	27
529	28	29
529	30	31
529	32	33
529	34	35
529	36	37
529	38	39
529	40	41
529	42	43
529	44	44
529	46	46
529	47	49
529	50	51
529	52	52
529	53	53
529	54	57
529	58	58
529	59	60
529	61	63
529	64	64
529	65	65
529	66	67
529	68	69
529	70	70

530	2	2
530	3	5
530	6	7
530	8	9
530	10	11
530	12	13
530	14	14
530	15	15
530	16	16
530	17	18
530	19	20
530	21	21
530	22	23
530	24	25
530	26	27
530	28	28
530	29	29
530	30	31
530	32	32
530	33	35
530	36	36
530	37	38
530	39	39
530	40	41
530	42	43
530	44	44

531	0	2
531	3	3
531	4	6
531	7	8
531	9	10

532	2	2
532	3	5
532	6	7
532	8	9
532	10	10
532	11	12
532	13	14
532	15	15
532	16	17
532	18	19
532	20	20
532	21	22
532	23	23
532	24	25
532	26	27
532	28	28
532	29	30
532	31	32
532	33	33

