1	0	1

2	0	6
2	7	10
2	11	12

3	0	1
3	2	2
3	3	3
3	5	8
3	10	10
3	12	15

4	0	0
4	1	2
4	3	5
4	6	6
4	7	9
4	10	10
4	11	12
4	13	14
4	15	16

5	0	4
5	6	8
5	10	18
5	20	24
5	26	36
5	38	45
5	47	48
5	50	52
5	53	53
5	54	61

6	0	4
6	6	17
6	18	18
6	19	26
6	27	27

7	0	3
7	4	4
7	5	6
7	7	7
7	8	9
7	11	12

8	0	1
8	2	3
8	4	4
8	5	6

9	0	0
9	2	2

10	0	1
10	3	4

11	0	0
11	1	2
11	4	4

12	0	0
12	1	3
12	4	5
12	6	7
12	9	9

13	0	0
13	1	2
13	3	3
13	4	5
13	7	7

14	0	0
14	1	2
14	4	4

15	2	4
15	6	7
15	8	9
15	11	11

16	2	4
16	5	5
16	6	7
16	8	9
16	10	11
16	13	13

17	2	4
17	5	6
17	7	8
17	9	10
17	12	12

18	2	4
18	5	6
18	7	8
18	9	10
18	11	12
18	13	14
18	16	16

19	2	4
19	5	6
19	7	8
19	10	10

20	0	0
20	1	2
20	3	4
20	6	6

21	0	0
21	1	2
21	3	4
21	6	6

22	0	0
22	1	2
22	3	4
22	6	6

23	0	1
23	2	2
23	4	4
23	5	7
23	8	9
23	10	10
23	11	11
23	12	13
23	14	16
23	17	17
23	18	20
23	21	21
23	22	23
23	24	24
23	25	26
23	27	27
23	28	29
23	30	31
23	33	33

24	0	0
24	1	1
24	2	2

25	0	0
25	2	2

26	0	0
26	1	2
26	3	4
26	5	6
26	7	7
26	8	8
26	10	12
26	13	13
26	14	17
26	18	18
26	19	21
26	22	23
26	24	25
26	26	26
26	27	27
26	28	29
26	30	30
26	31	32
26	33	33
26	34	35
26	36	36
26	37	38
26	39	39
26	40	41
26	42	42
26	43	44
26	45	46
26	47	47
26	49	49
26	50	51
26	52	52
26	53	61
26	62	63
26	64	64

27	2	2
27	3	4
27	5	5
27	6	7
27	8	11
27	12	13
27	14	15
27	16	16
27	17	18
27	19	20
27	21	23
27	24	25
27	26	28
27	29	30
27	31	31

28	2	2
28	3	4
28	5	6
28	7	8
28	9	10
28	11	11
28	12	13
28	14	15
28	16	17
28	18	20
28	21	21

29	2	2
29	3	4
29	5	6
29	7	8
29	9	10
29	11	11
29	12	13
29	14	16
29	17	20
29	21	21
29	22	23
29	24	26
29	27	30
29	31	31
29	32	33
29	34	36
29	37	40
29	41	42
29	43	43
29	45	45
29	46	48
29	49	49
29	50	51
29	52	53
29	54	57
29	58	59
29	60	61
29	62	64
29	65	65
29	66	67
29	68	70
29	71	74
29	75	76
29	77	78
29	79	81
29	82	82

30	2	2
30	3	4
30	5	6
30	7	9
30	10	10
30	11	11
30	12	13
30	14	14
30	15	17
30	18	18
30	19	20
30	21	21
30	22	22
30	23	24
30	25	25
30	26	26
30	27	28
30	29	29
30	30	32
30	33	33
30	34	35
30	36	36
30	37	37
30	38	39
30	40	40
30	41	43
30	44	44
30	46	47
30	48	48
30	49	50
30	51	51
30	52	53
30	54	54
30	55	57
30	58	58
30	59	61
30	62	62
30	63	64
30	65	65
30	66	66
30	67	68
30	69	69
30	70	72
30	73	73
30	74	76
30	77	77
30	78	80
30	81	81
30	82	83
30	84	84
30	85	85
30	86	87
30	88	88
30	90	92
30	93	93

31	2	2
31	3	4
31	5	5
31	6	7
31	8	9
31	10	10
31	11	11
31	12	13
31	14	14
31	15	16
31	17	18
31	19	19
31	20	28
31	29	31
31	32	35
31	36	36
31	37	39
31	40	42
31	43	43
31	45	45
31	46	47
31	48	48
31	49	54
31	56	56
31	57	57

32	0	0
32	1	2
32	3	5
32	6	6
32	7	9
32	10	10
32	11	12
32	13	14
32	15	16

33	0	0
33	1	2

34	2	2
34	3	6
34	7	7
34	8	9
34	10	10
34	11	12
34	13	13
34	14	15
34	16	18
34	19	19
34	20	22
34	23	23
34	24	25
34	26	27
34	28	28
34	29	30
34	31	31
34	32	33
34	34	34
34	35	36
34	37	37

35	2	2
35	3	4
35	5	6
35	7	7
35	8	9
35	10	11
35	12	13
35	14	14
35	15	17
35	19	19
35	20	21
35	22	22
35	24	25
35	26	26
35	27	31
35	32	32
35	33	34
35	35	35
35	36	37
35	38	40
35	41	41
35	42	44
35	45	45
35	46	46

36	0	0
36	1	3
36	4	5
36	6	7

37	2	3
37	4	5
37	6	7
37	8	8
37	9	10
37	11	11
37	12	13
37	14	14
37	15	18
37	19	19
37	20	20
37	21	22
37	23	23
37	24	25
37	26	26
37	27	28
37	29	30
37	31	31
37	32	33
37	34	35
37	36	36
37	37	38
37	39	40
37	41	41
37	42	43
37	45	45
37	46	46
37	47	48
37	49	50
37	51	52
37	53	53
37	54	55
37	56	57
37	58	58
37	59	59
37	60	61
37	62	63
37	64	64
37	65	66
37	67	68
37	69	69
37	70	71
37	72	72
37	73	73
37	74	75
37	76	77
37	78	79
37	80	80

38	2	3
38	4	4
38	5	5
38	7	9
38	10	10
38	11	14
38	15	17
38	18	19
38	20	21
38	22	23
38	24	25
38	26	27

39	2	3
39	4	4
39	5	8
39	9	9
39	10	11
39	12	14
39	15	16
39	17	18
39	19	20
39	21	22

40	2	3
40	4	4
40	5	5
40	7	10
40	11	11
40	12	15
40	16	16
40	17	18
40	19	21
40	22	22
40	23	25
40	26	26
40	27	28
40	29	30
40	31	32

41	0	0
41	1	2
41	3	3
41	4	5

42	2	3
42	4	5
42	6	6
42	7	8
42	9	10
42	11	12
42	13	14
42	15	15

43	0	2

44	2	3
44	4	5
44	7	17
44	19	22

45	2	3
45	4	5
45	6	7
45	8	9
45	10	10
45	11	12
45	13	13

46	0	2

47	2	3
47	4	5
47	7	17
47	19	23

48	2	2
48	3	4
48	5	6
48	7	8
48	9	10
48	11	12
48	13	13
48	14	15
48	16	17
48	18	18
48	19	20
48	21	21
48	22	23
48	24	24
48	25	25
48	26	26
48	27	27
48	28	28
48	29	29
48	30	30
48	31	32
48	33	34
48	35	35
48	36	37
48	38	38
48	39	39
48	40	40
48	41	41
48	42	42
48	43	44
48	46	47
48	48	49
48	50	51
48	52	52
48	53	53
48	54	54
48	55	56
48	57	57
48	58	59
48	60	60
48	61	62
48	63	63

49	0	2
49	3	3
49	4	4

50	2	2
50	4	4
50	5	6
50	8	18
50	20	21
50	23	27
50	29	29

51	2	3
51	4	5
51	6	8
51	9	10
51	11	11
51	12	13
51	14	14
51	15	16
51	17	17
51	18	19
51	20	21
51	22	22

52	0	2
52	3	3
52	4	4

53	2	2
53	4	4
53	5	6
53	8	18
53	20	21
53	23	27
53	29	29

54	2	3
54	4	6
54	7	7
54	8	9
54	10	10
54	11	12
54	13	13
54	14	15
54	16	17
54	18	18
54	19	20
54	21	21
54	22	23
54	24	24
54	25	26
54	27	28
54	29	29

55	0	2
55	3	3
55	4	4

56	2	2
56	4	4
56	5	6
56	8	18
56	20	21
56	23	27
56	29	29

57	2	3
57	4	6
57	7	8
57	9	9
57	10	11
57	12	12
57	13	14
57	15	15

58	0	2
58	3	3
58	4	4

59	2	2
59	4	4
59	5	6
59	8	18
59	20	21
59	23	27
59	29	29

60	2	3
60	4	4
60	5	6
60	7	7
60	8	9
60	10	10
60	11	12
60	13	13
60	14	15
60	16	17
60	18	18
60	19	20
60	21	23
60	24	25
60	26	26

61	0	2

62	2	3
62	4	5
62	7	15
62	17	18
62	20	28

63	2	2
63	3	4
63	5	5
63	6	7
63	8	9
63	10	11
63	12	12
63	13	14
63	15	16
63	17	17
63	18	18
63	19	20
63	21	22
63	23	23
63	24	24
63	25	26
63	27	27
63	28	29
63	30	31
63	32	32
63	33	34
63	35	35
63	36	37
63	38	38
63	39	40
63	41	42
63	44	45
63	46	46

64	2	2
64	3	4
64	5	5
64	6	6
64	8	11
64	12	12
64	13	16
64	17	17
64	18	19
64	20	20
64	21	22
64	24	26
64	27	27

65	0	1
65	2	2
65	3	3
65	5	8
65	10	10
65	12	15

66	0	2
66	3	3
66	4	4

67	2	2
67	4	4
67	5	6
67	8	13
67	15	23

68	2	2
68	3	4
68	5	5
68	6	7
68	8	8
68	9	9
68	10	11
68	12	13
68	14	14
68	15	16
68	17	17
68	18	18
68	19	20
68	21	21
68	22	22
68	23	24
68	25	26
68	27	28
68	29	29
68	30	31
68	32	32
68	33	34
68	35	36
68	37	38
68	39	40
68	41	41

69	2	2
69	3	4
69	5	5
69	6	6
69	8	11
69	12	12
69	13	16
69	17	17
69	18	19
69	20	20
69	21	22
69	24	26
69	27	27
69	28	28
69	29	29

70	0	2
70	3	3
70	4	4

71	2	3
71	4	5
71	7	15
71	17	25

72	2	3
72	4	4
72	5	5
72	6	7
72	8	8
72	9	10
72	11	11
72	12	15
72	16	16
72	17	18
72	19	20
72	21	22
72	23	24
72	25	26
72	27	27
72	28	28
72	29	29
72	30	31
72	32	33
72	34	35
72	36	36
72	37	38
72	39	39
72	40	41
72	42	43
72	45	46
72	47	47
72	48	49
72	50	51
72	52	53
72	54	54
72	55	55
72	56	57
72	58	58

73	2	2
73	3	4
73	5	5
73	6	6
73	8	11
73	12	12
73	13	16
73	17	17
73	18	19
73	20	20
73	21	22
73	24	26
73	27	27
73	28	28
73	29	29

74	0	2
74	3	3
74	4	4
74	5	5

75	2	3
75	4	5
75	7	14
75	16	24

76	2	3
76	4	5
76	6	7
76	8	8
76	9	10
76	11	12
76	13	13
76	14	14
76	15	16
76	17	17
76	18	19
76	20	21
76	22	23
76	24	25
76	26	26
76	27	28
76	29	29
76	30	31
76	32	33
76	34	35
76	36	36
76	37	37
76	38	39
76	40	41
76	42	43
76	45	46
76	47	47

77	2	2
77	3	4
77	5	5
77	6	6
77	8	11
77	12	12
77	13	16
77	17	17
77	18	19
77	20	20
77	21	22
77	24	26
77	27	27
77	28	28
77	29	29

78	0	2
78	3	3
78	4	4

79	2	3
79	4	5
79	7	13
79	15	23

80	2	3
80	4	5
80	6	7
80	8	8
80	9	10
80	11	12
80	13	14
80	15	16
80	17	17
80	18	19
80	20	20
80	21	22
80	23	24
80	25	26
80	27	28
80	29	29

81	2	2
81	3	4
81	5	5
81	6	6
81	8	11
81	12	12
81	13	16
81	17	17
81	18	19
81	20	20
81	21	22
81	24	26
81	27	27
81	28	28
81	29	29

82	0	0
82	1	2

83	0	2
83	3	4
83	5	6

84	2	2
84	3	4
84	5	5
84	6	7
84	8	9
84	10	10
84	11	11
84	12	13
84	14	14
84	15	15
84	16	16
84	17	18
84	19	19
84	20	21
84	22	23
84	24	25
84	26	27
84	28	28
84	29	30
84	31	31
84	32	33
84	34	35
84	36	37
84	38	39
84	40	40
84	41	42
84	43	43
84	45	45
84	46	47
84	48	48
84	49	50
84	51	52
84	53	53
84	54	57
84	58	59
84	60	61
84	62	62
84	63	64
84	65	65

85	0	2
85	3	3
85	4	5
85	6	7
85	8	9

86	2	2
86	3	4
86	5	6
86	7	8
86	9	10
86	11	11
86	12	13
86	14	14
86	15	15
86	17	19
86	20	20
86	21	24
86	25	26
86	27	27
86	28	30
86	32	32
86	33	34
86	35	35
86	37	38
86	39	39
86	40	41
86	42	42
86	43	43
86	44	45
86	46	47
86	48	48
86	49	49
86	50	50
86	51	51
86	52	52
86	53	54
86	56	57
86	58	59
86	60	61
86	62	63
86	64	64
86	65	66
86	67	67
86	68	69
86	70	71
86	72	73
86	74	75
86	76	76
86	77	78
86	79	80
86	81	82
86	83	83
86	84	85
86	86	87
86	88	88
86	89	90
86	91	92
86	93	94
86	95	95

87	0	2
87	3	4
87	5	6
87	7	8

88	2	3
88	4	5
88	6	7
88	8	9
88	10	11
88	12	12
88	13	13
88	14	15
88	16	17
88	18	18
88	19	20
88	21	22
88	23	23
88	24	24
88	26	28
88	29	30
88	31	32
88	33	34
88	35	36
88	37	37
88	38	39
88	40	40
88	41	41
88	42	43
88	44	45
88	46	46
88	48	48
88	49	49
88	50	51
88	52	53
88	54	57
88	58	58
88	59	60
88	61	62
88	63	63
88	64	64
88	65	66
88	67	68
88	69	69
88	70	71
88	72	73
88	74	75
88	76	76

89	0	2
89	3	4
89	5	6
89	7	8
89	9	10
89	11	12

90	2	2
90	3	3
90	4	5
90	6	6
90	7	7
90	9	11
90	12	12
90	13	16
90	17	18
90	19	19
90	20	21
90	22	23
90	24	25
90	26	27
90	28	29
90	30	31
90	32	33
90	34	34
90	35	35
90	36	37
90	38	39
90	40	41
90	42	43
90	44	45
90	46	47
90	48	48
90	49	49
90	51	51
90	52	53
90	54	55
90	56	57
90	58	58
90	59	60
90	61	62
90	63	63
90	64	65
90	66	67
90	68	69
90	70	70

91	0	2
91	3	4
91	5	6

92	2	3
92	4	4
92	5	5
92	6	6
92	7	8
92	9	10
92	11	12
92	13	13
92	14	14
92	15	16
92	17	17
92	18	18
92	19	20
92	21	22
92	23	24
92	25	25

93	0	0
93	1	2
93	3	4

94	2	3
94	4	4
94	5	6
94	7	7
94	8	9
94	10	11
94	12	12
94	13	14
94	15	16
94	17	17
94	18	21
94	22	22
94	23	24
94	25	26
94	27	27
94	28	28
94	29	29
94	30	31
94	32	33
94	34	35
94	36	36
94	37	38
94	39	39
94	40	40
94	42	44
94	45	45
94	46	47
94	49	50
94	51	52
94	53	53
94	54	55
94	56	57
94	58	58

95	0	1
95	2	2
95	3	3
95	5	8
95	10	10
95	12	15

96	2	3
96	4	5
96	6	7
96	8	8
96	9	10
96	11	12
96	13	14
96	15	15
96	16	16
96	17	18
96	19	22
96	23	23
96	24	25
96	26	27
96	28	28
96	29	30
96	31	32
96	33	33
96	34	35
96	36	36
96	37	38
96	39	40
96	41	42
96	43	43
96	45	45
96	46	47
96	48	50
96	51	51
96	52	54
96	55	55
96	56	57
96	58	59
96	60	61
96	62	63
96	64	64
96	65	65
96	66	66
96	67	67
96	68	69
96	70	71
96	72	72
96	73	73
96	74	75
96	76	76
96	77	78
96	79	79
96	80	81
96	82	83
96	84	85
96	86	86
96	87	88
96	89	89
96	91	91
96	92	92
96	93	96
96	97	98
96	99	100
96	101	102
96	103	103
96	104	105
96	106	107
96	108	109
96	110	110

97	0	0
97	1	1
97	2	2
97	3	4
97	5	7
97	8	8
97	9	11
97	12	12
97	13	14
97	15	16
97	17	18

98	0	1
98	2	3
98	5	6
98	7	8
98	10	11
98	12	13
98	15	16
98	17	18
98	20	21
98	22	23

99	0	1
99	2	3
99	4	5
99	7	8
99	9	10
99	11	11
99	12	13
99	14	15
99	17	17
99	18	19
99	20	21
99	22	23
99	25	26
99	27	28
99	30	31
99	32	33

101	2	3
101	4	5
101	6	6
101	7	8
101	9	10
101	11	12
101	13	14
101	15	16
101	17	17
101	18	19
101	20	21
101	22	22
101	23	23
101	24	25
101	26	27
101	28	29
101	30	31
101	32	33
101	34	35
101	36	39
101	40	40
101	41	42
101	43	43
101	45	45
101	46	47
101	48	48

102	0	0
102	1	2
102	3	4

103	2	3
103	4	5
103	6	6
103	7	8
103	9	9
103	10	11
103	12	13
103	14	14
103	15	15
103	16	17
103	18	19
103	20	20
103	21	22
103	23	26
103	27	27
103	28	29
103	30	31
103	32	32
103	33	34
103	35	36
103	37	37
103	38	39
103	40	41
103	42	42
103	44	44
103	45	46
103	47	49
103	50	50
103	51	53
103	54	54
103	55	55
103	56	57
103	58	59
103	60	60
103	61	63
103	64	65
103	66	66
103	67	68
103	69	70
103	71	72
103	73	74
103	75	75
103	76	76
103	77	78
103	79	80
103	81	82
103	83	84
103	85	85
103	86	87
103	89	90
103	91	91

104	0	0
104	1	2
104	3	4

105	2	3
105	4	5
105	6	6
105	7	8
105	9	10
105	11	12
105	13	13
105	14	15
105	16	17
105	18	19
105	20	20
105	21	22
105	23	23
105	24	24
105	25	25
105	26	26
105	27	27
105	28	28
105	29	29
105	30	31
105	32	32
105	33	33
105	34	35
105	36	38
105	39	39
105	40	42
105	43	43
105	44	44
105	46	46
105	47	48
105	49	50
105	51	51
105	52	53
105	54	55
105	56	57
105	58	59

106	2	2
106	3	3
106	4	5
106	6	7
106	8	9
106	10	11
106	12	12
106	13	14
106	15	16
106	17	17
106	18	19
106	20	21
106	22	22
106	23	24
106	25	26
106	27	27
106	28	28
106	29	29
106	30	30
106	31	32
106	33	33
106	34	35
106	36	36
106	37	38
106	39	39
106	40	41
106	42	42
106	44	45
106	46	46

107	2	2
107	3	3
107	4	5
107	6	7
107	8	9
107	10	11
107	12	12
107	13	14
107	15	15
107	16	16
107	17	18
107	19	19
107	20	21
107	22	23
107	24	24
107	25	28
107	29	29
107	30	30
107	31	32
107	33	36
107	37	37
107	38	40
107	41	41
107	42	43
107	45	46
107	47	48
107	49	49
107	50	51
107	52	53
107	54	54
107	55	56
107	57	58
107	59	60
107	61	61
107	62	62

108	2	2
108	3	3
108	4	5
108	6	7
108	8	9
108	10	11
108	12	13
108	14	15
108	16	16
108	17	18
108	19	20
108	21	22
108	23	23
108	24	25
108	26	26
108	27	28
108	29	29
108	30	30
108	31	33
108	34	35
108	36	36
108	37	38
108	39	39
108	40	41
108	42	43
108	45	45
108	46	47
108	48	49
108	50	50
108	51	52
108	53	53
108	54	55
108	56	56
108	57	58
108	59	59
108	60	61
108	62	63
108	64	65
108	66	66
108	67	68
108	69	69
108	70	72
108	73	74
108	75	75
108	76	76

109	2	2
109	3	3
109	4	5
109	6	7
109	8	9
109	10	11
109	12	13
109	14	14
109	15	16
109	17	18
109	19	19
109	20	21
109	22	22
109	23	24
109	25	25
109	26	27
109	28	29
109	30	30
109	31	32
109	33	34
109	35	36
109	37	38
109	39	39
109	40	41
109	42	42
109	43	43
109	45	45
109	46	47
109	48	49
109	50	50
109	51	52
109	53	56
109	57	58
109	59	59
109	60	61
109	62	63
109	64	66
109	67	67
109	68	68
109	69	70
109	71	72
109	73	73
109	74	75
109	76	77
109	78	78

110	0	0
110	1	1
110	2	2
110	3	4
110	5	7
110	8	8
110	9	11
110	12	12
110	13	14
110	15	16
110	17	17
110	18	19
110	20	21
110	22	23
110	24	24

111	0	1
111	2	3
111	5	6
111	7	8
111	10	11
111	12	13

112	0	0
112	1	1
112	2	3
112	5	6
112	10	12
112	13	14
112	15	15
112	16	17
112	18	19

113	2	4
113	5	6
113	7	8
113	9	9
113	10	11
113	12	13
113	14	14
113	15	16
113	17	17
113	18	19
113	20	20
113	21	22
113	23	23
113	24	25

114	2	4
114	5	6
114	7	8

115	2	4
115	5	6
115	7	8

116	0	0
116	1	1
116	2	3
116	5	6
116	10	12
116	13	14
116	15	16
116	17	18
116	19	20
116	21	22

117	2	4
117	5	5
117	6	6
117	7	8
117	9	9
117	10	11
117	12	12

118	2	4
118	5	5
118	6	6
118	7	8

119	2	4
119	5	5
119	6	6
119	7	8
119	9	10

120	2	4
120	5	5
120	6	6
120	7	10

121	2	4
121	5	5
121	6	6
121	7	7
121	8	9
121	10	13

122	2	4
122	5	5
122	6	6
122	7	9

123	2	4
123	5	5
123	6	6
123	7	8

124	2	4
124	5	6
124	7	8
124	9	10
124	11	12
124	13	14

125	2	4
125	5	5
125	6	6
125	7	8
125	9	9
125	10	11
125	12	12

126	2	4
126	5	5
126	6	6
126	7	8

127	2	4
127	5	5
127	6	6
127	7	8
127	9	10

128	2	4
128	5	5
128	6	6
128	7	10

131	0	1
131	2	2
131	3	3
131	5	8
131	10	10
131	12	15

132	0	0
132	1	1
132	3	3
132	4	4
132	5	5

133	0	1
133	2	3
133	5	6
133	7	8
133	10	11
133	12	13

134	0	0
134	1	1
134	2	3
134	5	6
134	10	12
134	13	13
134	14	14
134	15	17

135	2	4
135	5	5
135	6	6
135	7	8

136	2	4
136	5	6
136	7	8
136	9	10

137	2	4
137	5	6
137	7	8

138	0	0
138	1	1
138	2	3
138	5	6
138	10	12
138	13	13
138	14	15
138	16	16
138	17	17
138	19	21
138	22	23
138	24	25
138	26	27
138	28	29
138	30	31

139	2	4
139	5	6
139	7	7
139	8	9
139	10	10
139	11	12

140	2	4
140	5	5
140	6	6
140	7	8
140	9	10

141	2	4
141	5	5
141	6	6
141	7	8
141	9	9
141	10	11

142	2	4
142	5	5
142	6	6
142	7	7
142	8	10
142	11	12
142	13	13
142	14	15

143	2	4
143	5	5
143	6	6
143	7	8
143	9	11
143	12	13
143	14	15

144	2	4
144	5	5
144	6	6
144	7	8
144	9	9
144	10	11
144	12	12
144	13	14

145	2	4
145	5	5
145	6	6
145	7	8

146	0	0
146	1	1
146	2	3
146	5	6
146	7	7
146	11	13
146	14	15
146	16	17

147	2	4
147	5	6
147	7	8

148	2	4
148	5	6
148	7	8

149	2	4
149	5	5
149	6	6
149	7	8
149	9	9
149	10	11

150	2	4
150	5	5
150	6	6
150	7	8
150	9	10

151	2	4
151	5	5
151	6	6
151	7	8
151	9	10
151	11	12
151	13	14

152	2	4
152	5	5
152	6	6
152	7	8
152	9	10

153	2	4
153	5	5
153	6	6
153	7	8

154	2	4
154	5	5
154	6	7
154	8	9
154	10	10
154	11	12
154	13	14

155	2	4
155	5	5
155	6	6
155	7	10
155	11	12

156	2	4
156	5	5
156	6	6
156	7	8
156	9	10
156	11	13

157	2	4
157	5	5
157	6	6
157	7	8

159	0	1
159	2	2

160	0	0
160	1	3
160	4	5
160	6	6

161	0	0
161	1	2
161	3	5
161	6	6
161	7	9
161	10	10
161	11	12
161	13	13
161	14	15
161	16	16
161	17	18
161	19	20

162	0	0
162	1	3
162	4	4
162	5	6
162	7	9
162	10	10
162	11	13
162	14	14
162	15	16
162	17	18
162	19	19
162	20	21
162	22	22
162	23	24
162	25	26
162	27	29

164	0	1
164	2	2
164	3	7
164	9	9
164	10	10
164	12	14

165	0	0
165	1	2
165	4	6
165	7	7
165	9	13
165	14	14
165	16	18

196	0	0
196	1	2
196	4	6
196	7	7
196	9	13
196	14	14
196	16	18

197	0	2
197	4	7
197	8	8
197	9	9
197	11	14

198	0	0
198	1	3
198	5	5
198	6	6
198	7	7

228	0	0
228	1	3
228	5	5
228	6	6
228	7	7

229	0	1
229	3	3
229	5	8
229	9	9
229	10	10
229	12	15

257	0	0
257	1	3
257	5	5
257	6	6
257	7	7

258	0	3
258	4	4
258	5	5
258	7	10

260	0	7
260	9	9
260	10	10
260	12	14

287	0	1
287	3	4
287	5	5
287	7	8
287	9	10
287	12	13
287	14	15
287	17	18
287	19	20

288	1	2
288	4	5
288	6	6
288	7	8

289	0	1
289	3	4
289	6	6
289	7	8
289	9	10
289	12	13
289	14	15
289	19	21
289	25	26
289	27	28
289	29	29
289	30	33
289	34	34
289	35	35
289	36	37
289	41	41
289	42	42
289	43	44
289	45	45
289	46	47
289	48	49
289	50	50
289	51	52
289	53	53
289	54	55
289	56	57
289	58	58

290	2	2
290	3	3
290	4	5
290	6	6
290	7	8
290	9	10
290	11	12
290	13	13
290	14	15
290	16	17
290	18	20
290	21	21
290	22	23
290	24	25
290	26	27
290	28	29
290	30	31

291	0	1
291	4	5
291	6	7
291	8	9
291	10	10
291	14	16
291	20	23
291	24	24
291	25	26
291	27	28
291	29	30
291	31	31
291	32	33
291	34	35
291	36	36
291	37	38
291	42	42
291	43	43
291	44	45
291	46	46
291	47	47
291	48	49
291	50	51
291	52	53
291	54	55
291	56	56
291	57	58

292	1	2
292	5	6
292	7	8
292	9	10
292	12	12
292	13	14
292	15	15
292	16	17
292	18	18
292	20	21
292	22	23
292	24	24
292	25	25
292	29	31
292	35	36
292	37	37
292	38	40
292	41	41
292	42	43
292	44	44
292	45	46
292	47	47
292	48	49
292	50	51
292	52	53
292	54	54
292	58	58
292	59	59
292	60	61
292	62	62
292	63	64
292	65	66
292	67	67
292	68	69

293	0	1
293	4	5
293	6	7
293	8	8
293	9	10
293	14	16
293	20	21
293	22	22
293	23	23
293	24	25
293	26	26
293	27	27
293	28	29
293	30	30
293	31	32
293	33	34
293	35	36
293	37	37
293	41	41
293	42	42
293	43	44
293	45	45
293	46	47
293	48	49

295	0	0
295	1	3
295	4	4
295	5	6
295	7	9
295	10	10
295	11	13
295	14	14
295	15	16
295	17	18
295	19	19
295	20	21
295	22	22
295	23	24
295	25	26
295	27	29

296	0	1
296	3	4
296	5	6
296	7	7
296	9	10
296	11	12
296	14	15
296	16	17
296	19	20
296	21	22

297	1	2
297	4	5
297	6	6
297	7	8

298	0	0
298	2	3
298	5	5
298	6	7
298	11	12
298	16	16
298	17	18
298	19	19
298	20	20
298	21	22
298	23	23
298	24	27
298	28	28
298	29	29
298	30	30
298	31	31
298	32	32
298	33	34
298	38	38
298	39	39
298	40	41
298	42	42
298	43	44
298	45	46
298	47	47

299	2	2
299	3	3
299	4	5
299	6	6
299	7	8
299	9	10
299	11	11

300	0	0
300	3	4
300	6	6
300	10	11
300	12	12
300	13	14
300	15	16
300	17	17
300	18	18
300	19	19
300	20	21
300	22	22
300	23	24
300	25	25
300	26	27
300	28	29
300	33	33
300	34	34
300	35	36
300	37	37
300	38	39
300	40	42
300	43	43
300	44	45

301	5	6
301	10	11
301	12	13
301	14	15
301	16	17
301	21	21
301	22	22
301	23	24
301	25	25
301	26	27
301	28	30
301	31	31
301	32	33

302	0	0
302	3	4
302	5	6
302	10	11
302	15	16
302	17	18
302	22	22
302	23	23
302	24	25
302	26	26
302	27	28
302	29	30
302	31	31

303	2	2
303	3	3
303	4	5
303	6	6
303	7	8
303	9	10
303	11	11

304	2	2
304	3	3
304	4	5
304	6	6
304	7	8
304	9	10
304	11	11

305	2	2
305	3	3
305	4	5
305	6	6
305	7	8
305	9	9
305	10	11
305	12	13
305	14	14

306	0	0
306	2	3
306	5	6
306	8	9
306	10	11
306	13	13
306	17	18
306	19	20
306	21	22
306	23	25
306	27	31
306	32	32
306	33	33
306	34	34
306	35	36
306	37	38

307	0	6
307	10	10
307	11	11
307	12	13
307	14	14
307	15	16
307	17	18
307	19	19
307	20	20
307	21	21
307	22	23
307	24	24

308	2	2
308	3	3
308	4	5
308	6	6
308	7	8
308	9	10
308	11	12
308	13	14
308	15	16
308	17	17
308	18	19
308	20	21
308	22	23
308	24	25

309	0	0
309	3	4
309	5	6
309	7	8
309	12	14
309	18	19
309	20	21
309	22	23
309	24	24
309	25	27
309	28	28
309	29	29
309	30	31
309	32	35
309	39	39
309	40	40
309	41	42
309	43	43
309	44	45
309	46	47
309	48	48
309	49	49
309	50	50
309	51	52
309	53	53

310	2	2
310	3	3
310	4	5
310	6	6
310	7	8
310	9	10
310	11	12
310	13	13
310	14	15
310	16	17
310	18	19
310	20	21

311	5	6
311	10	11
311	12	13
311	14	15

312	0	0
312	3	5
312	9	11
312	15	15
312	16	17
312	18	18
312	19	19
312	20	21
312	22	23
312	24	24
312	25	26
312	27	27
312	28	29
312	30	32
312	36	36
312	37	37
312	38	39
312	40	40
312	41	41
312	42	43
312	44	45
312	46	47
312	48	48

313	2	2
313	3	3
313	4	5
313	6	6
313	7	8
313	9	11
313	12	13
313	14	14
313	15	18

315	0	1
315	3	4
315	5	6
315	7	7
315	9	10
315	11	12
315	14	15
315	16	17
315	19	20
315	21	22

316	1	2
316	4	5
316	6	6
316	7	8

317	0	0
317	2	3
317	5	6
317	8	9
317	10	10
317	12	12
317	13	14
317	16	17
317	19	22
317	26	27
317	31	32
317	33	34
317	35	35
317	36	37
317	38	38
317	42	42
317	43	43
317	44	45
317	46	46
317	47	48
317	49	50

318	3	5
318	9	10
318	14	15
318	16	17
318	18	18
318	19	23
318	24	24
318	25	25
318	29	29
318	30	30
318	31	32
318	33	33
318	34	35
318	36	37

319	3	4
319	8	9
319	13	13
319	14	15
319	16	19
319	20	20
319	21	21
319	22	22
319	23	23
319	27	27
319	28	28
319	29	30
319	31	31
319	32	33
319	34	35

320	0	0
320	3	4
320	5	6
320	8	8
320	9	10
320	11	12
320	13	13
320	15	15
320	19	20
320	21	22
320	23	24
320	25	26
320	27	27
320	28	28
320	29	30
320	31	31
320	32	34
320	38	38
320	39	39
320	40	41
320	42	42
320	43	44
320	45	45
320	46	47
320	48	50
320	51	52
320	53	54

321	5	6
321	10	11
321	12	13
321	14	15
321	16	16
321	17	18
321	20	20
321	21	21
321	22	22
321	23	24
321	25	26
321	27	27
321	28	30

322	5	7
322	11	12
322	13	14
322	15	16
322	17	19
322	20	20
322	21	21
322	22	22
322	23	24
322	25	26
322	27	30

323	2	3
323	4	5
323	7	7
323	8	9
323	10	11
323	12	12
323	16	17
323	21	22
323	23	24
323	25	26
323	27	28
323	29	29
323	30	31
323	32	33
323	34	35
323	39	39
323	40	40
323	41	42
323	43	43
323	44	45
323	46	47
323	48	48

324	2	2
324	3	3
324	4	5
324	6	6
324	7	8
324	9	10
324	11	11
324	12	14
324	15	15
324	16	16
324	17	18
324	19	19
324	20	21
324	22	23
324	24	25

325	0	0
325	3	4
325	5	6
325	10	11
325	15	18
325	19	19
325	20	22
325	23	23
325	24	25
325	26	27
325	28	29
325	33	33
325	34	34
325	35	36
325	37	37
325	38	39
325	40	41
325	42	43
325	44	45
325	46	46

326	2	2
326	3	3
326	4	5
326	6	6
326	7	8
326	9	10
326	11	11
326	12	13
326	14	14
326	15	16
326	17	17
326	18	19
326	20	21
326	22	23
326	24	25

328	0	0
328	1	3
328	4	4
328	5	6
328	7	9
328	10	10
328	11	13
328	14	14
328	15	16
328	17	17
328	18	19
328	20	20
328	21	21
328	22	23
328	24	25
328	26	26
328	27	28
328	29	29
328	30	31
328	32	33
328	34	36

329	0	1
329	3	4
329	5	6
329	7	7
329	9	10
329	11	12
329	14	15
329	16	17
329	19	20
329	21	22

330	1	2
330	4	5
330	6	6
330	7	8

331	0	0
331	2	3
331	5	6
331	7	8
331	10	10
331	14	15
331	16	17
331	18	19
331	23	23
331	24	24
331	25	26
331	27	27
331	28	29
331	30	32
331	33	34
331	35	35
331	36	37
331	38	39
331	40	40
331	41	42
331	43	43
331	44	45
331	46	46
331	47	48
331	49	51
331	52	52
331	53	54
331	56	58
331	59	60
331	61	61
331	62	63
331	64	64
331	65	67
331	68	69
331	70	71
331	72	72
331	73	73
331	74	75
331	76	77
331	78	78
331	79	79
331	80	81
331	82	83
331	84	86
331	87	87
331	89	89
331	90	91
331	92	94
331	95	96
331	97	98
331	99	100
331	101	102
331	103	103
331	104	104
331	105	106
331	107	107
331	108	108
331	109	110

332	5	6
332	10	11
332	12	12
332	13	14
332	15	15
332	16	17
332	18	20
332	21	22
332	23	24

333	0	0
333	3	6
333	10	11
333	15	18
333	19	20
333	24	24
333	25	25
333	26	27
333	28	28
333	29	30
333	31	32
333	33	34
333	35	35
333	36	36
333	37	38
333	39	40
333	41	44
333	45	46
333	47	48
333	49	50
333	51	52

334	0	0
334	3	4
334	5	6
334	8	8
334	12	13
334	14	14
334	15	16
334	17	17
334	18	18
334	19	20
334	21	22
334	23	24
334	25	25
334	26	26
334	30	30
334	31	31
334	32	33
334	34	34
334	35	35
334	36	38
334	39	40
334	41	42
334	43	43

335	2	2
335	3	3
335	4	5
335	6	6
335	7	8
335	9	10
335	11	11
335	12	13
335	14	15
335	16	17

336	5	6
336	10	12
336	13	13
336	14	15
336	16	16
336	17	17
336	18	19
336	20	21
336	22	23
336	24	25

337	0	0
337	3	3
337	4	6

338	2	2
338	3	3
338	4	4
338	5	5
338	9	10
338	14	16
338	17	17
338	18	18
338	19	20
338	24	24
338	25	25
338	26	27
338	28	28
338	29	30
338	31	32
338	33	34
338	35	37
338	38	38
338	39	40
338	41	42
338	43	44
338	45	45
338	46	47
338	48	50
338	51	51
338	52	52
338	53	54
338	55	55
338	57	58
338	59	60
338	61	62
338	63	64

339	0	0
339	3	4
339	6	6
339	10	10
339	11	12
339	13	14
339	15	15
339	16	16
339	17	18
339	19	20
339	21	21
339	22	23
339	24	25
339	26	26
339	27	28
339	29	29
339	33	33
339	34	34
339	35	36
339	37	37
339	38	39
339	40	41
339	42	42
339	43	44
339	45	46
339	47	48
339	49	50

341	0	0
341	1	3
341	5	5
341	6	6
341	7	7

342	0	1
342	3	4
342	5	6
342	7	7
342	9	10
342	11	12
342	14	15
342	16	17
342	19	20
342	21	22

343	1	2
343	4	5
343	6	6
343	7	8

344	0	0
344	2	3
344	5	6
344	10	11
344	15	16
344	17	18
344	19	20
344	21	21
344	22	22
344	23	25
344	26	27
344	28	29
344	30	31
344	32	33
344	34	34
344	35	35
344	37	38
344	39	40
344	44	44
344	45	45
344	46	47
344	48	48
344	49	49
344	50	51
344	52	53
344	54	55
344	56	57

345	3	3
345	7	7
345	8	9
345	10	11
345	12	12
345	13	13
345	14	15
345	16	17
345	18	18
345	19	20
345	21	22
345	23	23
345	24	25
345	26	26

346	0	0
346	2	3
346	5	6
346	10	12
346	16	16
346	17	18
346	19	19
346	20	22
346	23	24
346	25	26
346	30	30
346	31	31
346	32	33
346	34	34
346	35	36
346	37	37
346	38	40
346	41	42
346	43	44

347	0	0
347	6	8
347	12	13
347	14	15
347	16	16
347	17	20
347	21	21
347	22	23
347	24	27
347	28	28
347	29	29
347	30	30
347	31	31
347	33	33
347	34	35
347	36	37
347	41	41
347	42	42
347	43	44
347	45	45
347	46	47
347	48	49
347	50	51
347	52	53
347	54	55

348	0	0
348	6	7
348	11	12
348	13	14
348	15	15
348	16	19
348	20	20
348	21	22
348	23	24
348	25	26
348	27	28
348	29	29
348	30	31
348	35	35
348	36	36
348	37	38
348	39	39
348	40	41
348	42	43
348	44	45
348	46	47
348	48	48
348	49	50
348	51	52
348	53	56

349	0	1
349	4	4
349	5	7
349	8	8
349	9	9
349	11	11
349	12	12
349	16	18
349	22	22
349	23	24
349	25	27
349	28	29
349	30	31
349	32	33
349	37	37
349	38	38
349	39	40
349	41	41
349	42	42
349	43	45
349	46	47
349	48	49
349	50	51

351	0	0
351	1	3
351	4	4
351	5	6
351	7	9
351	10	10
351	11	13
351	14	14
351	15	16
351	17	18
351	19	20
351	21	22
351	23	23
351	24	25
351	26	26
351	27	28
351	29	30
351	31	33

352	0	1
352	3	4
352	5	5
352	7	8
352	9	10
352	12	13
352	14	15
352	17	18
352	19	20

353	1	2
353	4	5
353	6	6
353	7	8

354	2	2
354	4	5
354	7	8
354	12	13
354	17	18
354	19	20
354	24	24
354	25	25
354	26	27
354	28	28
354	29	31
354	32	33
354	34	35
354	36	37
354	38	39
354	40	40
354	41	41
354	42	43
354	44	45
354	46	47
354	48	48
354	49	50
354	51	52
354	53	53
354	54	55
354	57	57
354	58	59
354	60	60
354	61	61
354	62	63
354	64	64

355	2	2
355	3	3
355	4	5
355	6	6
355	7	8
355	9	10
355	11	11
355	12	12

356	2	2
356	3	3
356	4	5
356	6	6
356	7	8
356	9	10
356	11	12
356	13	14

357	2	2
357	5	7
357	11	12
357	16	17
357	18	19
357	20	20
357	21	22
357	23	23
357	24	25
357	26	26
357	27	27
357	28	29
357	30	31
357	32	33
357	34	35
357	37	38
357	39	40
357	41	41
357	42	42
357	43	43
357	44	44
357	45	45
357	46	47
357	48	51
357	52	53
357	57	57
357	58	58
357	59	60
357	61	61
357	62	63
357	64	66
357	67	67
357	68	69
357	70	71
357	72	73
357	74	74
357	75	75
357	76	77
357	78	79
357	80	81
357	82	82
357	83	83
357	84	85
357	86	87
357	88	88
357	90	90
357	91	91
357	92	94
357	95	96
357	97	97
357	98	99
357	100	101
357	102	102
357	103	104
357	105	106
357	107	107

358	2	2
358	3	3
358	4	5
358	6	6
358	7	7
358	8	8
358	9	11
358	12	12
358	13	13
358	14	15
358	16	17
358	18	18
358	19	19
358	20	22
358	23	24
358	25	25
358	26	27
358	28	28
358	29	29
358	30	31
358	32	33

359	5	6
359	10	12
359	13	13
359	14	15

360	0	0
360	3	4
360	5	6
360	10	11
360	15	16
360	17	18
360	22	23
360	24	24
360	25	25
360	26	27
360	28	29
360	30	31

361	0	0
361	1	1
361	2	3
361	4	4
361	5	6
361	7	8
361	9	9
361	10	11
361	12	13
361	14	15
361	16	17
361	18	19
361	20	20
361	22	23
361	24	24
361	25	25
361	26	29
361	30	31

362	2	2
362	3	3
362	4	5
362	6	6
362	7	8
362	9	10
362	11	11
362	12	13
362	14	15
362	16	17
362	18	19
362	20	21

363	2	2
363	5	6
363	8	8
363	12	13
363	14	15
363	19	19
363	20	20
363	21	22
363	23	23
363	24	25
363	26	27
363	28	28
363	29	29
363	30	31
363	32	32
363	33	34
363	35	36
363	37	38
363	39	40

364	5	6
364	10	11
364	12	13

367	0	1
367	3	4
367	5	5
367	7	8
367	9	10
367	12	13
367	14	15
367	17	18
367	19	20

368	1	2
368	4	5
368	6	6
368	7	8

369	0	0
369	2	3
369	5	6
369	7	8
369	12	14
369	17	18
369	19	20
369	21	22
369	23	24
369	25	26
369	27	27
369	28	29
369	33	33
369	34	34
369	35	36
369	37	37
369	38	39
369	40	41
369	42	43
369	44	45
369	46	47
369	48	49
369	50	50
369	51	52
369	53	53
369	54	55
369	56	57
369	58	59
369	60	61
369	62	63

370	0	0
370	3	3
370	4	5
370	6	7
370	8	9
370	13	15
370	18	19
370	20	22
370	23	24
370	25	26
370	27	28
370	29	30

371	0	0
371	3	4
371	5	6
371	7	8
371	12	13
371	16	17
371	18	19
371	20	21
371	22	23
371	24	25
371	29	29
371	30	30
371	31	32
371	33	33
371	34	35
371	36	37
371	38	39
371	40	41
371	42	43
371	44	44

372	2	2
372	3	3
372	4	5
372	6	6
372	7	8
372	9	10
372	11	12
372	13	14
372	15	15
372	16	17
372	18	18
372	19	20
372	21	22
372	23	23
372	24	25
372	26	27
372	28	28
372	29	30
372	31	32
372	33	33
372	35	35
372	36	37
372	38	39
372	40	40
372	41	42
372	43	44
372	45	46
372	47	48
372	49	49
372	50	51
372	52	53
372	54	55
372	56	57

373	5	7
373	10	10
373	11	11
373	12	14
373	15	16
373	17	18

374	0	0
374	3	4
374	5	6
374	10	11
374	15	16
374	17	18
374	19	20
374	21	21
374	22	23
374	24	25
374	26	27
374	28	29
374	33	33
374	34	34
374	35	36
374	37	37
374	38	39
374	40	41
374	42	43
374	44	45
374	46	47
374	48	48
374	49	50
374	51	52
374	53	53

375	2	2
375	3	3
375	4	5
375	6	6
375	7	8
375	9	10
375	11	11
375	12	13
375	14	15
375	16	17
375	18	19
375	20	20
375	21	21
375	22	23
375	24	25
375	26	27

376	0	0
376	3	4
376	5	6
376	10	11
376	15	16
376	17	18
376	19	20
376	24	24
376	25	25
376	26	27
376	28	28
376	29	30
376	31	32
376	33	34
376	35	36
376	37	38
376	39	40

377	1	2
377	5	6
377	10	11
377	15	16
377	20	20
377	21	21
377	22	23
377	24	24
377	25	26
377	27	28
377	29	30
377	31	32
377	33	35
377	36	36

378	2	2
378	3	3
378	4	5
378	6	6
378	7	8
378	9	10
378	11	11
378	12	13
378	14	15
378	16	16
378	17	18
378	19	20
378	21	22
378	23	24

379	0	1
379	4	5
379	6	7
379	11	12
379	16	17
379	18	19
379	20	21
379	22	22
379	23	24
379	25	26
379	27	28
379	32	32
379	33	33
379	34	35
379	36	36
379	37	38
379	39	40
379	41	42
379	43	44
379	45	47

380	1	2
380	5	6
380	7	8
380	12	13
380	17	18
380	19	20
380	21	22
380	23	23
380	24	25
380	29	29
380	30	30
380	31	32
380	33	33
380	34	35
380	36	39
380	40	40
380	41	42
380	43	44
380	45	46

381	0	1
381	4	4
381	5	6
381	10	11
381	15	15
381	16	17
381	19	19
381	20	20
381	21	22
381	23	23
381	24	25
381	26	26
381	27	27
381	28	29
381	30	30
381	31	31
381	32	33
381	34	35
381	36	37
381	38	39
381	40	40
381	42	42
381	43	43
381	44	45
381	46	46
381	47	48
381	49	49
381	50	51
381	52	53
381	54	54
381	55	56
381	57	58
381	59	60
381	61	62

382	1	2
382	5	6
382	7	9
382	10	10
382	14	15
382	19	20
382	21	22
382	23	25
382	26	26
382	27	28
382	29	29
382	30	31
382	32	34
382	35	35
382	36	37
382	38	38
382	39	40
382	42	43
382	44	45
382	46	46
382	47	47
382	48	49
382	50	50
382	51	51
382	52	52
382	53	54
382	55	55
382	56	57
382	58	60
382	61	61
382	62	63
382	67	67
382	68	68
382	69	70
382	71	71
382	72	73
382	74	74
382	75	76
382	77	78
382	79	80
382	81	82
382	83	83
382	84	85
382	86	87
382	88	88
382	89	90
382	91	91
382	92	93
382	94	95
382	96	97
382	98	98
382	100	100
382	101	102
382	103	103
382	104	105
382	106	106

383	2	2
383	3	3
383	4	5
383	6	6
383	7	8
383	9	11
383	12	12
383	13	14
383	15	15
383	16	17
383	18	19
383	20	21
383	22	23

384	6	6
384	7	8
384	9	10
384	11	12
384	13	15
384	16	17
384	18	18
384	19	20
384	21	22
384	23	23
384	24	25
384	27	29
384	30	30
384	31	31
384	32	32
384	33	34
384	35	36
384	37	38
384	39	40
384	41	41
384	42	43
384	44	44
384	45	46

386	0	0
386	1	3
386	4	4
386	5	6
386	7	9
386	10	10
386	11	13
386	14	14
386	15	15
386	16	17
386	18	19
386	20	21
386	22	23
386	24	24
386	25	26
386	27	27
386	28	29
386	30	31
386	32	34

387	0	0
387	1	3
387	5	5
387	6	6
387	7	7

388	0	0
388	1	5
388	7	7
388	8	8
388	10	11
388	12	12
388	13	14

390	0	0
390	1	3
390	4	4
390	5	6
390	7	9
390	10	10
390	11	13
390	14	14
390	15	15
390	16	17
390	18	19
390	20	20
390	21	22
390	23	24
390	25	26
390	27	28
390	29	29
390	30	31
390	32	32
390	33	34
390	35	36
390	37	39

391	0	1
391	3	4
391	5	5
391	7	8
391	9	10
391	12	13
391	14	15
391	17	18
391	19	20

392	1	2
392	4	5
392	6	6
392	7	8

393	1	1
393	3	4
393	6	8
393	12	13
393	17	19
393	20	21
393	22	23
393	24	24
393	25	26
393	27	28
393	29	30
393	31	32
393	33	33
393	34	35
393	39	40
393	41	41
393	42	43
393	44	45
393	46	47
393	48	48
393	49	49
393	50	51
393	52	53
393	54	55
393	56	57
393	58	59
393	60	60
393	61	62
393	63	64
393	65	65
393	66	67
393	68	69

394	1	1
394	4	5
394	6	7
394	8	8
394	12	13
394	17	18
394	19	19
394	20	21
394	22	23
394	27	27
394	28	28
394	29	30
394	31	31
394	32	33
394	34	35
394	36	36

395	1	1
395	4	5
395	6	7
395	8	8
395	12	14
395	18	18
395	19	20
395	21	21
395	22	23
395	24	24
395	25	26
395	27	27
395	28	29
395	30	31
395	32	33
395	34	35
395	36	36
395	37	38
395	40	40
395	41	41
395	42	43
395	44	44
395	45	46
395	47	48
395	49	50
395	51	51
395	52	53
395	54	55
395	56	56
395	57	58
395	59	59
395	60	61
395	62	63
395	64	64
395	66	66
395	67	67
395	68	69
395	70	70
395	71	72
395	73	74
395	75	76
395	77	77
395	78	79
395	80	81

396	1	1
396	4	5
396	6	8
396	12	14
396	18	19
396	20	22
396	23	23
396	24	25
396	26	26
396	27	28
396	29	29
396	30	31
396	32	33
396	34	35
396	36	36
396	38	38
396	39	39
396	40	41
396	45	45
396	46	46
396	47	48
396	49	49
396	50	51
396	52	53
396	54	55
396	56	57
396	58	59
396	60	61
396	62	63
396	64	65
396	66	66
396	67	68
396	69	70
396	71	71

397	2	2
397	3	3
397	4	5
397	6	6
397	7	8
397	9	9
397	10	11
397	12	13
397	14	15
397	16	16
397	17	18
397	19	19
397	20	21
397	22	23

398	0	0
398	3	5
398	6	6
398	7	8
398	10	11
398	12	13
398	14	14
398	15	15
398	17	18
398	19	19
398	20	20
398	21	22
398	24	26
398	30	31
398	35	36
398	37	38
398	39	40
398	41	42
398	46	46
398	47	47
398	48	49
398	50	50
398	51	52
398	53	53
398	54	55
398	56	57
398	58	58
398	59	60
398	61	61
398	62	63
398	64	65

399	1	1
399	4	5
399	6	7
399	8	9
399	13	14
399	18	19
399	20	21
399	22	23
399	24	25
399	26	26
399	27	28
399	29	30
399	31	31
399	32	33
399	34	35
399	36	37
399	39	40
399	41	42
399	44	44
399	45	45
399	46	47
399	48	48
399	49	49
399	50	51
399	52	53
399	54	55
399	56	57
399	58	59
399	61	61
399	62	62
399	63	64
399	65	65
399	66	66
399	67	68
399	69	70
399	71	72
399	73	74
399	75	76

400	0	0
400	2	3
400	5	6
400	7	8
400	12	14
400	18	19
400	20	21
400	22	22
400	23	24
400	25	26
400	27	27
400	28	28
400	29	30
400	31	33
400	34	34
400	35	35
400	36	37
400	39	39
400	40	42
400	43	43
400	44	45
400	46	48
400	52	52
400	53	53
400	54	55
400	56	56
400	57	58
400	59	61

401	0	0
401	3	4
401	5	7
401	11	13
401	17	18
401	19	21
401	22	22
401	23	24
401	25	26
401	30	30
401	31	31
401	32	33
401	34	34
401	35	35
401	36	37
401	38	40
401	41	42
401	43	44
401	45	46

