1	0	2
1	4	9

4	0	0
4	1	1
4	2	4

5	0	3
5	4	5
5	6	7
5	8	9

6	0	0
6	1	1
6	2	4
6	6	10
6	11	11
6	12	15

7	0	0
7	1	2
7	3	4
7	5	7
7	8	8
7	9	11
7	12	12
7	13	14
7	15	16
7	17	18

8	0	9
8	11	21
8	23	27
8	29	31
8	33	35
8	37	47
8	49	55
8	56	56

9	0	3
9	4	4
9	5	6
9	7	7
9	8	9
9	11	12

10	0	3
10	4	5

11	0	0
11	2	2

12	0	1
12	3	4

13	0	0
13	1	2
13	4	4

14	0	0
14	1	3
14	4	5
14	6	7
14	9	9

15	0	0
15	1	2
15	3	3
15	4	5
15	7	7

16	0	0
16	1	2
16	4	4

17	0	0
17	1	2
17	3	4
17	5	6
17	8	8

18	0	0
18	1	1
18	3	3
18	4	5
18	6	7
18	8	9
18	11	11

19	0	2
19	3	6
19	7	8
19	10	10

20	0	2
20	3	4
20	5	6
20	7	8
20	10	10

21	0	2
21	3	4
21	5	6
21	7	8
21	10	10

22	0	2
22	3	4
22	5	6
22	7	8
22	10	10

23	0	2
23	3	4
23	5	6
23	7	8
23	9	10
23	12	12

24	0	2
24	3	4
24	5	6
24	7	8
24	10	10

25	0	2
25	3	4
25	5	6
25	7	8
25	10	10

26	0	2
26	3	4
26	5	6
26	7	8
26	10	10

27	0	0
27	1	1
27	3	4
27	5	6
27	7	8
27	9	10
27	11	12
27	14	14

28	0	0
28	1	2
28	3	4
28	5	6
28	8	8

29	0	0
29	1	2
29	3	4
29	5	6
29	7	7
29	8	9
29	11	11

30	0	0
30	1	4
30	5	6
30	8	8

31	0	0
31	1	2
31	3	4
31	5	6
31	7	10
31	12	12

32	0	2
32	3	4
32	5	6
32	8	8

33	0	0
33	1	1
33	3	3
33	4	5
33	6	7
33	9	9

34	0	0
34	1	1
34	3	3
34	4	5
34	6	7
34	9	9

35	0	1
35	2	2
35	4	4
35	5	6
35	7	7
35	8	9
35	10	10
35	11	12
35	13	14
35	15	16
35	17	18
35	19	20
35	21	22
35	24	24

36	0	1
36	2	3
36	5	6

37	4	5
37	6	7
37	8	8
37	9	10
37	11	11
37	12	12
37	13	13
37	14	14
37	15	17
37	18	18
37	19	19
37	20	21
37	22	23
37	24	25
37	26	26
37	27	28
37	29	30
37	31	32
37	33	33
37	34	35
37	36	36
37	37	40
37	41	41
37	42	43
37	44	44
37	45	46
37	47	47
37	49	49
37	50	51
37	52	53
37	54	57
37	58	59
37	60	60
37	61	62
37	63	63
37	64	65
37	66	66
37	67	68
37	69	71
37	72	75
37	76	77
37	78	80
37	81	83
37	84	84
37	85	87
37	88	88
37	89	90
37	91	92
37	93	93
37	95	96
37	97	98
37	99	100
37	101	102
37	103	104
37	105	106
37	107	108
37	109	109
37	110	111
37	112	112

38	4	4
38	5	6
38	7	7
38	8	11
38	12	13
38	14	15
38	16	17
38	18	18
38	19	20
38	21	21
38	22	23
38	24	24

39	4	4
39	5	6
39	7	7
39	8	11
39	12	13
39	14	16
39	17	18
39	19	19

40	4	4
40	5	6
40	7	8
40	9	10
40	11	11
40	12	13
40	14	16
40	17	20
40	21	21
40	22	23
40	24	26
40	27	30
40	31	32
40	33	34
40	35	37
40	38	38
40	39	40
40	41	42
40	43	46
40	48	49
40	50	51
40	52	54
40	55	55

41	4	4
41	5	6
41	7	8
41	9	11
41	12	12
41	13	15
41	16	16
41	17	19
41	20	20
41	21	21
41	22	22
41	23	23
41	24	25
41	26	26
41	27	28
41	29	29
41	30	32
41	33	33
41	34	36
41	37	37
41	38	38
41	39	39
41	40	40
41	41	43
41	44	44
41	45	46
41	48	48
41	49	49
41	50	52
41	53	53
41	54	56
41	57	57
41	58	60
41	61	61
41	62	63
41	64	64

42	4	4
42	5	6
42	7	8
42	9	10
42	11	11

43	0	0
43	1	2
43	3	4
43	5	7
43	8	8
43	9	11
43	12	12
43	13	14
43	15	16
43	17	18

44	0	0
44	1	2

45	4	4
45	5	8
45	9	9
45	10	10
45	11	12
45	13	14
45	15	17
45	18	18
45	19	21
45	22	22
45	23	24
45	25	26
45	27	29
45	30	30
45	31	32
45	33	34
45	35	35
45	36	39
45	40	40
45	41	42
45	43	43
45	44	44
45	45	45
45	46	47
45	49	50
45	51	51
45	52	53
45	54	55
45	56	56
45	57	58
45	59	60
45	61	61
45	62	63
45	64	65
45	66	66
45	67	68
45	69	70
45	71	71
45	72	73
45	74	75
45	76	76
45	77	78
45	79	80
45	81	81
45	82	84
45	85	86
45	87	88
45	89	90
45	91	91
45	92	93
45	95	95
45	96	97
45	98	98
45	99	100
45	101	101
45	102	103
45	104	104
45	105	106
45	107	107
45	108	109
45	110	110
45	111	112
45	113	113
45	114	115
45	116	117
45	118	119
45	120	121
45	122	122
45	123	124
45	125	126
45	127	127

46	4	4
46	5	6
46	7	8
46	9	9
46	10	13
46	14	15
46	16	17
46	18	20
46	21	23
46	24	24
46	25	26
46	27	28
46	29	30
46	31	31
46	32	34
46	35	36
46	37	39
46	40	40
46	41	44
46	45	45
46	46	47
46	48	48
46	49	50
46	52	52
46	53	55
46	56	56
46	57	58
46	59	60
46	61	61

47	0	0
47	1	3
47	4	5
47	6	7

48	4	5
48	6	7
48	8	9
48	10	10
48	11	12
48	13	13
48	14	15
48	16	16
48	17	20
48	21	21
48	22	22
48	23	24
48	25	25
48	26	27
48	28	28
48	29	30
48	31	32
48	33	33
48	34	35
48	36	37
48	38	38
48	39	40
48	41	42
48	43	44
48	45	46
48	47	47
48	49	50
48	51	51
48	52	54
48	55	55
48	56	57
48	58	59
48	60	60
48	61	61
48	62	64
48	65	65
48	66	66
48	67	68
48	69	70
48	71	71
48	72	73
48	74	74
48	75	75
48	76	77
48	78	79
48	80	81
48	82	82

49	4	5
49	7	11
49	12	13
49	14	15
49	16	17
49	18	19
49	20	21
49	22	24
49	25	25
49	26	27
49	28	30
49	31	31
49	32	34
49	35	36
49	37	37
49	38	39
49	40	41

50	4	5
50	7	11
50	12	13
50	14	15
50	16	17
50	18	19
50	20	23
50	24	25
50	26	27
50	28	29

51	0	1
51	2	2
51	3	3
51	5	7
51	9	13
51	14	14
51	15	19
51	20	20
51	21	22
51	23	24
51	25	27
51	28	29
51	30	31
51	32	33

52	4	5
52	6	6
52	7	7
52	9	11
52	12	13
52	14	16
52	17	18
52	19	20

53	4	5
53	6	6
53	7	7
53	9	11
53	12	13
53	14	16
53	17	18
53	19	20

54	4	4
54	5	5
54	6	11
54	13	17
54	18	19
54	20	22
54	23	23
54	24	25
54	26	28
54	29	29
54	30	32
54	33	34
54	35	35
54	36	37
54	38	39

55	0	0
55	1	1
55	2	7
55	9	13
55	14	17
55	18	19
55	20	21
55	22	23

56	4	4
56	5	5
56	6	11
56	12	14
56	15	16
56	17	18
56	19	20
56	21	22
56	23	24

57	4	4
57	5	5
57	6	11
57	12	14
57	15	16
57	17	19
57	20	20
57	21	23
57	24	24
57	25	26
57	27	28
57	29	30

58	4	4
58	5	5
58	6	11
58	12	12
58	13	14
58	15	16
58	17	19
58	20	20
58	21	23
58	24	24
58	25	26
58	27	28
58	29	30

59	0	3
59	4	5
59	6	7
59	8	11
59	12	13
59	14	14
59	15	18
59	19	20
59	21	21
59	22	25
59	26	26
59	28	30
59	31	31
59	32	32

60	0	0
60	1	2
60	3	3
60	4	5

61	4	5
61	6	7
61	8	8
61	9	10
61	11	12
61	13	14
61	15	16
61	17	17

62	0	0
62	1	1
62	3	3

63	0	2
63	3	4
63	5	6
63	7	16
63	18	23
63	25	25
63	27	27
63	29	31

64	4	4
64	5	5
64	6	7
64	8	9
64	10	10
64	11	14
64	15	15
64	16	17
64	18	19
64	20	20
64	21	22
64	23	24
64	25	25
64	26	27
64	28	29
64	30	30
64	31	32
64	33	34
64	35	35
64	36	37
64	38	39
64	40	40
64	41	43
64	44	44
64	45	45
64	46	46
64	48	50
64	51	51
64	52	53
64	54	54
64	55	56
64	57	57
64	58	58
64	59	59
64	60	60
64	61	62
64	63	63
64	64	65
64	66	67
64	68	69
64	70	73
64	74	74
64	75	76
64	77	78
64	79	80
64	81	82
64	83	83
64	84	84
64	85	86
64	87	87
64	88	89
64	90	91
64	92	92
64	94	94
64	95	95
64	96	97
64	98	99
64	100	102
64	103	106
64	107	107
64	108	109
64	110	111
64	112	112
64	113	114
64	115	116
64	117	117
64	118	118
64	119	120
64	121	121
64	122	123
64	124	124
64	125	126
64	127	127
64	128	129
64	130	130
64	131	132
64	133	133
64	134	135
64	136	136
64	137	138
64	139	139
64	141	142
64	143	143
64	144	145
64	146	146
64	147	147
64	148	149
64	150	152
64	153	154
64	155	155
64	156	156
64	157	160
64	161	161

65	0	0
65	1	1
65	3	3

66	0	1
66	3	7
66	9	9
66	11	11
66	13	18
66	20	20
66	22	23

67	4	4
67	5	5
67	6	6
67	7	8
67	9	10
67	11	11
67	12	12
67	13	14
67	15	15
67	16	19
67	20	21
67	22	25
67	26	27
67	28	29
67	30	31
67	32	32
67	33	33
67	34	37
67	38	38
67	39	40
67	41	42
67	43	44
67	45	46
67	48	49
67	50	50
67	51	51
67	52	52

68	4	5
68	6	7
68	9	17
68	19	25
68	27	29

69	4	4
69	5	5
69	6	7
69	8	11
69	12	12
69	13	14
69	15	16
69	17	18
69	19	20
69	21	22
69	23	24
69	25	26
69	27	28
69	29	30
69	31	32
69	33	33
69	34	35
69	36	36
69	37	38
69	39	40
69	41	41
69	42	43
69	44	45
69	46	46
69	48	49
69	50	50

70	0	0
70	1	2

71	0	2
71	3	4
71	5	6
71	7	9
71	10	11
71	12	13
71	14	15
71	16	16
71	17	19
71	20	21
71	22	23
71	24	25
71	26	27
71	28	29
71	30	30
71	31	32
71	33	34
71	35	36
71	37	38
71	39	40
71	41	41
71	42	43
71	44	44
71	46	47
71	48	49
71	50	51
71	52	52
71	53	54
71	55	55
71	56	59
71	60	60
71	61	61
71	62	63
71	64	64
71	65	66
71	67	68
71	69	70
71	71	71

72	0	0
72	2	2
72	3	4
72	5	5
72	6	7
72	8	8
72	9	12
72	13	14
72	15	16
72	17	20
72	21	22
72	23	23
72	24	24
72	25	26
72	27	27
72	28	29
72	30	30
72	31	32
72	33	34
72	35	35
72	36	37
72	38	38
72	39	40
72	41	42
72	43	43
72	44	44
72	46	47
72	48	49
72	50	51
72	52	54
72	55	56
72	57	58
72	59	60
72	61	61

73	0	0
73	1	2
73	3	4
73	5	6

74	0	0
74	1	1
74	3	3
74	4	5
74	6	7
74	8	9

75	0	2
75	3	3
75	4	4
75	5	5
75	6	7
75	8	9
75	10	11
75	12	13
75	14	15
75	16	17
75	18	19
75	20	21
75	22	23
75	24	25
75	26	26
75	27	28
75	29	30
75	31	32
75	33	33
75	34	35
75	36	37
75	38	39
75	40	40
75	41	43
75	44	45
75	46	46
75	48	48
75	49	49
75	50	50
75	51	52
75	53	54
75	55	57
75	58	59
75	60	60
75	61	62
75	63	64
75	65	66
75	67	67
75	68	70
75	71	72
75	73	74
75	75	75
75	76	77
75	78	78
75	79	79
75	80	81
75	82	83
75	84	84
75	85	86
75	87	88
75	89	89
75	90	91
75	92	92
75	94	94
75	95	96
75	97	98
75	99	100
75	101	102
75	103	103
75	104	105
75	106	107
75	108	109
75	110	110

76	0	0
76	1	1
76	3	5
76	6	7
76	8	8
76	9	10
76	11	11
76	12	12
76	13	13
76	14	14
76	15	16
76	17	18
76	19	20
76	21	22
76	23	23
76	24	25
76	26	27
76	28	29
76	30	31
76	32	33
76	34	35
76	36	37
76	38	38
76	39	39
76	40	41
76	42	43
76	44	45
76	46	46
76	47	48
76	50	51
76	52	53
76	54	54

77	0	2
77	3	3
77	4	4
77	5	5
77	6	7
77	8	8
77	9	10
77	11	12
77	13	14
77	15	16
77	17	17
77	18	19
77	20	21
77	22	23
77	24	25
77	26	27
77	28	28
77	29	30
77	31	32
77	33	34
77	35	35
77	36	36

78	0	2
78	3	6
78	7	8

79	0	2
79	3	3
79	4	4
79	5	5
79	6	7
79	8	8
79	9	9
79	10	11
79	12	13
79	14	14
79	15	15
79	16	16
79	17	18
79	19	19
79	20	21
79	22	23
79	24	24
79	25	26
79	27	28
79	29	30
79	31	32
79	33	33
79	34	34
79	35	38
79	39	40
79	41	41
79	42	43
79	44	45
79	46	46
79	48	48
79	49	49
79	50	51
79	52	53
79	54	55
79	56	56
79	57	59
79	60	61
79	62	63
79	64	64
79	65	65

80	0	2
80	3	3
80	4	4
80	6	6
80	7	7
80	8	9
80	10	11
80	12	12
80	13	14
80	15	16
80	17	18
80	19	19
80	20	20
80	21	22
80	23	24
80	25	26
80	27	28
80	29	30
80	31	31
80	32	33
80	34	35
80	36	37
80	38	38
80	39	40
80	41	41
80	42	43
80	44	44

81	4	4
81	5	5
81	7	9
81	10	10
81	11	14
81	15	15
81	16	17
81	18	19
81	20	20
81	21	22
81	23	24
81	25	27
81	28	30
81	31	32
81	33	34
81	35	35
81	36	37
81	38	38
81	39	40
81	41	42
81	43	43
81	44	45
81	46	46

82	4	4
82	5	5
82	7	9
82	10	10
82	11	11
82	12	13
82	14	14
82	15	16
82	17	20
82	21	21
82	22	23
82	24	25
82	26	26
82	27	28
82	29	30
82	31	31
82	32	33
82	34	34
82	35	36
82	37	38
82	39	39
82	40	41
82	42	43
82	44	45
82	46	47
82	48	48
82	50	51
82	52	53
82	54	54
82	55	55
82	56	57
82	58	59
82	60	60
82	61	62
82	63	63
82	64	65
82	66	67
82	68	68
82	69	70
82	71	72
82	73	76
82	77	77
82	78	79
82	80	80

83	4	4
83	5	5
83	7	8
83	9	10
83	11	13
83	14	15
83	16	17
83	18	18
83	19	22
83	23	23
83	24	24
83	25	26
83	27	28
83	29	29
83	30	31
83	32	32
83	33	34
83	35	35
83	36	37
83	38	39
83	40	41
83	42	43
83	44	45
83	46	47
83	49	50
83	51	52
83	53	53
83	54	55
83	56	56
83	57	57
83	58	59
83	60	61
83	62	63
83	64	65
83	66	66
83	67	67
83	68	70
83	71	71
83	72	72
83	73	74
83	75	75
83	76	77
83	78	78
83	79	79
83	80	81
83	82	83
83	84	84
83	85	86
83	87	88
83	89	90
83	91	92
83	93	93
83	94	94
83	96	96
83	97	97
83	98	98
83	99	99
83	100	101
83	102	103
83	104	104
83	105	106
83	107	108
83	109	110
83	111	111
83	112	113
83	114	115
83	116	116
83	117	118
83	119	119
83	120	120
83	121	122
83	123	124
83	125	125
83	126	127
83	128	129
83	130	130
83	131	131
83	132	133
83	134	135
83	136	136

84	0	0
84	1	1
84	3	3
84	4	4
84	6	6
84	7	10
84	11	12
84	13	13
84	14	16
84	17	18
84	19	19
84	20	22
84	23	23
84	24	24
84	25	26
84	27	28
84	29	30
84	31	32
84	33	33

85	0	2
85	3	3
85	4	4
85	5	6
85	7	8
85	9	9
85	10	10
85	11	11
85	12	13
85	14	15
85	16	16
85	17	18
85	19	19
85	20	20
85	21	22
85	23	24
85	25	26
85	27	28
85	29	30
85	31	32
85	33	33
85	34	34
85	35	36
85	37	38
85	39	39
85	40	40
85	41	42
85	43	44
85	45	45
85	46	46
85	48	49
85	50	51
85	52	53
85	54	54
85	55	56
85	57	57

86	0	2
86	3	4
86	5	6
86	7	8

87	0	2
87	3	3
87	4	4
87	5	5
87	6	7
87	8	9
87	10	10
87	11	11
87	12	15
87	16	16
87	17	17
87	18	19
87	20	20
87	21	22
87	23	25
87	26	27
87	28	29
87	30	30
87	31	32
87	33	33
87	34	35
87	36	37
87	38	38
87	39	40
87	41	41
87	42	44
87	45	45
87	47	49
87	50	50
87	51	51
87	52	53
87	54	55
87	56	57
87	58	58
87	59	60
87	61	62
87	63	66
87	67	68
87	69	69
87	70	70
87	71	71
87	72	73
87	74	75
87	76	77
87	78	78
87	79	79
87	80	83
87	84	84
87	85	85
87	86	87
87	88	89
87	90	90
87	91	91
87	92	93
87	95	96
87	97	98
87	99	100
87	101	101
87	102	103
87	104	104
87	105	106
87	107	107
87	108	108
87	109	110
87	111	112
87	113	113

88	0	2
88	3	3
88	4	4
88	5	5
88	6	7
88	8	9
88	10	10
88	11	13
88	14	15
88	16	16
88	17	18
88	19	19
88	20	23
88	24	24
88	25	26
88	27	28
88	29	30
88	31	31
88	32	32
88	33	36
88	37	38
88	39	40
88	41	41
88	42	42
88	43	44
88	45	46
88	48	49
88	50	50

89	0	0
89	1	1
89	3	5
89	6	6
89	7	7
89	8	8
89	9	10
89	11	12
89	13	14
89	15	16
89	17	18
89	19	20
89	21	21
89	22	23
89	24	26
89	27	28
89	29	29

90	0	2
90	3	4
90	5	6
90	7	8

91	0	2
91	3	3
91	4	4
91	5	5
91	6	7
91	8	9
91	10	11
91	12	13
91	14	14
91	15	16
91	17	18
91	19	19
91	20	21
91	22	25
91	26	26
91	27	28
91	29	30
91	31	31
91	32	33
91	34	35
91	36	37
91	38	39
91	40	41
91	42	42
91	43	44
91	45	45

92	4	4
92	5	5
92	7	7
92	8	9
92	10	11
92	12	12
92	13	14
92	15	16
92	17	18
92	19	19
92	20	21
92	22	22
92	23	24
92	25	26
92	27	27
92	28	31
92	32	33
92	34	34
92	35	39
92	40	40
92	41	42
92	43	44
92	45	46
92	47	48
92	49	49
92	51	51
92	52	52
92	53	54
92	55	55
92	56	56
92	57	58
92	59	59
92	60	60
92	61	64
92	65	67
92	68	69
92	70	71
92	72	72
92	73	74
92	75	76
92	77	78
92	79	79
92	80	81
92	82	82

93	4	4
93	5	5
93	7	7
93	8	9
93	10	10
93	11	12
93	13	13
93	14	15
93	16	17
93	18	18
93	19	19
93	20	21
93	22	23
93	24	24
93	25	25
93	26	26
93	27	28
93	29	29
93	30	31
93	32	35
93	36	36
93	37	38
93	39	39
93	40	40
93	41	42
93	43	43
93	44	44
93	45	45
93	46	47
93	49	51
93	52	53
93	54	55
93	56	57
93	58	59
93	60	60
93	61	61
93	62	63
93	64	65
93	66	67
93	68	68

94	4	4
94	5	5
94	7	8
94	9	10
94	11	11
94	12	13
94	14	15
94	16	17
94	18	19
94	20	20
94	21	22
94	23	24
94	25	25
94	26	27
94	28	28
94	29	30
94	31	31
94	32	33
94	34	34
94	35	35
94	36	37
94	38	39
94	40	41
94	42	43
94	44	45
94	46	46
94	47	47
94	49	49
94	50	50
94	51	52
94	53	53
94	54	55
94	56	56
94	57	58
94	59	59
94	60	61
94	62	62
94	63	63

95	0	0
95	1	1
95	3	3
95	4	4
95	6	6
95	7	10
95	11	12
95	13	13
95	14	16
95	17	18
95	19	20
95	21	21
95	22	23
95	24	25
95	26	26
95	27	28
95	29	30
95	31	31
95	32	33
95	34	34
95	35	36
95	37	37
95	38	39
95	40	41
95	42	42
95	43	44
95	45	46
95	47	47
95	48	48
95	50	50
95	51	52
95	53	53
95	54	55
95	56	57
95	58	58
95	59	60
95	61	61
95	62	63
95	64	65
95	66	66
95	67	67
95	68	68
95	69	69
95	70	72
95	73	73
95	74	75
95	76	77
95	78	78
95	79	81
95	82	82
95	83	83
95	84	85
95	86	86
95	87	88
95	89	90
95	91	91
95	92	92
95	93	94
95	96	97
95	98	99
95	100	101
95	102	102
95	103	103
95	104	105
95	106	106
95	107	107
95	108	110
95	111	111
95	112	113
95	114	115
95	116	117
95	118	119
95	120	121
95	122	122

96	0	2
96	3	3
96	4	4
96	5	5
96	6	7
96	8	9
96	10	11
96	12	12
96	13	15
96	16	17
96	18	19
96	20	20
96	21	21
96	22	23
96	24	25
96	26	27
96	28	28
96	29	30
96	31	31
96	32	33
96	34	34
96	35	35
96	36	36
96	37	37
96	38	39
96	40	40
96	41	43
96	44	44
96	45	46
96	48	48
96	49	49
96	50	50
96	51	54
96	55	56
96	57	59
96	60	61
96	62	63
96	64	64

97	0	2
97	3	4
97	5	6
97	7	8

98	0	0
98	1	1
98	3	3
98	4	4
98	6	6
98	7	8
98	9	10
98	11	12
98	13	14
98	15	16
98	17	17
98	18	19
98	20	21
98	22	22

99	0	0
99	1	1
99	3	3
99	4	4
99	6	6
99	7	8
99	9	10
99	11	12
99	13	14
99	15	16
99	17	18
99	19	20
99	21	22
99	23	23
99	24	25
99	26	26

100	4	4
100	5	5
100	7	7
100	8	9
100	10	10
100	11	12
100	13	14
100	15	15
100	16	17
100	18	18
100	19	20
100	21	22
100	23	24
100	25	26
100	27	27
100	28	29
100	30	31
100	32	32
100	33	34
100	35	36
100	37	38
100	39	39

101	4	4
101	5	5
101	7	8
101	9	10
101	11	11
101	12	12
101	13	14
101	15	16
101	17	17
101	18	19
101	20	20
101	21	22
101	23	24
101	25	26
101	27	27
101	28	28
101	29	30
101	31	32
101	33	33
101	34	35
101	36	36
101	37	40
101	41	41
101	42	43
101	44	47
101	49	50
101	51	52
101	53	53
101	54	55
101	56	59
101	60	61
101	62	62
101	63	64
101	65	65
101	66	67
101	68	68

102	4	4
102	5	5
102	7	8
102	9	10
102	11	11
102	12	13
102	14	14
102	15	16
102	17	17
102	18	19
102	20	21
102	22	22
102	23	23
102	24	24
102	25	26
102	27	28
102	29	29
102	30	31
102	32	33
102	34	35
102	36	37
102	38	38

103	0	2
103	3	3
103	4	4
103	5	8
103	9	9
103	10	11
103	12	13
103	14	15
103	16	16
103	17	18
103	19	20
103	21	24
103	25	25
103	26	27
103	28	29
103	30	30

104	0	0
104	1	1
104	3	3
104	4	4
104	6	6
104	7	8
104	9	10
104	11	12
104	13	14
104	15	16
104	17	17

105	4	4
105	5	5
105	7	8
105	9	10
105	11	11
105	12	12
105	13	14
105	15	16
105	17	17
105	18	19
105	20	20
105	21	22
105	23	23

106	4	4
106	5	5
106	7	8
106	9	10
106	11	13
106	14	15
106	16	17
106	18	18

107	4	4
107	5	5
107	7	7
107	8	9
107	10	11
107	12	12
107	13	14
107	15	16
107	17	17
107	18	19
107	20	21
107	22	22
107	23	24
107	25	25
107	26	27
107	28	29
107	30	30
107	31	31
107	32	33
107	34	37
107	38	38
107	39	40
107	41	42
107	43	45
107	46	46
107	47	48
107	49	50
107	51	51
107	53	53
107	54	57
107	58	59
107	60	60

108	0	2
108	3	4
108	5	6
108	7	8

109	0	2
109	3	3
109	4	4
109	5	5
109	6	7
109	8	9
109	10	11
109	12	12
109	13	14
109	15	16
109	17	17
109	18	19
109	20	23
109	24	24
109	25	25
109	26	27
109	28	29
109	30	30
109	31	32
109	33	34
109	35	35
109	36	37
109	38	39
109	40	41
109	42	43
109	44	46
109	48	48
109	49	49

110	4	4
110	5	5
110	7	9
110	10	11
110	12	12
110	13	14
110	15	16
110	17	18
110	19	19
110	20	21
110	22	22
110	23	24
110	25	25
110	26	26
110	27	27
110	28	29
110	30	31
110	32	33
110	34	34
110	35	36
110	37	37
110	38	38
110	39	39
110	40	40
110	41	42
110	43	43
110	44	45
110	46	46
110	47	48
110	50	51
110	52	53
110	54	55
110	56	57
110	58	58
110	59	59
110	60	61
110	62	63
110	64	65
110	66	66
110	67	67
110	68	69
110	70	71
110	72	72
110	73	74
110	75	76
110	77	79
110	80	80

111	4	4
111	5	5
111	7	9
111	10	11
111	12	13
111	14	14
111	15	16
111	17	17
111	18	18
111	19	20
111	21	21
111	22	23
111	24	25
111	26	26
111	27	28
111	29	29
111	30	31
111	32	33
111	34	34
111	35	36
111	37	37
111	38	39
111	40	40
111	41	42
111	43	44
111	45	45
111	46	48
111	50	51
111	52	53
111	54	54
111	55	57
111	58	58
111	59	60
111	61	62
111	63	63
111	64	65
111	66	67
111	68	69
111	70	70

112	4	4
112	5	5
112	7	8
112	9	10
112	11	11
112	12	14
112	15	16
112	17	18
112	19	19
112	20	20
112	21	22
112	23	24
112	25	25
112	26	27
112	28	29
112	30	31
112	32	32
112	33	34
112	35	35
112	36	37
112	38	38
112	39	40
112	41	44
112	46	48
112	49	49
112	50	50
112	51	51
112	53	54
112	55	56
112	57	57

113	4	4
113	5	5
113	6	8
113	9	10
113	11	12
113	13	14
113	15	16
113	17	18
113	19	19
113	20	20
113	21	21
113	22	22
113	23	24
113	25	26
113	27	28
113	29	29
113	30	31
113	32	33
113	34	34
113	35	36
113	37	38
113	39	39
113	40	40
113	41	42
113	43	43
113	44	45
113	46	46
113	47	47
113	49	49
113	50	51
113	52	52

114	0	0
114	1	1
114	3	3
114	4	4
114	6	6
114	7	10
114	11	12
114	13	13
114	14	15
114	16	17
114	18	18
114	19	19
114	20	21
114	22	23
114	24	24
114	25	26
114	27	27
114	28	29
114	30	31
114	32	33
114	34	34
114	35	35
114	36	37
114	38	39
114	40	43
114	44	44
114	45	46
114	47	48
114	50	50
114	51	53
114	54	55
114	56	57
114	58	58
114	59	60
114	61	62
114	63	64
114	65	66
114	67	67

115	0	2
115	3	4
115	5	6
115	7	8

116	0	2
116	3	3
116	4	4
116	5	5
116	6	7
116	8	9
116	10	11
116	12	12
116	13	14
116	15	16
116	17	17
116	18	19
116	20	21
116	22	23
116	24	24
116	25	26
116	27	28
116	29	30
116	31	32
116	33	34
116	35	36
116	37	37
116	38	39
116	40	41
116	42	42
116	43	44
116	45	46
116	47	47
116	49	50
116	51	54
116	55	55
116	56	57
116	58	59
116	60	61
116	62	63
116	64	65
116	66	67
116	68	68
116	69	70
116	71	72
116	73	74
116	75	75
116	76	77
116	78	78
116	79	80
116	81	82
116	83	84
116	85	86
116	87	88
116	89	90
116	91	91

117	4	4
117	5	5
117	7	9
117	10	11
117	12	13
117	14	15
117	16	17
117	18	18
117	19	20
117	21	22
117	23	24
117	25	25
117	26	26
117	27	28
117	29	30
117	31	34
117	35	35
117	36	37
117	38	39
117	40	41
117	42	42

118	4	4
118	5	5
118	7	7
118	8	10
118	11	11
118	12	13
118	14	15
118	16	17
118	18	19
118	20	20
118	21	21
118	22	23
118	24	24
118	25	25
118	26	27
118	28	29
118	30	30
118	31	32
118	33	33
118	34	35
118	36	38
118	39	40
118	41	41
118	42	42
118	43	44
118	45	45
118	46	47
118	48	48
118	50	51
118	52	54
118	55	56
118	57	58
118	59	59
118	60	61
118	62	62
118	63	64
118	65	65
118	66	66
118	67	68
118	69	70
118	71	72
118	73	73
118	74	75
118	76	76
118	77	78
118	79	80
118	81	81

119	4	4
119	5	5
119	7	9
119	10	11
119	12	12
119	13	13
119	14	14
119	15	16
119	17	18
119	19	20
119	21	23
119	24	24
119	25	26
119	27	27
119	28	29
119	30	30
119	31	32
119	33	34
119	35	36
119	37	37
119	38	39
119	40	41
119	42	43
119	44	45
119	46	47
119	49	50
119	51	52
119	53	53
119	54	56
119	57	57
119	58	59
119	60	61
119	62	62
119	63	64
119	65	65
119	66	66
119	67	68
119	69	69
119	70	71
119	72	73
119	74	75
119	76	76
119	77	78
119	79	80
119	81	81
119	82	82
119	83	83
119	84	85
119	86	87
119	88	89
119	90	91
119	92	93
119	94	94

120	4	4
120	5	5
120	7	9
120	10	10
120	11	12
120	13	14
120	15	16
120	17	17
120	18	20
120	21	22
120	23	26
120	27	27
120	28	29
120	30	30
120	31	31
120	32	33
120	34	35
120	36	37
120	38	38
120	39	40
120	41	42
120	43	43
120	44	45
120	46	46
120	47	47
120	49	49
120	50	50
120	51	52
120	53	53
120	54	54
120	55	56
120	57	57
120	58	58
120	59	60
120	61	61
120	62	63
120	64	64
120	65	66
120	67	68
120	69	70
120	71	72
120	73	73

121	4	4
121	5	5
121	7	9
121	10	11
121	12	12
121	13	15
121	16	17
121	18	20
121	21	21
121	22	23
121	24	25
121	26	26
121	27	27
121	28	29
121	30	30
121	31	32
121	33	36
121	37	37
121	38	39
121	40	40
121	41	42
121	43	43
121	44	45
121	46	47
121	49	50
121	51	52
121	53	54
121	55	55
121	56	57
121	58	58
121	59	59
121	60	61
121	62	64
121	65	65
121	66	67
121	68	70
121	71	71
121	72	74
121	75	76
121	77	77
121	78	79
121	80	81
121	82	83
121	84	85
121	86	87
121	88	88

122	4	4
122	5	5
122	7	8
122	9	10
122	11	11
122	12	12
122	13	14
122	15	16
122	17	17
122	18	18
122	19	20
122	21	21
122	22	23
122	24	25
122	26	26
122	27	28
122	29	30
122	31	32
122	33	34
122	35	35
122	36	37
122	38	39
122	40	40
122	41	42
122	43	43
122	44	44
122	45	45
122	46	47
122	49	50
122	51	52
122	53	53
122	54	54
122	55	56
122	57	57
122	58	58
122	59	60
122	61	62
122	63	63
122	64	64
122	65	66
122	67	68
122	69	69
122	70	71
122	72	72
122	73	74
122	75	75
122	76	78
122	79	80
122	81	82
122	83	84
122	85	85
122	86	87
122	88	89
122	90	90
122	91	92
122	93	94
122	96	97
122	98	98

123	4	4
123	5	5
123	7	7
123	8	11
123	12	12
123	13	13
123	14	15
123	16	17
123	18	18
123	19	20
123	21	22
123	23	25
123	26	26
123	27	28
123	29	29
123	30	30
123	31	32
123	33	33
123	34	36
123	37	38
123	39	39
123	40	41
123	42	42
123	43	46
123	47	47
123	49	50
123	51	52
123	53	54
123	55	55
123	56	58
123	59	60
123	61	62
123	63	63
123	64	64
123	65	66
123	67	68
123	69	71
123	72	72
123	73	75
123	76	76
123	77	77
123	78	79
123	80	80
123	81	82
123	83	84
123	85	85
123	86	87
123	88	88
123	89	90
123	91	92
123	93	93

124	4	4
124	5	5
124	7	9
124	10	11
124	12	12
124	13	14
124	15	17
124	18	19
124	20	21
124	22	23
124	24	24

125	4	4
125	5	5
125	7	8
125	9	10
125	11	11
125	12	12
125	13	13
125	14	14
125	15	21
125	22	22
125	23	23
125	24	24
125	25	30
125	31	31
125	32	33
125	34	35
125	36	36
125	37	38
125	39	40
125	41	42
125	43	43
125	44	45
125	46	47
125	48	48
125	49	50
125	51	52
125	53	54
125	56	56
125	57	58
125	59	60
125	61	62
125	63	64
125	65	65

126	4	4
126	5	5
126	6	8
126	9	10
126	11	12
126	13	14
126	15	15
126	16	17
126	18	19
126	20	21
126	22	23
126	24	24

127	0	2
127	3	3
127	4	4
127	5	8
127	9	9
127	10	12
127	13	14
127	15	16
127	17	18
127	19	20
127	21	21
127	22	22
127	23	23
127	24	25
127	26	27
127	28	28
127	29	30
127	31	31
127	32	32
127	33	34
127	35	36
127	37	38
127	39	39
127	40	41
127	42	43
127	44	44
127	45	46
127	48	49
127	50	50
127	51	52
127	53	54
127	55	56
127	57	57
127	58	60
127	61	62
127	63	66
127	67	67
127	68	69
127	70	70
127	71	72
127	73	76
127	77	77
127	78	79
127	80	81
127	82	82

128	0	1
128	2	3
128	4	5
128	6	7

129	0	2
129	3	3
129	4	4
129	5	5
129	6	7
129	8	9
129	10	10
129	11	12
129	13	14
129	15	16
129	17	18
129	19	20
129	21	21
129	22	23
129	24	25
129	26	27
129	28	28
129	29	30
129	31	32
129	33	34
129	35	36
129	37	38
129	39	40
129	41	41

130	4	4
130	5	5
130	7	8
130	9	9
130	10	11
130	12	13
130	14	15
130	16	16
130	17	18
130	19	19

131	4	4
131	5	5
131	7	8
131	9	9
131	10	11
131	12	13
131	14	14
131	15	16
131	17	18
131	19	19
131	20	20
131	21	21
131	22	23
131	24	25
131	26	26

132	4	4
132	5	5
132	7	8
132	9	10
132	11	12
132	13	14
132	15	16
132	17	17
132	18	19
132	20	21
132	22	23
132	24	24

133	4	4
133	5	5
133	7	8
133	9	10
133	11	14
133	15	16
133	17	18
133	19	20
133	21	26
133	27	27

134	4	4
134	5	5
134	7	10
134	11	12
134	13	13
134	14	15
134	16	16
134	17	18
134	19	20
134	21	22
134	23	23

135	0	2
135	3	3
135	4	4
135	5	5
135	6	6
135	7	7
135	8	9
135	10	10
135	11	12
135	13	14
135	15	16
135	17	17
135	18	19
135	20	20
135	21	23
135	24	25
135	26	27
135	28	29
135	30	30

136	0	1
136	2	3
136	4	5
136	6	7

137	0	2
137	3	3
137	4	4
137	5	5
137	6	7
137	8	10
137	11	12
137	13	14
137	15	15
137	16	17
137	18	19
137	20	20
137	21	22
137	23	23
137	24	25
137	26	26
137	27	28
137	29	32
137	33	33
137	34	35
137	36	37
137	38	39
137	40	40
137	41	42
137	43	44
137	45	45

138	0	0
138	1	1
138	3	3
138	4	4
138	6	6
138	7	8
138	9	11
138	12	13
138	14	15
138	16	17
138	18	18
138	19	20
138	21	22
138	23	24
138	25	26
138	27	28
138	29	30
138	31	31

139	4	4
139	5	5
139	6	7
139	8	8
139	9	11
139	12	12
139	13	15
139	16	17
139	18	19
139	20	20
139	21	21
139	22	23
139	24	25
139	26	27
139	28	29
139	30	30
139	31	32
139	33	33
139	34	35
139	36	36
139	37	38
139	39	39
139	40	41
139	42	43
139	44	44
139	45	46
139	48	48
139	49	50
139	51	54
139	55	55

140	4	4
140	5	5
140	7	8
140	9	10
140	11	12
140	13	14
140	15	16
140	17	17
140	18	19
140	20	22
140	23	24
140	25	26
140	27	28
140	29	30
140	31	32
140	33	33
140	34	35
140	36	36
140	37	38
140	39	40
140	41	42
140	43	44
140	45	46
140	47	47
140	49	49
140	50	51
140	52	53
140	54	55
140	56	57
140	58	59
140	60	60
140	61	62
140	63	63
140	64	65
140	66	67
140	68	69
140	70	72
140	73	74
140	75	76
140	77	77

141	4	4
141	5	5
141	7	8
141	9	10
141	11	12
141	13	14
141	15	16
141	17	18
141	19	20
141	21	22
141	23	23
141	24	25
141	26	27
141	28	29
141	30	33
141	34	34
141	35	36
141	37	37
141	38	38
141	39	40
141	41	41
141	42	43
141	44	45
141	46	48
141	50	50
141	51	51
141	52	52
141	53	54
141	55	56
141	57	57
141	58	59
141	60	60
141	61	61
141	62	62
141	63	64
141	65	66
141	67	70
141	71	71
141	72	73
141	74	75
141	76	79
141	80	83
141	84	84

142	4	4
142	5	5
142	7	8
142	9	10
142	11	11
142	12	13
142	14	14
142	15	17
142	18	19
142	20	21
142	22	23
142	24	25
142	26	27
142	28	28
142	29	30
142	31	31
142	32	32
142	33	33
142	34	34
142	35	36
142	37	38
142	39	39
142	40	40
142	41	42
142	43	43
142	44	45
142	46	46
142	47	47
142	48	48
142	50	51
142	52	52
142	53	53
142	54	55
142	56	56
142	57	57
142	58	59
142	60	60
142	61	61
142	62	63
142	64	64
142	65	66
142	67	68
142	69	70
142	71	72
142	73	73
142	74	75
142	76	77
142	78	78
142	79	80
142	81	82
142	83	84
142	85	90
142	91	91

143	4	4
143	5	5
143	6	7
143	8	9
143	10	11
143	12	12
143	13	14
143	15	15
143	16	16
143	17	18
143	19	19
143	20	21
143	22	23
143	24	24
143	25	26
143	27	28
143	29	30
143	31	34
143	35	35
143	36	36
143	37	38
143	39	40
143	41	41
143	42	43
143	44	45
143	46	46

144	4	4
144	5	5
144	6	7
144	8	9
144	10	10
144	11	11
144	12	12
144	13	14
144	15	16
144	17	18
144	19	20
144	21	22
144	23	24
144	25	26
144	27	27
144	28	28
144	29	30
144	31	31
144	32	33
144	34	35
144	36	37
144	38	39
144	40	40
144	41	41
144	42	43
144	44	45
144	46	46
144	48	48
144	49	50
144	51	52
144	53	54
144	55	56
144	57	57
144	58	59
144	60	61
144	62	63
144	64	65
144	66	66
144	67	68
144	69	69
144	70	70
144	71	72
144	73	76
144	77	77
144	78	79
144	80	81
144	82	82
144	83	84
144	85	86
144	87	88
144	89	90
144	91	91
144	92	92
144	94	95
144	96	97
144	98	99
144	100	100
144	101	102
144	103	106
144	107	107
144	108	108
144	109	109
144	110	111
144	112	113
144	114	115
144	116	116
144	117	118
144	119	120
144	121	122
144	123	124
144	125	125
144	126	127
144	128	129
144	130	130

145	0	2
145	3	3
145	5	5
145	6	7
145	8	10
145	11	12
145	13	14
145	15	16
145	17	17
145	18	19
145	20	21
145	22	23
145	24	25
145	26	27
145	28	29
145	30	30

146	4	4
146	5	5
146	7	8
146	9	10
146	11	12
146	13	13
146	14	14
146	15	16
146	17	18
146	19	20
146	21	22
146	23	23
146	24	24
146	25	26
146	27	30
146	31	32
146	33	33
146	34	35
146	36	37
146	38	39
146	40	41
146	42	43
146	44	45
146	46	47
146	49	49
146	50	51
146	52	52
146	53	53
146	54	55
146	56	56
146	57	57
146	58	58
146	59	59
146	60	61
146	62	62
146	63	63
146	64	66
146	67	68
146	69	70
146	71	72
146	73	73
146	74	75
146	76	77
146	78	79
146	80	81
146	82	83
146	84	87
146	88	88
146	89	90
146	91	92
146	93	93
146	95	95
146	96	96
146	97	98
146	99	100
146	101	101
146	102	103
146	104	105
146	106	107
146	108	109
146	110	110
146	111	112
146	113	113

147	4	4
147	5	5
147	7	8
147	9	10
147	11	12
147	13	14
147	15	15
147	16	17
147	18	18
147	19	19
147	20	25
147	26	26
147	27	28
147	29	29
147	30	31
147	32	33
147	34	35
147	36	36
147	37	37
147	38	38
147	39	39
147	40	40
147	41	43
147	44	44

148	4	4
148	5	5
148	7	8
148	9	9
148	10	13
148	14	15
148	16	18
148	19	20
148	21	22
148	23	24
148	25	26
148	27	27
148	28	29
148	30	31
148	32	33
148	34	35
148	36	36

149	4	4
149	5	5
149	7	7
149	8	9
149	10	11
149	12	13
149	14	14
149	15	17
149	18	18
149	19	19
149	20	20
149	21	21
149	22	23
149	24	27
149	28	29
149	30	30
149	31	32
149	33	34
149	35	36
149	37	38
149	39	40
149	41	42
149	43	43
149	44	45
149	46	47
149	48	48
149	50	50
149	51	52
149	53	54
149	55	56
149	57	58
149	59	59
149	60	61
149	62	62
149	63	64
149	65	66
149	67	68
149	69	69
149	70	71
149	72	73
149	74	74
149	75	76
149	77	78
149	79	80
149	81	81
149	82	83
149	84	85
149	86	86
149	87	88
149	89	90
149	91	92
149	93	94
149	96	96
149	97	97
149	98	98
149	99	100
149	101	101
149	102	104
149	105	105
149	106	107
149	108	109
149	110	111
149	112	113
149	114	114
149	115	116
149	117	118
149	119	120
149	121	122
149	123	124
149	125	125

150	0	2
150	3	3
150	5	5
150	6	7
150	8	9
150	10	11
150	12	13
150	14	14
150	15	16
150	17	18
150	19	20
150	21	22
150	23	24
150	25	26
150	27	27

151	4	4
151	5	5
151	7	8
151	9	10
151	11	11
151	12	13
151	14	15
151	16	17
151	18	19
151	20	22
151	23	24
151	25	25
151	26	28
151	29	30
151	31	32
151	33	34
151	35	35
151	36	37
151	38	39
151	40	41
151	42	42
151	43	43
151	44	44
151	45	46
151	47	48
151	49	49
151	51	52
151	53	54
151	55	55
151	56	57
151	58	59
151	60	60
151	61	62
151	63	64
151	65	65
151	66	67
151	68	69
151	70	70
151	71	72
151	73	73
151	74	74
151	75	76
151	77	78
151	79	79
151	80	81
151	82	83
151	84	84
151	85	86
151	87	87
151	88	89
151	90	91
151	92	92
151	93	94
151	95	95
151	97	97
151	98	99
151	100	100
151	101	102
151	103	104
151	105	105
151	106	107
151	108	109
151	110	113
151	114	114
151	115	116
151	117	118
151	119	120
151	121	122
151	123	124
151	125	125

152	4	4
152	5	5
152	7	7
152	8	9
152	10	10
152	11	12
152	13	14
152	15	17
152	18	18
152	19	19
152	20	21
152	22	23
152	24	24
152	25	26
152	27	28
152	29	30
152	31	31
152	32	35
152	36	36
152	37	38
152	39	40
152	41	42
152	43	44
152	45	46
152	47	47
152	49	50
152	51	51
152	52	52
152	53	56
152	57	58
152	59	60
152	61	62
152	63	63
152	64	64
152	65	66
152	67	70
152	71	72
152	73	73
152	74	74
152	75	76
152	77	78
152	79	79
152	80	81
152	82	83
152	84	85
152	86	86
152	87	88
152	89	90
152	91	91
152	92	92

153	4	4
153	5	5
153	7	8
153	9	9
153	10	11
153	12	13
153	14	15
153	16	16
153	17	18
153	19	20
153	21	21
153	22	22
153	23	24
153	25	27
153	28	29
153	30	32
153	33	33
153	34	34
153	35	35
153	36	36
153	37	38
153	39	39
153	40	40
153	41	41
153	42	42
153	43	44
153	45	46
153	47	47
153	49	49
153	50	51
153	52	52
153	53	54
153	55	56
153	57	57
153	58	59
153	60	60
153	61	62
153	63	63
153	64	65
153	66	66
153	67	68
153	69	70
153	71	71

154	4	4
154	5	5
154	7	8
154	9	9
154	10	10
154	11	11
154	12	12
154	13	14
154	15	15
154	16	16
154	17	18
154	19	19
154	20	20
154	21	21
154	22	22
154	23	24
154	25	25
154	26	28
154	29	30
154	31	31
154	32	33
154	34	35
154	36	36
154	37	38
154	39	39
154	40	41
154	42	43
154	44	44
154	45	46
154	47	47
154	48	48
154	50	50
154	51	52
154	53	54
154	55	55
154	56	57
154	58	58
154	59	59
154	60	60
154	61	62
154	63	64
154	65	66
154	67	69
154	70	70
154	71	72
154	73	74
154	75	75
154	76	77
154	78	79
154	80	80
154	81	82
154	83	83
154	84	85
154	86	88
154	89	89
154	90	90
154	91	91

155	4	4
155	5	5
155	7	11
155	12	12
155	13	14
155	15	16
155	17	18
155	19	21
155	22	23
155	24	25
155	26	26
155	27	29
155	30	30
155	31	31
155	32	33
155	34	34
155	35	35
155	36	36
155	37	38
155	39	40
155	41	42
155	43	44
155	45	46
155	47	47
155	48	49
155	50	50
155	52	52
155	53	54
155	55	55

156	4	4
156	5	5
156	7	9
156	10	11
156	12	12
156	13	13
156	14	14
156	15	16
156	17	18
156	19	20
156	21	21
156	22	22
156	23	23
156	24	25
156	26	27
156	28	29
156	30	30
156	31	32
156	33	34
156	35	36
156	37	38
156	39	39
156	40	40
156	41	42
156	43	44
156	45	46
156	47	47
156	49	49
156	50	53
156	54	54
156	55	56
156	57	58
156	59	60
156	61	61
156	62	63
156	64	64
156	65	66
156	67	68
156	69	69
156	70	70
156	71	71
156	72	73
156	74	74
156	75	76
156	77	78
156	79	80
156	81	81
156	82	83
156	84	85
156	86	88
156	89	89
156	90	91
156	92	93
156	95	96
156	97	98
156	99	100
156	101	102
156	103	103

157	4	4
157	5	5
157	7	8
157	9	9
157	10	10
157	11	11
157	12	13
157	14	14
157	15	16
157	17	18
157	19	19
157	20	21
157	22	23
157	24	25
157	26	27
157	28	28
157	29	30
157	31	31
157	32	33
157	34	35
157	36	36
157	37	38
157	39	39
157	40	41
157	42	43
157	44	45
157	46	47
157	48	48
157	50	51
157	52	53
157	54	54
157	55	56
157	57	58
157	59	60
157	61	66
157	67	67
157	68	69
157	70	70
157	71	71
157	72	73
157	74	75
157	76	76
157	77	77
157	78	79
157	80	80
157	81	82
157	83	84
157	85	85
157	86	87
157	88	88
157	89	90
157	91	92
157	93	94
157	96	97
157	98	98
157	99	99
157	100	101
157	102	102
157	103	103
157	104	104
157	105	106
157	107	108
157	109	110
157	111	112
157	113	114
157	115	115

158	4	4
158	5	5
158	7	8
158	9	9
158	10	13
158	14	14
158	15	16
158	17	18
158	19	19
158	20	21
158	22	23
158	24	25
158	26	26

159	4	4
159	5	5
159	7	8
159	9	10
159	11	12
159	13	14
159	15	15
159	16	17
159	18	19
159	20	21
159	22	23
159	24	25
159	26	26
159	27	28
159	29	30
159	31	31
159	32	33
159	34	35
159	36	36
159	37	37
159	38	39
159	40	41
159	42	42
159	43	44
159	45	45
159	46	46
159	47	47
159	49	50
159	51	52
159	53	53
159	54	57
159	58	59
159	60	63
159	64	64
159	65	66
159	67	68
159	69	70
159	71	72
159	73	73
159	74	75
159	76	76
159	77	78
159	79	82
159	83	83
159	84	85
159	86	87
159	88	89
159	90	91
159	92	92
159	93	93
159	94	94

160	4	4
160	5	5
160	7	7
160	8	9
160	10	10
160	11	12
160	13	14
160	15	16
160	17	18
160	19	20
160	21	21
160	22	23
160	24	24
160	25	25
160	26	28
160	29	29
160	30	31
160	32	33
160	34	34
160	35	36
160	37	39
160	40	40
160	41	41
160	42	42
160	43	43
160	44	44
160	45	45
160	46	47
160	49	49
160	50	51
160	52	52
160	53	54
160	55	55
160	56	57
160	58	61
160	62	63
160	64	64
160	65	67
160	68	68
160	69	71
160	72	72
160	73	75
160	76	76

161	4	4
161	5	5
161	7	7
161	8	9
161	10	10
161	11	12
161	13	13
161	14	15
161	16	16
161	17	18
161	19	20
161	21	21
161	22	23
161	24	25
161	26	26
161	27	28
161	29	30
161	31	32
161	33	33
161	34	35
161	36	36
161	37	38
161	39	39
161	40	41
161	42	42
161	43	44
161	45	45
161	46	47
161	49	49
161	50	51
161	52	53
161	54	54

162	4	4
162	5	5
162	7	7
162	8	9
162	10	11
162	12	12
162	13	13
162	14	15
162	16	17
162	18	18
162	19	20
162	21	24
162	25	26
162	27	27
162	28	31
162	32	33
162	34	34
162	35	35
162	36	36
162	37	38
162	39	39
162	40	43
162	44	44
162	45	46
162	47	47
162	49	50
162	51	51
162	52	53
162	54	55
162	56	57
162	58	59
162	60	61
162	62	63
162	64	64

163	4	4
163	5	5
163	7	8
163	9	12
163	13	14
163	15	15
163	16	17
163	18	19
163	20	20
163	21	22
163	23	24
163	25	26
163	27	27
163	28	29
163	30	30
163	31	32
163	33	34
163	35	35
163	36	37
163	38	38

164	0	2
164	3	3
164	5	5
164	6	9
164	10	10
164	11	13
164	14	15
164	16	17
164	18	18
164	19	20
164	21	21
164	22	23
164	24	24
164	25	26
164	27	27
164	28	29
164	30	31
164	32	32
164	33	34
164	35	36
164	37	37
164	38	39
164	40	41
164	42	42
164	43	43
164	44	44
164	45	46
164	47	47
164	49	49
164	50	51
164	52	52
164	53	55
164	56	56
164	57	57
164	58	59
164	60	61
164	62	62
164	63	64
164	65	65
164	66	67
164	68	68
164	69	70
164	71	71
164	72	73
164	74	75
164	76	76
164	77	77
164	78	79
164	80	81
164	82	83
164	84	85
164	86	86

165	0	0
165	1	1
165	3	3
165	4	4
165	6	6
165	7	7
165	8	8
165	9	9
165	10	10
165	11	11
165	12	13
165	14	15
165	16	17
165	18	19
165	20	20
165	21	21
165	22	23
165	24	25
165	26	27
165	28	28
165	29	30
165	31	31
165	32	32
165	33	36
165	37	38
165	39	40
165	41	43
165	44	45
165	46	47
165	48	48

166	0	3
166	4	5
166	6	7
166	8	9

167	0	3
167	4	4
167	5	5
167	6	6
167	7	8
167	9	10
167	11	12
167	13	14
167	15	18
167	19	19
167	20	21
167	22	25
167	26	26
167	27	28
167	29	30
167	31	32
167	33	33
167	34	35
167	36	37
167	38	38
167	39	40
167	41	42
167	43	44
167	45	46
167	47	47
167	49	49
167	50	51
167	52	52

168	4	4
168	5	5
168	7	8
168	9	10
168	11	12
168	13	15
168	16	17
168	18	19
168	20	20
168	21	22
168	23	24
168	25	25
168	26	26
168	27	28
168	29	29
168	30	30
168	31	32
168	33	34
168	35	35
168	36	37
168	38	39
168	40	40
168	41	43
168	44	45
168	46	47
168	49	50
168	51	52
168	53	53
168	54	56
168	57	58
168	59	59
168	60	61
168	62	63
168	64	65
168	66	67
168	68	68
168	69	69
168	70	71
168	72	72
168	73	74
168	75	75
168	76	77
168	78	79
168	80	81
168	82	83
168	84	85
168	86	87
168	88	88
168	89	89
168	90	90
168	91	92
168	93	93
168	95	95
168	96	97
168	98	99
168	100	100
168	101	101
168	102	103
168	104	105
168	106	107
168	108	108
168	109	110
168	111	112
168	113	114
168	115	115
168	116	117
168	118	118

169	4	4
169	5	5
169	7	8
169	9	9
169	10	11
169	12	12
169	13	14
169	15	15
169	16	17
169	18	18
169	19	20
169	21	22
169	23	24
169	25	26
169	27	27

170	4	4
170	5	5
170	7	8
170	9	9
170	10	11
170	12	12
170	13	13
170	14	14
170	15	16
170	17	18
170	19	20
170	21	22
170	23	23

171	4	4
171	5	5
171	7	8
171	9	9
171	10	10
171	11	12
171	13	14
171	15	15
171	16	18
171	19	19
171	20	20
171	21	22
171	23	24
171	25	26
171	27	28
171	29	29
171	30	31
171	32	33
171	34	35
171	36	37
171	38	38
171	39	39
171	40	43
171	44	45
171	46	47
171	49	50
171	51	52
171	53	53
171	54	55
171	56	56

172	4	4
172	5	5
172	7	8
172	9	9
172	10	10
172	11	12
172	13	13
172	14	15
172	16	16
172	17	18
172	19	20
172	21	22
172	23	23
172	24	26
172	27	27
172	28	28
172	29	30
172	31	32
172	33	34
172	35	36
172	37	38
172	39	40
172	41	41
172	42	42
172	43	43
172	44	45
172	46	46
172	47	47
172	48	49
172	50	50
172	52	52
172	53	54
172	55	57
172	58	58
172	59	59
172	60	60
172	61	62
172	63	64
172	65	65
172	66	67
172	68	69
172	70	70

173	4	4
173	5	5
173	7	8
173	9	10
173	11	13
173	14	14
173	15	15
173	16	17
173	18	18
173	19	20
173	21	22
173	23	24
173	25	25
173	26	27
173	28	29
173	30	30
173	31	31
173	32	33
173	34	35
173	36	36

174	0	3
174	4	4
174	5	5
174	6	9
174	10	10
174	11	11
174	12	13
174	14	15
174	16	17
174	18	19
174	20	20
174	21	22
174	23	23
174	24	25
174	26	26
174	27	27
174	28	29
174	30	30
174	31	32
174	33	34
174	35	37
174	38	39
174	40	40
174	41	41
174	42	42
174	43	44
174	45	45
174	46	46
174	47	47
174	49	49
174	50	51
174	52	53
174	54	55
174	56	56
174	57	58
174	59	60
174	61	62
174	63	64
174	65	66
174	67	67

175	0	0
175	1	2
175	3	4
175	5	6

176	0	2
176	3	5
176	6	7
176	8	9
176	10	11
176	12	13
176	14	15
176	16	17
176	18	18
176	19	21
176	22	23
176	24	25
176	26	27
176	28	28
176	29	29
176	30	30
176	31	31
176	32	33
176	34	35
176	36	37
176	38	39
176	40	41
176	42	42
176	43	44
176	46	49
176	50	51
176	52	52
176	53	54
176	55	56
176	57	58
176	59	59
176	60	60
176	61	61
176	62	62
176	63	64
176	65	66
176	67	68
176	69	70
176	71	71
176	72	73
176	74	75
176	76	77
176	78	79
176	80	80
176	81	82
176	83	83
176	84	84
176	85	85
176	86	87
176	88	88
176	89	90
176	92	93
176	94	94
176	95	96
176	97	98
176	99	100
176	101	101
176	102	103
176	104	105
176	106	106
176	107	108
176	109	110
176	111	111
176	112	113
176	114	114
176	115	116
176	117	117
176	118	119
176	120	121
176	122	122
176	123	124
176	125	125
176	126	126
176	127	127
176	128	129
176	130	132
176	133	133
176	134	135
176	136	136
176	138	138
176	139	140
176	141	141
176	142	143
176	144	144
176	145	147
176	148	149
176	150	150
176	151	151
176	152	152
176	153	154
176	155	156
176	157	157
176	158	158
176	159	160
176	161	162
176	163	164
176	165	166
176	167	168
176	169	169
176	170	171
176	172	172
176	173	173
176	174	175
176	176	179
176	180	180

177	0	2
177	3	4
177	5	6
177	7	9
177	10	10
177	11	12
177	13	13
177	14	14
177	15	16
177	17	19
177	20	21
177	22	25
177	26	27
177	28	29
177	30	31
177	32	33
177	34	34
177	35	35
177	36	37
177	38	38
177	39	39
177	40	41
177	42	43
177	44	44
177	46	46
177	47	47
177	48	49
177	50	52
177	53	54
177	55	56
177	57	57
177	58	58
177	59	62
177	63	63
177	64	65
177	66	67
177	68	68
177	69	69
177	70	71
177	72	72
177	73	74
177	75	76
177	77	77
177	78	78
177	79	80
177	81	82
177	83	84
177	85	85
177	86	86
177	87	88
177	89	89
177	90	90
177	92	92
177	93	94
177	95	96
177	97	98
177	99	100
177	101	102
177	103	103
177	104	105
177	106	106
177	107	107
177	108	108
177	109	110
177	111	111
177	112	113
177	114	115
177	116	117
177	118	121
177	122	122
177	123	124
177	125	126
177	127	127
177	128	129
177	130	130

178	0	2
178	3	3
178	4	5
178	6	7
178	8	9
178	10	11
178	12	13
178	14	15
178	16	17
178	18	21
178	22	22
178	23	24
178	25	26
178	27	27
178	28	29
178	30	31
178	32	32

179	0	0
179	1	2
179	3	4
179	5	6
179	7	7
179	8	9

180	0	2
180	3	3
180	4	5
180	6	8
180	9	12
180	13	14
180	15	15
180	16	16
180	17	18
180	19	20
180	21	22
180	23	23
180	24	25
180	26	26
180	27	28
180	29	31
180	32	33
180	34	35
180	36	36
180	37	38
180	39	40
180	41	41
180	42	43
180	44	44
180	46	46
180	47	48
180	49	50
180	51	52
180	53	54
180	55	55
180	56	56
180	57	57
180	58	59
180	60	60
180	61	62
180	63	63
180	64	64
180	65	66
180	67	67
180	68	69
180	70	71
180	72	73
180	74	74

181	0	2
181	3	4
181	5	6
181	7	8
181	9	10
181	11	11
181	12	13
181	14	14
181	15	16
181	17	18
181	19	21
181	22	22
181	23	24
181	25	25
181	26	26
181	27	29
181	30	30
181	31	32
181	33	33
181	34	34
181	35	36
181	37	37
181	38	39
181	40	40
181	41	42
181	43	44
181	46	47
181	48	48
181	49	50
181	51	51
181	52	53
181	54	54
181	55	56
181	57	58
181	59	60
181	61	62
181	63	64
181	65	66
181	67	67
181	68	68

182	4	4
182	5	5
182	7	8
182	9	9
182	10	10
182	11	12
182	13	13
182	14	14
182	15	16
182	17	18
182	19	19
182	20	21
182	22	23
182	24	25
182	26	27
182	28	29
182	30	31
182	32	32

183	4	4
183	5	5
183	7	8
183	9	10
183	11	12
183	13	14
183	15	16
183	17	18
183	19	20
183	21	21

184	4	4
184	5	5
184	7	8
184	9	10
184	11	11
184	12	13
184	14	15
184	16	16
184	17	17
184	18	18
184	19	20
184	21	22
184	23	25
184	26	27
184	28	28

185	4	4
185	5	5
185	7	9
185	10	11
185	12	13
185	14	15
185	16	16
185	17	17
185	18	18
185	19	21
185	22	25
185	26	26

186	4	4
186	5	5
186	7	8
186	9	10
186	11	11
186	12	13
186	14	15
186	16	17
186	18	19
186	20	20
186	21	21
186	22	22
186	23	23
186	24	25
186	26	27
186	28	28
186	29	29
186	30	31
186	32	32

187	0	2
187	3	4
187	5	6
187	7	8
187	9	10
187	11	11
187	12	13
187	14	15
187	16	17
187	18	19
187	20	21
187	22	24
187	25	26
187	27	27
187	28	31
187	32	32
187	33	33
187	34	34
187	35	36
187	37	38
187	39	40
187	41	42
187	43	44
187	46	48
187	49	49

188	4	4
188	5	5
188	7	8
188	9	10
188	11	11
188	12	13
188	14	14
188	15	16
188	17	17
188	18	19
188	20	20
188	21	22
188	23	24
188	25	25
188	26	27
188	28	29
188	30	31
188	32	33
188	34	35
188	36	36

189	4	4
189	5	5
189	7	7
189	8	9
189	10	10
189	11	12
189	13	14
189	15	15
189	16	17
189	18	19
189	20	23
189	24	24
189	25	25
189	26	27
189	28	31
189	32	32
189	33	34
189	35	35
189	36	36
189	37	37
189	38	39
189	40	40

190	4	4
190	5	5
190	7	7
190	8	8
190	9	10
190	11	12
190	13	13
190	14	15
190	16	17
190	18	19
190	20	20
190	21	22
190	23	24
190	25	27
190	28	29
190	30	30
190	31	32
190	33	34
190	35	35
190	36	36
190	37	38
190	39	40
190	41	41
190	42	45
190	46	46
190	47	47
190	49	49
190	50	50
190	51	51
190	52	53
190	54	54

191	4	4
191	5	5
191	7	8
191	9	10
191	11	12
191	13	14
191	15	15
191	16	17
191	18	18
191	19	20
191	21	21
191	22	22
191	23	23
191	24	24
191	25	26
191	27	28
191	29	29
191	30	31
191	32	32
191	33	33
191	34	34

192	4	4
192	5	5
192	7	7
192	8	9
192	10	11
192	12	13
192	14	14
192	15	16
192	17	17
192	18	19
192	20	20
192	21	22
192	23	23
192	24	24
192	25	25
192	26	26
192	27	28
192	29	30
192	31	31
192	32	33
192	34	35
192	36	37
192	38	38
192	39	40
192	41	41
192	42	43
192	44	44

193	4	4
193	5	5
193	7	8
193	9	10
193	11	12
193	13	13
193	14	15
193	16	17
193	18	19
193	20	21
193	22	22

194	4	4
194	5	5
194	7	8
194	9	10
194	11	12
194	13	13
194	14	15
194	16	17
194	18	19
194	20	20

195	4	4
195	5	5
195	7	8
195	9	10
195	11	12
195	13	14
195	15	16
195	17	18
195	19	19
195	20	21
195	22	24
195	25	25
195	26	27
195	28	29
195	30	30
195	31	32
195	33	33
195	34	35
195	36	36

196	0	2
196	3	4
196	5	6
196	7	8
196	9	10
196	11	13
196	14	14
196	15	16
196	17	17
196	18	19
196	20	21
196	22	23
196	24	24
196	25	26
196	27	28
196	29	30
196	31	32
196	33	33
196	34	34
196	35	36
196	37	37
196	38	38
196	39	40
196	41	42
196	43	44
196	45	45
196	47	48
196	49	50
196	51	51
196	52	53
196	54	55
196	56	57
196	58	58

197	0	0
197	1	1
197	2	2
197	3	4
197	5	6
197	7	8
197	9	10
197	11	13
197	14	14
197	15	16
197	17	17
197	18	19
197	20	21
197	22	23
197	24	25
197	26	26
197	27	27
197	28	29
197	30	30
197	31	31
197	32	32
197	33	33
197	34	35
197	36	37
197	38	38
197	39	39
197	40	40
197	41	42
197	43	44
197	46	47
197	48	49
197	50	50
197	51	52
197	53	54
197	55	56
197	57	58
197	59	60
197	61	61

198	0	0
198	1	4
198	5	6

199	0	2
199	3	5
199	6	6
199	7	8
199	9	9
199	10	11
199	12	13
199	14	14
199	15	16
199	17	18
199	19	19
199	20	21
199	22	23
199	24	24
199	25	26
199	27	28
199	29	30
199	31	31
199	32	33
199	34	35
199	36	36
199	37	37
199	38	40
199	41	43
199	44	44
199	46	46
199	47	47
199	48	48
199	49	50
199	51	51
199	52	53
199	54	55
199	56	57
199	58	61
199	62	62
199	63	64
199	65	66
199	67	67
199	68	69
199	70	71
199	72	73
199	74	75
199	76	77
199	78	78
199	79	79
199	80	80
199	81	82
199	83	84
199	85	85
199	86	87
199	88	89
199	90	90
199	92	93
199	94	95
199	96	97
199	98	99
199	100	101
199	102	103
199	104	104

200	0	2
200	3	5
200	6	9
200	10	11
200	12	13
200	14	14
200	15	16
200	17	18
200	19	19
200	20	20
200	21	21
200	22	22
200	23	24
200	25	26
200	27	27
200	28	29
200	30	31
200	32	32
200	33	34
200	35	36
200	37	38
200	39	39
200	40	41
200	42	43
200	44	45
200	46	46
200	48	49
200	50	53
200	54	54
200	55	56
200	57	58
200	59	59
200	60	63
200	64	65
200	66	66
200	67	68
200	69	71
200	72	72
200	73	74
200	75	78
200	79	79
200	80	81
200	82	83
200	84	84
200	85	86
200	87	88
200	89	89
200	90	91
200	92	92
200	94	94
200	95	95
200	96	97
200	98	99
200	100	100
200	101	102
200	103	103
200	104	105
200	106	106
200	107	110
200	111	111
200	112	113
200	114	115
200	116	116
200	117	117
200	118	118
200	119	120
200	121	122
200	123	124
200	125	125
200	126	127
200	128	128
200	129	130
200	131	131
200	132	133
200	134	135
200	136	136
200	137	138
200	139	139
200	141	141
200	142	143
200	144	144
200	145	146
200	147	148
200	149	150
200	151	151
200	152	152

201	0	2
201	3	5
201	6	7
201	8	9
201	10	10
201	11	11
201	12	13
201	14	17
201	18	18
201	19	20
201	21	21
201	22	23
201	24	25
201	26	26
201	27	28
201	29	30
201	31	32
201	33	33
201	34	35
201	36	37
201	38	38
201	39	40
201	41	42
201	43	44
201	45	45
201	47	48
201	49	50
201	51	51
201	52	53
201	54	56
201	57	57
201	58	61
201	62	63
201	64	64
201	65	66
201	67	70
201	71	71
201	72	73
201	74	77
201	78	78
201	79	79
201	80	80
201	81	82
201	83	83
201	84	85
201	86	89
201	90	90
201	91	91
201	93	93
201	94	95
201	96	96
201	97	98
201	99	100
201	101	101
201	102	103
201	104	105
201	106	106
201	107	108
201	109	110
201	111	112
201	113	113
201	114	115
201	116	117
201	118	119
201	120	120
201	121	122
201	123	123
201	124	125
201	126	126
201	127	128
201	129	130
201	131	131
201	132	133
201	134	135
201	136	137
201	139	140
201	141	146
201	147	147

202	0	2
202	3	5
202	6	7
202	8	9
202	10	11
202	12	12
202	13	16
202	17	17
202	18	19
202	20	20
202	21	22
202	23	24
202	25	26
202	27	29
202	30	31
202	32	33
202	34	34
202	35	36
202	37	37
202	38	39
202	40	41
202	42	43
202	44	44
202	46	46
202	47	48
202	49	50
202	51	51

203	0	2
203	3	5
203	6	7
203	8	9
203	10	11
203	12	12
203	13	14
203	15	16
203	17	18
203	19	19
203	20	21
203	22	23
203	24	25
203	26	31
203	32	32
203	33	34
203	35	35

204	0	2
204	3	5
204	6	7
204	8	8
204	9	10
204	11	11
204	12	13
204	14	14
204	15	16
204	17	17
204	18	19
204	20	21
204	22	23
204	24	24
204	25	26
204	27	28
204	29	29
204	30	30
204	31	32
204	33	33
204	34	35
204	36	36
204	37	38
204	39	40
204	41	42
204	43	44
204	45	45
204	47	47
204	48	49
204	50	50
204	51	52
204	53	53
204	54	55
204	56	56
204	57	58
204	59	59
204	60	63
204	64	64
204	65	66
204	67	68
204	69	70
204	71	72
204	73	74
204	75	76
204	77	78
204	79	79

205	0	0
205	1	2
205	3	4
205	5	6
205	7	10

206	0	0
206	1	1
206	3	3
206	4	5
206	6	7

207	0	0
207	1	1
207	3	5
207	6	7
207	8	9
207	10	11
207	12	13
207	14	14
207	15	16
207	17	18
207	19	20
207	21	21
207	22	23
207	24	24
207	25	26
207	27	30
207	31	31
207	32	33
207	34	35
207	36	37
207	38	38
207	39	42
207	43	43
207	44	45
207	46	47
207	49	49
207	50	51
207	52	52
207	53	53
207	54	56
207	57	58
207	59	59
207	60	60

208	0	2
208	3	3
208	4	4
208	5	7
208	8	9
208	10	11
208	12	13
208	14	14
208	15	18
208	19	20
208	21	22
208	23	23
208	24	25
208	26	26
208	27	28
208	29	32
208	33	33
208	34	37
208	38	39
208	40	40
208	41	42
208	43	44
208	45	45
208	46	46
208	48	48
208	49	50
208	51	51
208	52	53
208	54	55
208	56	58
208	59	59

209	0	0
209	1	1
209	3	5
209	6	7
209	8	8
209	9	10
209	11	12
209	13	14
209	15	16
209	17	20
209	21	22
209	23	23
209	24	24
209	25	26
209	27	30
209	31	31

210	0	2
210	3	4
210	5	6

211	0	2
211	3	3
211	5	5
211	6	6
211	7	8
211	9	9
211	10	11
211	12	13
211	14	15
211	16	17
211	18	19
211	20	20
211	21	22
211	23	26
211	27	27
211	28	29
211	30	31
211	32	33
211	34	35
211	36	36
211	37	37
211	38	39
211	40	40

212	0	2
212	3	4
212	5	6

213	0	2
213	3	3
213	4	4
213	5	6
213	7	8
213	9	14
213	15	16
213	17	18
213	19	20
213	21	21
213	22	23
213	24	25
213	26	27
213	28	29
213	30	30
213	31	32
213	33	33
213	34	35
213	36	36
213	37	38
213	39	39
213	40	41
213	42	43
213	44	45
213	46	46
213	48	48
213	49	50
213	51	53
213	54	54

215	0	1
215	2	2

216	0	0
216	1	3
216	4	5
216	6	6

217	0	1
217	2	3
217	4	5
217	6	7
217	8	9
217	10	11

218	2	2
218	3	4
218	5	6
218	7	7
218	8	8
218	9	9
218	10	13
218	14	17
218	18	19
218	20	21
218	22	22
218	23	24
218	25	25
218	26	26
218	27	27
218	28	31
218	32	33
218	34	34
218	35	38
218	39	39
218	40	42
218	43	43
218	44	44

219	2	2
219	3	6
219	7	7
219	8	9
219	10	11
219	12	13
219	14	15
219	16	17
219	18	18
219	19	20
219	21	21
219	22	22
219	23	23
219	24	25
219	26	27
219	28	28
219	29	32
219	33	33
219	34	35
219	36	36
219	37	37

220	2	2
220	3	5
220	6	7
220	8	9
220	10	10
220	11	11
220	12	12
220	13	13
220	14	17
220	18	18
220	19	21
220	22	22
220	23	23

221	2	2
221	3	4
221	5	7
221	8	9
221	10	11
221	12	13
221	14	14

222	2	2
222	3	5
222	6	7
222	8	9
222	10	11
222	12	12

223	2	2
223	3	5
223	6	7
223	8	9
223	10	11
223	12	12

224	2	2
224	3	5
224	6	7
224	8	9
224	10	11
224	12	13
224	14	14
224	15	16
224	17	17
224	18	18
224	19	19
224	20	20
224	21	22
224	23	23
224	24	27
224	28	28
224	30	31
224	32	32
224	33	33

225	2	2
225	3	4
225	5	5
225	6	7
225	8	9
225	10	10
225	11	12
225	13	14
225	15	15
225	16	18
225	19	19
225	20	20
225	21	21
225	22	25
225	26	26
225	27	27
225	28	31
225	32	32
225	34	36
225	37	37
225	38	38

226	2	2
226	3	4
226	5	6
226	7	8
226	9	10
226	11	12
226	13	14
226	15	15
226	16	17
226	18	19
226	20	20
226	21	21
226	22	25
226	26	26
226	27	27
226	28	31
226	32	32
226	33	35
226	36	36
226	37	37

227	2	2
227	3	4
227	5	6
227	7	8
227	9	10
227	11	12
227	13	14
227	15	15
227	16	17
227	18	18
227	19	19
227	20	20
227	21	24
227	25	25
227	26	26
227	27	30
227	31	31
227	32	33
227	34	34
227	35	35
227	36	36

228	2	2
228	3	5
228	6	7
228	8	9
228	10	11
228	12	13
228	14	15
228	16	16
228	17	18
228	19	19
228	20	20
228	21	21
228	22	22
228	23	24
228	25	25
228	26	29
228	30	30
228	31	32
228	33	33
228	34	34

229	2	2
229	3	4
229	5	6
229	7	8
229	9	10
229	11	12
229	13	14
229	15	15
229	16	17
229	18	19
229	20	21
229	22	25
229	26	26
229	27	28
229	29	29

230	2	2
230	3	6
230	7	7
230	8	8
230	9	16
230	17	17
230	18	18

231	2	3
231	4	5
231	6	6
231	7	10
231	11	11
231	12	12
231	13	14
231	15	16
231	17	18
231	19	20
231	21	21
231	22	23
231	24	24
231	25	25
231	26	26
231	27	28

232	2	2
232	3	3
232	4	5
232	6	6
232	7	10
232	11	11
232	13	15
232	16	16
232	17	17

233	2	5
233	6	7
233	8	9
233	10	11
233	12	12
233	13	14
233	15	16
233	17	18
233	19	20
233	21	21
233	22	23
233	24	25

234	4	4
234	5	6
234	7	8
234	9	11
234	12	12
234	13	15
234	16	16
234	17	18
234	19	20
234	21	22

235	0	1
235	2	3

236	0	1

237	0	0
237	1	2
237	3	4
237	6	7

238	0	0
238	1	2
238	3	4
238	5	6
238	9	10

239	0	0
239	1	1
239	2	3
239	4	7
239	8	8
239	9	10
239	12	13

240	0	0
240	1	2
240	3	4
240	5	6
240	8	9

241	0	0
241	1	2
241	3	4
241	5	5
241	6	7
241	9	10

242	0	0
242	1	2
242	3	4
242	6	7

243	0	0
243	1	2
243	3	4

244	5	7
244	8	8
244	9	11
244	12	12
244	13	13
244	14	17
244	18	18
244	19	20
244	21	22
244	23	24
244	25	25
244	26	26
244	27	28
244	29	30
244	31	31
244	32	33
244	34	34
244	35	36
244	37	38
244	39	39
244	40	41
244	42	42
244	43	46
244	47	47
244	48	48
244	50	50
244	51	52
244	53	53
244	54	55
244	56	56
244	57	58
244	59	59
244	60	62
244	63	64
244	65	66
244	67	67
244	68	71
244	72	72
244	73	76
244	77	78
244	79	79
244	80	81
244	82	82
244	83	84
244	85	85
244	86	87
244	88	90
244	91	92
244	93	94
244	96	97
244	98	98
244	99	99
244	100	100
244	101	102
244	103	104
244	105	106
244	107	107
244	108	109
244	110	110
244	111	112
244	113	113
244	114	115
244	116	117
244	118	118
244	119	120
244	121	123
244	124	124
244	125	127
244	128	128
244	129	129
244	130	131
244	132	132
244	133	134
244	135	136
244	137	137

245	5	5
245	6	8
245	9	9
245	10	10
245	11	12
245	13	14
245	15	15
245	16	17
245	18	19
245	20	21
245	22	22
245	23	24
245	25	26
245	27	28
245	29	30
245	31	31
245	32	33
245	34	34
245	35	35
245	36	36
245	37	39
245	40	40
245	41	41
245	42	42
245	43	43
245	44	44
245	45	47
245	48	48
245	49	49
245	50	50
245	52	52
245	53	53
245	54	55
245	56	57
245	58	59
245	60	61
245	62	63
245	64	66
245	67	68
245	69	70
245	71	71
245	72	73
245	74	74
245	75	76
245	77	78
245	79	80
245	81	81
245	82	83
245	84	85
245	86	86
245	87	88
245	89	90
245	91	91
245	92	92
245	93	93
245	94	95
245	96	97
245	99	101
245	102	102
245	103	105
245	106	106
245	107	107
245	108	109
245	110	110
245	111	112
245	113	113
245	114	114
245	115	116
245	117	118
245	119	119
245	120	122
245	123	123
245	124	124
245	125	126
245	127	127
245	128	130
245	131	132
245	133	134
245	135	135
245	136	137
245	138	138
245	139	140
245	141	142
245	143	146
245	148	148
245	149	150
245	151	152
245	153	154
245	155	156
245	157	157
245	158	159
245	160	160
245	161	161
245	162	163
245	164	164

246	0	0
246	1	2
246	3	4
246	5	6

247	0	0
247	1	2
247	3	3
247	4	5
247	6	6
247	7	8
247	9	10
247	11	12
247	13	14
247	15	15

248	5	5
248	6	6
248	8	8
248	9	10
248	11	11
248	12	13
248	14	15
248	16	17
248	18	19
248	20	20
248	21	21
248	22	23
248	24	25
248	26	28
248	29	30
248	31	32
248	33	33
248	34	34
248	35	35
248	36	37
248	38	38
248	39	40
248	41	41
248	42	43
248	44	45
248	46	47
248	48	48
248	50	51
248	52	53
248	54	54
248	55	56
248	57	57
248	58	59
248	60	60
248	61	61
248	62	63
248	64	65
248	66	66

249	0	0
249	1	1
249	3	3
249	4	5
249	6	7
249	8	8
249	9	10
249	11	11
249	12	13
249	14	14
249	15	16
249	17	17
249	18	19
249	20	20
249	21	22
249	23	23
249	24	25
249	26	27
249	28	29
249	30	31
249	32	33
249	34	35
249	36	36

250	5	5
250	6	6
250	8	9
250	10	11
250	12	13
250	14	15
250	16	17
250	18	19
250	20	21
250	22	22
250	23	24
250	25	26
250	27	28
250	29	30
250	31	32
250	33	33
250	34	35
250	36	36
250	37	38
250	39	40
250	41	42
250	43	44
250	45	48
250	50	50
250	51	52
250	53	54
250	55	55

251	0	0
251	1	1
251	2	3
251	4	7
251	8	8
251	9	10

252	5	5
252	6	7
252	8	9
252	10	11
252	12	13
252	14	14
252	15	16
252	17	18
252	19	19

253	0	1
253	3	7
253	8	9
253	10	11
253	12	13
253	14	15
253	16	17
253	18	20
253	21	21
253	22	23
253	24	26
253	27	27
253	28	30
253	31	32
253	33	33
253	34	35
253	36	37

254	0	1
254	3	7
254	8	9
254	10	11
254	12	13
254	14	15
254	16	19
254	20	21
254	22	23
254	24	25

255	0	3
255	5	7
255	9	13
255	14	14
255	15	19
255	20	20
255	21	22
255	23	24
255	25	27
255	28	29
255	30	31
255	32	33

256	0	6
256	7	8
256	9	11
256	12	13
256	14	15

257	0	6
257	7	8
257	9	11
257	12	13
257	14	15

258	0	0
258	1	1
258	2	7
258	9	13
258	14	15
258	16	18
258	19	19
258	20	21
258	22	24
258	25	25
258	26	28
258	29	30
258	31	33
258	34	35

259	0	0
259	1	1
259	2	7
259	9	13
259	14	17
259	18	19
259	20	21
259	22	23

260	0	0
260	1	1
260	2	7
260	8	10
260	11	12
260	13	14
260	15	16
260	17	18
260	19	20

261	0	0
261	1	1
261	2	7
261	8	8
261	9	10
261	11	12
261	13	15
261	16	16
261	17	19
261	20	20
261	21	22
261	23	24
261	25	26

262	0	0
262	1	1
262	2	7
262	8	10
262	11	12
262	13	15
262	16	16
262	17	19
262	20	20
262	21	22
262	23	24
262	25	26

263	0	3
263	4	5
263	6	7
263	8	11
263	12	13
263	14	14
263	15	18
263	19	20
263	21	21
263	22	25
263	26	26
263	28	30
263	31	31
263	32	32

264	0	0
264	1	2
264	3	4
264	5	6

265	5	6
265	7	8
265	9	9
265	10	10
265	11	11
265	12	12
265	13	13
265	14	17
265	18	19
265	20	21
265	22	23
265	24	24
265	25	26
265	27	28
265	29	30
265	31	32
265	33	33
265	34	34
265	35	36
265	37	37
265	38	39
265	40	41
265	42	43
265	44	44
265	45	46
265	47	47
265	48	48
265	50	51
265	52	53
265	54	54
265	55	56
265	57	58
265	59	60
265	61	64
265	65	65

266	5	8
266	9	9
266	10	11
266	12	12
266	13	13
266	14	14
266	15	15
266	17	17
266	18	18
266	19	19
266	20	23
266	24	25
266	26	27
266	28	30
266	31	31
266	32	33
266	34	35
266	36	36
266	38	38
266	39	39
266	40	40
266	41	41
266	42	42
266	43	44
266	45	46
266	47	48
266	49	49
266	50	51
266	52	53
266	54	54
266	56	57
266	58	58
266	59	60
266	61	62
266	63	64
266	65	65
266	66	67
266	68	68
266	69	69
266	70	71
266	72	72
266	74	75
266	76	76
266	77	81
266	82	82
266	83	84
266	85	85
266	86	86
266	87	87
266	88	90
266	91	91
266	92	92
266	93	94
266	95	95
266	96	96
266	97	98
266	99	100
266	101	102
266	103	104
266	105	106
266	107	107
266	109	109
266	110	110

267	0	0
267	1	1
267	2	4
267	6	10
267	11	11
267	12	15

268	4	7
268	8	8
268	9	9
268	10	10
268	11	11
268	12	12
268	13	13
268	14	14
268	15	15
268	16	19
268	20	21
268	22	23
268	24	26
268	27	27
268	28	29
268	30	31
268	32	32
268	33	34
268	35	35
268	36	36
268	37	38
268	39	39
268	40	40
268	41	43
268	44	44
268	45	46
268	47	47
268	48	49
268	50	50
268	51	55
268	57	59
268	60	61
268	62	64
268	65	65
268	66	68
268	69	69
268	70	71
268	72	73
268	74	75
268	76	76
268	77	78
268	79	79

269	4	7
269	8	8
269	9	9
269	10	10
269	11	12
269	13	13
269	14	15
269	16	16
269	17	17
269	18	21
269	22	23
269	24	25
269	26	27
269	28	29
269	30	31
269	32	33
269	34	35
269	36	37
269	38	38
269	39	40
269	41	42
269	43	43
269	44	45
269	46	47
269	48	48
269	50	50
269	51	51
269	52	52
269	53	53
269	54	54
269	55	56
269	57	58
269	59	60
269	61	63
269	64	64
269	65	66
269	67	67
269	68	69
269	70	71
269	72	72
269	73	73
269	74	76
269	77	77
269	78	79
269	80	80
269	82	83
269	84	84
269	85	89
269	90	90
269	91	92
269	93	94
269	95	97
269	98	98
269	99	101
269	102	102
269	104	105
269	106	107
269	108	109
269	110	110
269	111	111

270	4	7
270	8	8
270	9	9
270	10	10
270	11	12
270	13	13
270	14	15
270	16	16
270	17	17
270	18	21
270	22	23
270	24	25
270	26	27
270	28	28
270	29	30
270	31	32
270	33	34
270	35	36
270	37	38
270	39	39
270	40	41
270	42	43
270	44	44
270	45	47
270	48	48
270	49	49
270	51	51
270	52	53
270	54	54
270	55	55
270	56	58
270	59	59
270	60	61
270	62	62
270	64	65
270	66	66
270	67	71
270	72	72
270	73	74
270	75	76
270	77	79
270	80	80
270	81	83
270	84	84
270	85	86
270	87	88
270	89	90
270	91	91
270	92	92
270	93	94
270	95	95
270	96	99
270	100	101
270	103	104
270	105	105
270	106	107
270	108	108
270	109	110
270	111	111
270	112	115
270	116	116

271	4	7
271	8	8
271	9	9
271	10	10
271	11	12
271	13	13
271	14	14
271	15	16
271	17	20
271	21	21
271	22	23
271	24	24
271	25	25
271	26	28
271	30	30
271	31	32
271	33	33
271	35	36
271	37	37
271	38	42
271	43	43
271	44	45
271	46	47
271	48	50
271	51	51
271	52	54
271	55	55
271	57	58
271	59	60
271	61	62
271	63	63
271	64	67
271	68	68
271	69	69

272	4	7
272	8	8
272	9	9
272	10	10
272	11	12
272	13	13
272	14	14
272	15	15
272	16	17
272	18	19
272	20	21
272	22	22
272	23	24
272	25	26
272	27	28
272	29	29
272	30	31
272	32	32
272	33	33
272	34	36
272	37	38
272	39	39
272	40	40
272	41	43
272	44	44
272	45	46
272	47	47
272	48	49
272	50	50
272	51	55
272	57	59
272	60	61
272	62	64
272	65	65
272	66	68
272	69	69
272	70	71
272	72	73
272	74	75
272	76	76
272	77	80
272	81	81
272	82	82
272	83	83
272	84	85
272	86	86
272	87	89
272	90	90

273	4	7
273	8	8
273	9	9
273	10	10
273	11	11
273	12	15
273	16	17
273	18	20
273	21	22
273	23	24
273	25	26
273	27	27
273	28	28
273	29	30
273	31	31
273	32	33
273	34	35
273	36	36
273	37	39
273	40	40
273	41	42
273	43	43
273	44	44
273	45	46
273	47	47
273	49	50
273	51	52
273	53	54
273	55	55
273	56	57
273	58	58
273	59	60
273	61	61
273	62	65
273	66	66

274	4	7
274	8	8
274	9	9
274	10	10
274	11	11
274	12	13
274	14	14
274	15	17
274	18	18
274	19	22
274	23	23
274	24	25
274	26	26
274	27	27
274	28	28
274	29	30
274	31	32
274	33	35
274	36	36
274	37	39
274	40	40
274	41	42
274	43	44
274	45	46
274	47	47
274	49	50
274	51	51
274	52	52

275	0	0
275	1	2
275	3	4
275	5	5
275	6	7

276	0	1
276	2	2
276	3	3
276	4	5
276	6	6
276	7	8
276	9	10
276	11	11

277	0	0
277	1	1
277	3	4
277	5	5

278	0	0
278	1	1
278	3	4
278	5	5

279	4	4
279	5	5
279	7	8
279	9	10
279	11	12
279	13	13
279	14	14
279	15	15
279	16	16
279	17	17
279	18	19
279	20	20
279	21	22
279	23	23
279	24	26
279	27	28
279	29	30
279	31	31
279	32	33
279	34	34
279	35	35
279	36	37
279	38	38
279	39	40
279	41	41
279	42	43
279	44	45
279	46	47
279	48	48
279	50	51
279	52	52
279	53	53
279	54	54
279	55	56
279	57	57
279	58	59
279	60	61
279	62	63
279	64	64
279	65	66
279	67	67
279	68	71
279	72	73
279	74	74
279	75	76
279	77	78
279	79	80
279	81	84
279	85	85
279	86	87
279	88	88
279	90	90
279	91	93
279	94	94
279	96	96
279	97	97
279	98	98

280	0	0
280	1	2
280	3	4

281	0	0

