1	0	2
1	4	5
1	6	6
1	8	10

2	0	0
2	2	3

3	0	6
3	7	10

4	0	1
4	2	2
4	3	3
4	5	11
4	12	12
4	13	16

5	0	1
5	3	4
5	5	5
5	6	6
5	8	11
5	12	12
5	13	16

6	0	1
6	2	4

7	0	0
7	1	2
7	3	4
7	5	5
7	6	7
7	8	9

8	0	0

9	0	4
9	6	17
9	18	18

10	0	3
10	5	6
10	7	7
10	9	21
10	23	24
10	26	30
10	32	37

11	0	0
11	1	3
11	5	9
11	10	10
11	11	12
11	13	13
11	15	18
11	19	19
11	21	23
11	24	24

12	0	3
12	4	4
12	5	6
12	7	7
12	8	9
12	11	12

23	4	4
23	5	5
23	6	6
23	7	7
23	9	16
23	18	18
23	20	22

24	0	1

25	0	1

26	0	0
26	1	2
26	4	4

27	0	0
27	1	3
27	4	5
27	6	7
27	9	9

29	0	0
29	1	2
29	3	4
29	5	6
29	8	8

30	0	0
30	1	2
30	3	4
30	10	10
30	12	14
30	16	17
30	19	19

31	0	2
31	3	4
31	5	6
31	7	7
31	8	9
31	10	11
31	13	13

32	0	2
32	4	7
32	8	8
32	9	10
32	11	12
32	15	15

33	0	2
33	3	4
33	5	5
33	6	7
33	8	9
33	11	11

35	0	1
35	3	5
35	6	6
35	7	8
35	14	15

36	0	1
36	2	3
36	4	6
36	7	7
36	8	8
36	9	10
36	11	12
36	13	15
36	16	16
36	17	18
36	20	21

37	0	1
37	2	3
37	4	5
37	7	8

38	0	1
38	3	4
38	5	6
38	7	7
38	8	9
38	12	13

41	0	1
41	2	2
41	4	4
41	5	7
41	8	9
41	10	10
41	11	12
41	13	14
41	15	16
41	17	17
41	18	19
41	20	21

44	0	1
44	3	6
44	7	8
44	9	10
44	11	11
44	12	12
44	13	14
44	15	15
44	16	17
44	18	20
44	21	22
44	23	23
44	24	25
44	26	26
44	27	28
44	29	29
44	30	31
44	32	32
44	33	34
44	35	35

45	0	0
45	1	1
45	2	2
45	3	3
45	4	5
45	6	6
45	7	8

46	0	0
46	1	1
46	2	2
46	3	3
46	4	5
46	6	6
46	7	8

47	0	0
47	1	1
47	2	2
47	3	3
47	4	5
47	6	6
47	7	8
47	9	10
47	11	11
47	12	13
47	14	15
47	16	16
47	17	17
47	18	19
47	20	21
47	22	23

48	0	0
48	1	1
48	2	2
48	3	3
48	4	5
48	6	6
48	7	8
48	9	10
48	11	11
48	12	13

49	0	0
49	1	1
49	2	2
49	3	4
49	5	6
49	7	7
49	8	9
49	10	11

50	0	0

51	6	6
51	7	8
51	9	9
51	10	11
51	13	16
51	17	18
51	19	20
51	21	21
51	22	22
51	23	24
51	25	26
51	27	27
51	28	28
51	29	30
51	31	31
51	32	33
51	34	35
51	36	37
51	38	38
51	39	40
51	41	41
51	42	42
51	44	47
51	48	48
51	49	50
51	51	51
51	52	54
51	55	55
51	57	57
51	58	59
51	60	60
51	61	63
51	65	69
51	70	70
51	71	72
51	73	75
51	76	77
51	78	79
51	80	82
51	83	83
51	84	85
51	86	87
51	88	89
51	90	91
51	92	92
51	93	95
51	97	101
51	102	103
51	104	104
51	105	106
51	107	107
51	108	110
51	112	112
51	113	114
51	115	116
51	117	117
51	118	119
51	120	120
51	121	124
51	125	125
51	126	127
51	128	129
51	130	130
51	131	131
51	132	133
51	134	135
51	136	137
51	138	140
51	141	142
51	143	144
51	145	146
51	147	148
51	149	149

52	0	0
52	1	2
52	3	4
52	5	5
52	6	6
52	7	9
52	11	15
52	16	16
52	17	18
52	19	19
52	20	23
52	24	24
52	25	26
52	27	29
52	31	31
52	32	33
52	34	35
52	36	36
52	37	38
52	39	40
52	41	41
52	42	42
52	43	45
52	46	46
52	47	47

53	0	0
53	1	2
53	3	4
53	5	7
53	9	13
53	14	14
53	15	16
53	17	17
53	18	21
53	22	22
53	23	24
53	25	25
53	26	26
53	27	28
53	29	30
53	31	32
53	33	33

54	6	7
54	8	8
54	9	10
54	11	12
54	13	13
54	14	14
54	15	16
54	17	19
54	21	25
54	26	26
54	27	28
54	29	29
54	30	33
54	34	34
54	35	35
54	36	36
54	37	38
54	39	39
54	40	40
54	41	42
54	43	44
54	45	45
54	46	47
54	48	50
54	51	52
54	53	53
54	54	55
54	56	56
54	58	59
54	60	60
54	61	61
54	62	63
54	64	64
54	65	66
54	67	67
54	68	69
54	70	70
54	71	71
54	72	72
54	73	75
54	76	76
54	77	78
54	79	80
54	81	82
54	83	83
54	84	84
54	85	86
54	87	87
54	88	90
54	92	96
54	97	97
54	98	99
54	101	101
54	103	106
54	107	107
54	108	109
54	110	111
54	113	114
54	115	115

55	0	0
55	1	1

56	0	0
56	1	1

57	0	0
57	1	1

58	0	0
58	1	1

59	0	0
59	1	1

60	0	0
60	1	1

61	0	0
61	1	1

62	0	0
62	1	2
62	3	3
62	4	5
62	6	6
62	7	7
62	8	9
62	10	10
62	11	11
62	12	12
62	13	15
62	16	17
62	18	18

63	0	0
63	1	2
63	3	3
63	4	5
63	6	7
63	8	11
63	12	13
63	14	14

64	0	0
64	1	2
64	3	3
64	4	5
64	6	8
64	9	11
64	12	13
64	14	16
64	17	17
64	18	22
64	23	23
64	24	27
64	28	28
64	29	30
64	31	31

65	0	0
65	1	2
65	3	4
65	5	6
65	7	8
65	9	9
65	10	11
65	12	14
65	15	17
65	18	18

66	0	0
66	1	2
66	3	4
66	5	6
66	7	8
66	9	9
66	10	11
66	12	15
66	16	16
66	17	18
66	19	22
66	23	24
66	25	26
66	27	30
66	31	31
66	32	33
66	34	35
66	36	38
66	39	42
66	44	45
66	46	46
66	47	48
66	49	50
66	51	54
66	55	55
66	56	57
66	58	59
66	60	61
66	62	64
66	65	68
66	69	69
66	70	71
66	72	74
66	75	76
66	77	80
66	81	84
66	85	85
66	86	87
66	88	89

67	0	3
67	4	7
67	8	8
67	9	11
67	12	13
67	14	16
67	17	17
67	19	19
67	20	21
67	22	23
67	24	26
67	27	27
67	28	29
67	30	30
67	31	31

68	0	0
68	1	2
68	3	4
68	5	7
68	8	8
68	9	10
68	11	11
68	12	12
68	13	14
68	15	15
68	16	18
68	19	19
68	20	22
68	23	23
68	24	25
68	26	26
68	27	29
68	30	30
68	31	32
68	33	33
68	34	36
68	37	37
68	39	39
68	40	41
68	42	42
68	43	44
68	45	45
68	46	47
68	48	48
68	49	49
68	51	54
68	55	55
68	56	59
68	60	60
68	61	62
68	63	64
68	65	65
68	66	67
68	68	68
68	69	71
68	72	73
68	74	74

84	6	6
84	7	8
84	9	9
84	10	11
84	12	14
84	15	15
84	16	18
84	19	20
84	21	21
84	22	23
84	24	24
84	25	26
84	27	28
84	29	29
84	30	30
84	31	31
84	32	33
84	34	35
84	36	37
84	38	38
84	39	40
84	41	42
84	43	43
84	44	45
84	46	46
84	47	48
84	50	51
84	52	53
84	54	55
84	56	56
84	57	57
84	58	59
84	60	60
84	61	62
84	63	63

85	6	8
85	9	9
85	10	11
85	12	12
85	13	13
85	14	15
85	16	16
85	17	18
85	19	19
85	20	20
85	21	22
85	23	23
85	24	25
85	26	27
85	28	29
85	30	30
85	31	32
85	33	33
85	34	35
85	36	36
85	37	37
85	38	39
85	40	40
85	41	41
85	42	44
85	45	46
85	47	47
85	48	48
85	50	50
85	51	52
85	53	53
85	54	54
85	55	55
85	56	57
85	58	59
85	60	61
85	62	63
85	64	65
85	66	67
85	68	68
85	69	70
85	71	72
85	73	73
85	74	75
85	76	76
85	77	78
85	79	79
85	80	82
85	83	84
85	85	85
85	86	87
85	88	89
85	90	90
85	91	92
85	93	93
85	95	96
85	97	97
85	98	99
85	100	101
85	102	102
85	103	103
85	104	105
85	106	107
85	108	108
85	109	110
85	111	112
85	113	113
85	114	115
85	116	116
85	117	118
85	119	119
85	120	120
85	121	121
85	122	123
85	124	125
85	126	129
85	130	130
85	131	131
85	132	133
85	134	135
85	136	137
85	138	138
85	140	140
85	141	141
85	142	143
85	144	144
85	145	146
85	147	147
85	148	148
85	149	149
85	150	151
85	152	153
85	154	154
85	155	155
85	156	157
85	158	158
85	159	160
85	161	161
85	162	163
85	164	165
85	166	166
85	167	168
85	169	171
85	172	172
85	173	174
85	175	175
85	176	177
85	178	178
85	179	180
85	181	183
85	184	184
85	186	186
85	187	188
85	189	190
85	191	191
85	192	193
85	194	194

86	6	7
86	8	8
86	9	10
86	11	11
86	12	13
86	14	14
86	15	15
86	16	17
86	18	18
86	19	20
86	21	23
86	24	24
86	25	26
86	27	27
86	28	28
86	29	30
86	31	31
86	32	32
86	33	33
86	34	36
86	37	38
86	39	40
86	41	41
86	42	44
86	45	45
86	46	46
86	47	48
86	50	51
86	52	52
86	53	53
86	54	55
86	56	56
86	57	58
86	59	61
86	62	62
86	63	63
86	64	65
86	66	66
86	67	69
86	70	70
86	71	72
86	73	74
86	75	75
86	76	77
86	78	80
86	81	81
86	82	83
86	84	84
86	85	86
86	87	87
86	88	90
86	91	91
86	92	93
86	94	94
86	96	97
86	98	98
86	99	100
86	101	101
86	102	103
86	104	104
86	105	106
86	107	107
86	108	109
86	110	110
86	111	112
86	113	113
86	114	116
86	117	117
86	118	118
86	119	119
86	120	121
86	122	122
86	123	123
86	124	124
86	125	126
86	127	127
86	128	128
86	129	130
86	131	132
86	133	134
86	135	135
86	136	137
86	138	138
86	139	139
86	140	141
86	143	144
86	145	145

87	6	7
87	8	9
87	10	11
87	12	13
87	14	16
87	17	17
87	18	19
87	20	21
87	22	23
87	24	26
87	27	27
87	28	29
87	30	30
87	31	32
87	33	33
87	34	34
87	35	37
87	38	38
87	39	40
87	41	41
87	42	43
87	44	44
87	45	46
87	47	47
87	49	49
87	50	50
87	51	52
87	53	53
87	54	55
87	56	57
87	58	59
87	60	62
87	63	63
87	64	65
87	66	66
87	67	67
87	68	69
87	70	71
87	72	73
87	74	74
87	75	75
87	76	77
87	78	78
87	79	79
87	80	80
87	81	81
87	82	83
87	84	84
87	85	85
87	86	87
87	88	88
87	89	89
87	90	91
87	92	92
87	94	95
87	96	97
87	98	98
87	99	100
87	101	102
87	103	104
87	105	105
87	106	106
87	107	108
87	109	110
87	111	111
87	112	113
87	114	114
87	115	116
87	117	118
87	119	121
87	122	122
87	123	124
87	125	125
87	126	126
87	127	128
87	129	129
87	130	130
87	131	131
87	132	132
87	133	134
87	135	137
87	139	139
87	140	141
87	142	142
87	144	144

88	6	7
88	8	9
88	10	10
88	11	14
88	15	15
88	16	16
88	17	17
88	18	19
88	20	21
88	22	23
88	24	25
88	26	26
88	27	27
88	28	28
88	29	30
88	31	31
88	32	33
88	34	34
88	35	36
88	37	38
88	39	40
88	41	41
88	42	43
88	44	45
88	46	46
88	47	47
88	48	48
88	50	52
88	53	54
88	55	55
88	56	56
88	57	58
88	59	59
88	60	60
88	61	62
88	63	64
88	65	65
88	66	66
88	67	68
88	69	70
88	71	71
88	72	73
88	74	74
88	75	75
88	76	76
88	77	77
88	78	79
88	80	81
88	82	82
88	83	83
88	84	84
88	85	86
88	87	88
88	89	90
88	91	91
88	92	92
88	93	94
88	96	97
88	98	98
88	99	99
88	100	101
88	102	102
88	103	103
88	104	105
88	106	106
88	107	107
88	108	109
88	110	110
88	111	112
88	113	114
88	115	116
88	117	118
88	119	119

89	0	0

90	6	6
90	7	7
90	8	8
90	9	10
90	11	11
90	12	13
90	14	15
90	16	16
90	17	18
90	19	19
90	20	20
90	21	21
90	22	22
90	23	24
90	25	26
90	27	27
90	28	29
90	30	30
90	31	31
90	32	32
90	33	33
90	34	35
90	36	37
90	38	39
90	40	40
90	41	42
90	43	44
90	45	45
90	46	47
90	48	48
90	50	50
90	51	52
90	53	54
90	55	55
90	56	57
90	58	58

91	6	7
91	8	8
91	9	10
91	11	12
91	13	14
91	15	16
91	17	18
91	19	19
91	20	20
91	21	22
91	23	26
91	27	28
91	29	29
91	30	30
91	31	32
91	33	34
91	35	36
91	37	37
91	38	38
91	39	41
91	42	43
91	44	44
91	45	46
91	47	47
91	49	50
91	51	52
91	53	54
91	55	55
91	56	57
91	58	58
91	59	60
91	61	61
91	62	62
91	63	64
91	65	66
91	67	68
91	69	70
91	71	71
91	72	74
91	75	75
91	76	76
91	77	78
91	79	80
91	81	81
91	82	83
91	84	85
91	86	87
91	88	89
91	90	90
91	91	92
91	93	94
91	95	96
91	98	98
91	99	100
91	101	101
91	102	103
91	104	104
91	105	105
91	106	107
91	108	109
91	110	110
91	111	112
91	113	114
91	115	116
91	117	117
91	118	119
91	120	121
91	122	123
91	124	124
91	125	126
91	127	130
91	131	131
91	132	133
91	134	135
91	136	136
91	137	137
91	138	138
91	139	141
91	143	143
91	144	145
91	146	147
91	148	148
91	149	150
91	151	151
91	152	152
91	153	153
91	154	155
91	156	156
91	157	158
91	159	159
91	160	160
91	161	162
91	163	163
91	164	165
91	166	167
91	168	170
91	171	172
91	173	174
91	175	175
91	176	177
91	178	178
91	179	180
91	181	182
91	183	183
91	184	185
91	186	186

92	6	7
92	8	8
92	9	10
92	11	11
92	12	13
92	14	15
92	16	16
92	17	18
92	19	19
92	20	21
92	22	22
92	23	24
92	25	25
92	26	28
92	29	29
92	30	30
92	31	31
92	32	33
92	34	34
92	35	36
92	37	37
92	38	39
92	40	40
92	41	42
92	43	43
92	44	44
92	45	46
92	47	47
92	48	49
92	50	50
92	51	51
92	53	54
92	55	56
92	57	58
92	59	59
92	60	61
92	62	62

93	6	8
93	9	9
93	10	11
93	12	13
93	14	14
93	15	16
93	17	18
93	19	20
93	21	21
93	22	23
93	24	24
93	25	25
93	26	27
93	28	28
93	29	29
93	30	30
93	31	32
93	33	33
93	34	35
93	36	36
93	37	38
93	39	40
93	41	42
93	43	44
93	45	45
93	46	46
93	47	47
93	49	49
93	50	51
93	52	52
93	53	54
93	55	56
93	57	57
93	58	59
93	60	61
93	62	62
93	63	63
93	64	64
93	65	66
93	67	68
93	69	70
93	71	71
93	72	72
93	73	73
93	74	75
93	76	77
93	78	78
93	79	81
93	82	82
93	83	84
93	85	85
93	86	86
93	87	88
93	89	89

94	0	2
94	3	3
94	4	5
94	6	7
94	8	8
94	9	10
94	11	11
94	12	13
94	14	15
94	16	17
94	18	18
94	19	20
94	21	22
94	23	23
94	24	25
94	26	27
94	28	29
94	30	30
94	31	31
94	32	33
94	34	35
94	36	37
94	38	38

95	0	0
95	1	1
95	2	4
95	5	5
95	6	6
95	7	8
95	9	9
95	10	11
95	12	13
95	14	14
95	15	16
95	17	17
95	18	18
95	19	20
95	21	22
95	23	23
95	24	25
95	26	27
95	28	28
95	29	29
95	30	30
95	31	31
95	32	33
95	34	34
95	35	36
95	37	38
95	39	40
95	41	41

96	0	0
96	1	1
96	2	3
96	4	5
96	6	7
96	8	8
96	9	10
96	11	12
96	13	14
96	15	15
96	16	17
96	18	19
96	20	20
96	21	22
96	23	24
96	25	26
96	27	27
96	28	29
96	30	30

97	0	1
97	2	3
97	4	5
97	6	6
97	7	10
97	11	11
97	12	12
97	13	14
97	15	16
97	17	18
97	19	19
97	20	21
97	22	23
97	24	25
97	26	27
97	28	28
97	29	29

98	0	1
98	2	4

99	0	0
99	1	2
99	3	4
99	5	5
99	6	7
99	8	9

100	0	0
100	1	2

101	6	7
101	9	12
101	13	13
101	14	14
101	15	16
101	17	18
101	19	19
101	20	21
101	22	22
101	23	24
101	25	25
101	26	29
101	30	30
101	31	31
101	32	33
101	34	34
101	35	36
101	37	39
101	40	40
101	41	43
101	44	45
101	46	46
101	47	48
101	49	49
101	50	51
101	53	54
101	55	55
101	56	58
101	59	59
101	60	60

102	0	0
102	1	1
102	2	2
102	3	3
102	4	5
102	6	6
102	7	7
102	8	9
102	10	10
102	11	13
102	14	14
102	15	15
102	16	16
102	17	17
102	18	20
102	21	21
102	22	24
102	25	25

103	0	1
103	2	3
103	4	5
103	6	6
103	7	8
103	9	10
103	12	15
103	16	17
103	18	18
103	19	20
103	21	21
103	22	22
103	24	28
103	29	29
103	30	31
103	33	36
103	37	37
103	38	39
103	40	40
103	41	41
103	43	47
103	48	49
103	50	50
103	51	51
103	52	53
103	54	54
103	55	56
103	57	57
103	59	59
103	60	60
103	61	63
103	64	64
103	65	67
103	68	68
103	69	71
103	72	73
103	74	75
103	76	76
103	77	78
103	79	79
103	80	81
103	82	83
103	84	85
103	86	86
103	87	88
103	89	89
103	90	90
103	91	91

104	6	6
104	7	8
104	9	10
104	11	12
104	13	13
104	14	14
104	15	16
104	17	18
104	19	19
104	20	21
104	22	23
104	24	24
104	25	26
104	27	27
104	28	29
104	30	30
104	31	32
104	33	33
104	34	35
104	36	37
104	38	39
104	40	41
104	42	42
104	43	44
104	45	46
104	47	48
104	50	50
104	51	51
104	52	52
104	53	54
104	55	55
104	56	57
104	58	59
104	60	60
104	61	62
104	63	64
104	65	65
104	66	67
104	68	69
104	70	70
104	71	72
104	73	73
104	74	75
104	76	76
104	77	78
104	79	79
104	80	80
104	81	82
104	83	83
104	84	85
104	86	87
104	88	89
104	90	91
104	92	92
104	93	93
104	94	94
104	95	95
104	97	98
104	99	99
104	100	101
104	102	102
104	103	104
104	105	105
104	106	107
104	108	109
104	110	110

105	0	0
105	1	3
105	4	5
105	6	7

106	2	2
106	4	4
106	6	7
106	8	8
106	9	10
106	11	11
106	12	13
106	15	20
106	21	21
106	22	25
106	26	26
106	27	29
106	31	33
106	35	39
106	40	40
106	41	41
106	43	43
106	45	48
106	49	49

107	0	0
107	2	2
107	4	5
107	6	6
107	7	8
107	9	9
107	10	11
107	13	18
107	19	19
107	20	23
107	24	24
107	25	27
107	29	31
107	33	37
107	38	38
107	39	39
107	40	40
107	41	44
107	45	45

108	2	2
108	3	3
108	4	5
108	6	6
108	7	8
108	9	10
108	11	11
108	12	13
108	14	15
108	16	16
108	17	17
108	18	19
108	20	21
108	22	23
108	24	24
108	25	26
108	28	31
108	32	32
108	34	34
108	35	35
108	36	39
108	40	40

109	0	0
109	2	2
109	4	5
109	6	6
109	7	8
109	9	10
109	11	11
109	12	13
109	14	14
109	15	16
109	18	21
109	22	22
109	24	24
109	25	25
109	26	29
109	30	30
109	31	33
109	35	37
109	39	43
109	44	44
109	45	45
109	46	46
109	47	50
109	51	51

110	6	7
110	8	8
110	9	9
110	11	14
110	15	16
110	17	18
110	19	21
110	22	24
110	25	25
110	26	28
110	29	29
110	30	32
110	33	34
110	35	36
110	37	38
110	39	40
110	41	42
110	43	43
110	44	46
110	48	48
110	49	50
110	51	51
110	52	52
110	54	57
110	58	58
110	59	62
110	63	63
110	64	66
110	68	70
110	72	75
110	76	76
110	77	80
110	81	81

111	0	1
111	2	2
111	3	3
111	5	8
111	9	11
111	12	12
111	13	13
111	14	14
111	15	15
111	16	17
111	18	18
111	19	22

112	0	1
112	3	6
112	8	9
112	10	11
112	12	14
112	15	15
112	16	17
112	19	22
112	23	23
112	24	27
112	28	28
112	29	31
112	33	35
112	37	41
112	42	42
112	43	46
112	47	47

113	0	1
113	2	2
113	3	3
113	5	9
113	11	13
113	14	14
113	15	16
113	17	17
113	18	18
113	20	24
113	25	25
113	26	29
113	30	30
113	31	33
113	35	37
113	39	43
113	44	44
113	46	49
113	50	50

114	6	7
114	8	8
114	9	9
114	11	15
114	16	17
114	19	20
114	21	23
114	24	26
114	27	27
114	28	30
114	31	31
114	33	33
114	34	34
114	35	36
114	37	37
114	38	39
114	40	41
114	42	42
114	43	44
114	45	45
114	46	47
114	48	48
114	49	49
114	51	55
114	56	56
114	57	60
114	61	61
114	63	65
114	67	69
114	71	74
114	75	75
114	76	80

115	6	7
115	8	8
115	9	9
115	11	15
115	16	16
115	18	18
115	20	21
115	22	24
115	26	26
115	27	27
115	28	29
115	30	30
115	31	33
115	34	35
115	36	38
115	39	39
115	40	41
115	42	42
115	43	43
115	45	49
115	50	50
115	52	52
115	53	53
115	54	57
115	58	58
115	60	62
115	64	66
115	68	73
115	74	74
115	75	78
115	79	79

116	0	2
116	4	8
116	9	9
116	10	13
116	14	14
116	15	16
116	17	17
116	18	18
116	19	20
116	21	23
116	24	24
116	25	25
116	26	27
116	28	28
116	29	29
116	30	31
116	32	34
116	35	36
116	37	37

117	0	2
117	4	8
117	9	9
117	10	10
117	11	11
117	12	15
117	16	17
117	18	20
117	22	22
117	23	23
117	24	25
117	26	26
117	27	28
117	29	30
117	31	32
117	33	33
117	34	35
117	36	38

118	0	0
118	1	2
118	3	3
118	4	5

119	0	1
119	2	3
119	4	4
119	5	6
119	7	8
119	9	10
119	11	12
119	13	13

120	0	0
120	1	1
120	3	3

121	0	1
121	3	7
121	9	16

123	0	0

124	0	0
124	1	2
124	3	3
124	4	4
124	5	6
124	7	7
124	8	8
124	9	10
124	11	11
124	12	13
124	14	14
124	15	16
124	17	17
124	18	19
124	20	20
124	21	23
124	24	24
124	25	26
124	27	27
124	28	28

125	0	0
125	1	1
125	2	3
125	4	5
125	6	6
125	7	7
125	8	9
125	10	10
125	11	12
125	13	14
125	15	15
125	16	17
125	18	18
125	19	20
125	21	22
125	23	23
125	24	24
125	25	28
125	29	29
125	30	31
125	32	33
125	34	34
125	35	37
125	38	38
125	39	39
125	40	40
125	41	43
125	44	45
125	46	47
125	48	48

126	0	2
126	3	4
126	5	5
126	6	6
126	7	8
126	9	12
126	13	13
126	14	15
126	16	16

127	0	0
127	1	1
127	2	2
127	3	4
127	5	5
127	6	8
127	9	9
127	10	12
127	13	13
127	14	15
127	16	16
127	17	19
127	20	21
127	22	22
127	23	24
127	25	25
127	26	26
127	27	28
127	29	30
127	31	31
127	32	33
127	34	35
127	36	36
127	37	38
127	39	40
127	41	41
127	42	43
127	44	45
127	46	46
127	47	48
127	49	50
127	51	51

128	0	0
128	1	1
128	2	3
128	4	5
128	6	6

129	0	2

130	0	2
130	4	8
130	10	16
130	18	22

131	0	1
131	2	3
131	4	4
131	5	6
131	7	8
131	9	9
131	10	10
131	11	11
131	12	16
131	17	17
131	18	20
131	21	21
131	22	23
131	24	24
131	25	25
131	26	26
131	27	27
131	28	29
131	30	31
131	32	32
131	33	34
131	35	36
131	37	38
131	39	39
131	40	41
131	42	42
131	43	44
131	45	45
131	46	47
131	48	48
131	49	49

133	0	2

134	0	1
134	3	7
134	9	17

135	0	1
135	2	3
135	4	5
135	6	7
135	8	9
135	10	10
135	11	11
135	12	13
135	14	14
135	15	16
135	17	17
135	18	19
135	20	20
135	21	22
135	23	23
135	24	25
135	26	26
135	27	27
135	28	28
135	29	30
135	31	31

136	0	2

137	0	1
137	2	3
137	5	10
137	12	16
137	18	26

138	0	0
138	1	2
138	3	4
138	5	6
138	7	7
138	8	9
138	10	11
138	12	12

139	0	2

140	0	1
140	2	4
140	6	11
140	13	17
140	19	27
140	29	33

141	0	0

142	0	1
142	2	3
142	4	4
142	5	6
142	7	8
142	9	9
142	10	11
142	13	13
142	15	18
142	19	19
142	20	22
142	23	23
142	24	25
142	26	26
142	27	27
142	28	28
142	29	29
142	30	30
142	31	32
142	33	34
142	35	35
142	36	37
142	38	39
142	40	41
142	42	42
142	43	44
142	45	45
142	46	47
142	48	48
142	49	50
142	51	51
142	52	52

143	0	0
143	1	1
143	2	5
143	6	6
143	7	9
143	12	12
143	14	14
143	16	16

144	0	0
144	1	1
144	2	2
144	3	3
144	4	4
144	5	6
144	7	7
144	8	8
144	9	9
144	10	10
144	12	15
144	16	17
144	18	18

145	0	2

146	0	2
146	4	8
146	10	14

147	0	0

148	0	1
148	2	3
148	4	4
148	5	6
148	7	8
148	9	10
148	11	11
148	12	13
148	14	14
148	15	16
148	17	18
148	19	19
148	20	20
148	21	21
148	22	22

149	0	2

150	0	2
150	3	3
150	5	9
150	11	15
150	17	21

151	0	0
151	1	1

152	0	1
152	2	2
152	3	5
152	6	6
152	7	8
152	9	11
152	12	12
152	13	14
152	15	15
152	16	20
152	22	22
152	23	23
152	24	24
152	25	25
152	26	26
152	27	27
152	28	28
152	29	29
152	30	31
152	32	32
152	33	34
152	35	36
152	37	38
152	39	39
152	40	41
152	42	42
152	43	44
152	45	45
152	46	47
152	48	48
152	49	49

153	0	1
153	3	3
153	5	8

154	0	0
154	1	1
154	2	2

155	0	1
155	2	3
155	4	4
155	6	14
155	16	24
155	26	32

156	0	1
156	2	3
156	4	4
156	5	6
156	7	8
156	9	9
156	10	11
156	12	13
156	14	15
156	16	16
156	17	18
156	19	20
156	21	21
156	22	22

157	0	2

158	0	1
158	2	4
158	6	15
158	17	23

159	0	0
159	1	2
159	3	4
159	5	5
159	6	7
159	8	9
159	10	11
159	12	13
159	14	15
159	16	16
159	17	17
159	18	19
159	20	21
159	22	22
159	23	23
159	24	26
159	27	27
159	28	28
159	29	31
159	32	33
159	34	35
159	36	36
159	37	37

161	0	0
161	1	1
161	3	4

162	0	1
162	2	3
162	5	15
162	17	24

163	0	0

164	0	1
164	2	3
164	4	4
164	5	5
164	6	7
164	8	9
164	10	11
164	12	12
164	13	14
164	15	16
164	17	17

165	0	0
165	1	1
165	3	4

166	0	1
166	2	3
166	5	15
166	17	23

167	0	1
167	2	3
167	4	4
167	5	6
167	7	8
167	9	9
167	10	10
167	11	13
167	14	15
167	16	16
167	17	18
167	19	19
167	20	20

168	0	0
168	1	1
168	3	4

169	0	3
169	5	14
169	16	20

170	0	1
170	2	2
170	3	4
170	5	5
170	6	6
170	7	7
170	8	9
170	10	12
170	13	13

174	0	1
174	2	3
174	4	5
174	6	6
174	7	7
174	8	8
174	9	10
174	11	12
174	13	14
174	15	15
174	16	16
174	18	21
174	22	22
174	23	23
174	24	24
174	25	27
174	28	28
174	29	29
174	30	30
174	31	32
174	33	33
174	34	34
174	36	39
174	40	41
174	42	43
174	44	44

175	6	7
175	8	9
175	10	11
175	12	12
175	13	13
175	14	14
175	15	16
175	17	18
175	19	21
175	23	27
175	28	28
175	29	29
175	30	30
175	31	32
175	33	33
175	34	34
175	35	35
175	36	36
175	37	38
175	39	39
175	40	40
175	42	46
175	47	48
175	49	50
175	51	51
175	52	53
175	54	55
175	56	56
175	58	59
175	60	61
175	62	62
175	63	63
175	64	65
175	66	66
175	67	68
175	69	71
175	72	72
175	73	74
175	75	76
175	77	78
175	79	79
175	80	82
175	83	84
175	85	86
175	87	87
175	88	88
175	89	89
175	90	91
175	92	92
175	93	94
175	95	96
175	97	97

176	6	6
176	7	7
176	8	9
176	10	11
176	12	13
176	14	14
176	15	15
176	16	17
176	18	18
176	19	20
176	21	21
176	22	22
176	23	24
176	25	26
176	27	28
176	29	30
176	31	31
176	32	33
176	34	35
176	36	37
176	38	39
176	40	40
176	41	41
176	43	43
176	45	46
176	47	47
176	48	48
176	49	50
176	51	51
176	53	53
176	54	55
176	56	57
176	58	58
176	59	59
176	60	61
176	62	63
176	64	65
176	66	66

177	0	0
177	1	2
177	3	4
177	5	6

178	0	1
178	2	3
178	4	4
178	5	6
178	7	8
178	9	9
178	10	11
178	12	12
178	13	14
178	15	17
178	18	18
178	19	20
178	21	21
178	22	23
178	24	25
178	26	26
178	27	28
178	29	29
178	30	31
178	32	33
178	34	34
178	35	35
178	36	37
178	38	38
178	39	39
178	40	40
178	41	41
178	42	42
178	44	45
178	46	46
178	47	48
178	49	50
178	51	51
178	52	53
178	54	55
178	56	57
178	58	58

179	6	6
179	7	8
179	9	10
179	11	11
179	12	13
179	14	17
179	18	19
179	20	21
179	22	22
179	23	23
179	25	28
179	29	29
179	30	31
179	32	33
179	34	35
179	36	36
179	37	38
179	39	39
179	40	40
179	41	42
179	43	45
179	46	47
179	48	48
179	49	50
179	52	52
179	53	54
179	55	55
179	56	59
179	60	61
179	62	62
179	63	64
179	65	65
179	67	68
179	69	69

180	6	6
180	7	8
180	9	10
180	11	11
180	12	13
180	14	17
180	18	19
180	20	21
180	22	22
180	23	23
180	25	29
180	30	30
180	31	32
180	33	34
180	35	36
180	37	37
180	38	39
180	40	40
180	41	41
180	42	43
180	44	46
180	47	49
180	50	51
180	53	53
180	54	55
180	56	56
180	57	60
180	61	62
180	63	63
180	64	65
180	66	66
180	68	69
180	70	70
180	72	72
180	73	74
180	75	76
180	78	78
180	79	79
180	81	81
180	82	83

181	6	7
181	8	9
181	10	11
181	12	13
181	14	15
181	16	16
181	17	18
181	19	19
181	20	21
181	22	22
181	23	24
181	25	26
181	27	27
181	28	28
181	29	30
181	31	33
181	34	34
181	35	36
181	37	38
181	39	39
181	40	40
181	41	41
181	42	42
181	43	44
181	45	45
181	46	47
181	48	48
181	50	51
181	52	53
181	54	54
181	55	56
181	57	58
181	59	60
181	61	63
181	64	64
181	65	65
181	66	67
181	68	68
181	69	70
181	71	72
181	73	74
181	75	75
181	76	77
181	78	79
181	80	81
181	82	82
181	83	84
181	85	88
181	89	89
181	90	90
181	91	92
181	93	93
181	94	94

182	6	7
182	8	10
182	11	11
182	12	13
182	14	14
182	15	16
182	17	19
182	20	20
182	21	22
182	23	23
182	24	25
182	26	26
182	27	27
182	28	30
182	31	32
182	33	33
182	34	35
182	36	37
182	38	38
182	39	40
182	41	42
182	43	43
182	44	45
182	46	47
182	49	49
182	50	51
182	52	53
182	54	55
182	56	56
182	57	59
182	60	61
182	62	62
182	63	64
182	65	66
182	67	67
182	68	68
182	69	70
182	71	73
182	74	74
182	75	76
182	77	78
182	79	79
182	80	82
182	83	84
182	85	85
182	86	89
182	90	90
182	91	92
182	93	93
182	95	95
182	96	97
182	98	99
182	100	100
182	101	102
182	103	106
182	107	107
182	108	108
182	109	110
182	111	112
182	113	114
182	115	115

183	6	6
183	7	7
183	8	8
183	9	10
183	11	11
183	12	12
183	13	14
183	15	15
183	16	16
183	17	18
183	19	20
183	21	21
183	22	23
183	24	24
183	25	25
183	26	27
183	28	29
183	30	31
183	32	33
183	34	34
183	35	36
183	37	37
183	38	38
183	39	40
183	41	42
183	43	44
183	45	45
183	46	46
183	47	47
183	48	48
183	49	49
183	51	51
183	52	53
183	54	55
183	56	57
183	58	58
183	59	60
183	61	61
183	62	63
183	64	64
183	65	67
183	68	68
183	69	70
183	71	71
183	72	72
183	73	74
183	75	76
183	77	78
183	79	79
183	80	82
183	83	83
183	84	85
183	86	86
183	87	87
183	88	88
183	89	89
183	90	91
183	92	93
183	94	95
183	97	97
183	98	99
183	100	101
183	102	105
183	106	106
183	107	108
183	109	109
183	110	111
183	112	113
183	114	115
183	116	117
183	118	118
183	119	120
183	121	121
183	122	122
183	123	124
183	125	126
183	127	127
183	128	128
183	129	129
183	130	132
183	133	133
183	134	134
183	135	136
183	137	137
183	138	139
183	140	140
183	141	142
183	144	144
183	145	146
183	147	147
183	148	149
183	150	150
183	151	151
183	152	152
183	153	154
183	155	156
183	157	157
183	158	159
183	160	160
183	161	162
183	163	163
183	164	165
183	166	167
183	168	169
183	170	170
183	171	172
183	173	174
183	175	176
183	177	177
183	178	178
183	179	180
183	181	181
183	182	182
183	183	186
183	187	188
183	190	191
183	192	193
183	194	194
183	195	195

184	0	2
184	3	4
184	5	6
184	7	7
184	8	9
184	10	11

185	6	7
185	8	8
185	9	9
185	10	11
185	12	13
185	14	15
185	16	16
185	17	18
185	19	19
185	20	20
185	21	22
185	23	24
185	25	25
185	26	26
185	27	27
185	28	28
185	29	29
185	30	31
185	32	33
185	34	35
185	36	37
185	38	39
185	40	40
185	41	43
185	44	44
185	45	46
185	47	48
185	50	50
185	51	51
185	52	53
185	54	55
185	56	56
185	57	58
185	59	60
185	61	62
185	63	63
185	64	64
185	65	66
185	67	67
185	68	68
185	69	70
185	72	75
185	76	76
185	78	78
185	79	79
185	80	81
185	82	83
185	84	84
185	85	86
185	87	89
185	90	91
185	92	92
185	93	94
185	95	95
185	96	96
185	97	97

186	0	1
186	2	3
186	4	4
186	5	5
186	6	8
186	9	9
186	10	11
186	12	13
186	14	15
186	16	17
186	18	19
186	20	21
186	22	23
186	24	24
186	25	25
186	26	28
186	29	29
186	30	31
186	32	33
186	34	35
186	36	36
186	37	37
186	38	39
186	40	41
186	42	43
186	44	44
186	46	46
186	47	48
186	49	49
186	50	50
186	51	53
186	54	54
186	55	56
186	57	59
186	60	60
186	61	62
186	63	64
186	65	65
186	66	67
186	68	68
186	69	70
186	71	72
186	73	73
186	74	74
186	75	75
186	76	77
186	78	78
186	79	80
186	81	82
186	83	83
186	84	84
186	85	85
186	86	87
186	88	88
186	89	89
186	91	94
186	95	95
186	96	97
186	98	98
186	99	100
186	101	101
186	102	102

187	0	0
187	1	1
187	2	3
187	4	5
187	6	7
187	8	9
187	10	10
187	11	11
187	12	13
187	14	14
187	15	16
187	17	17
187	18	19
187	20	21
187	22	22
187	23	24
187	25	25
187	26	26
187	27	28
187	29	29
187	30	31
187	32	32
187	33	34
187	35	36
187	37	37
187	38	38
187	39	39
187	40	41
187	42	43
187	44	44
187	45	46
187	47	47
187	48	49
187	51	52
187	53	53
187	54	55
187	56	56
187	57	57
187	58	59
187	60	61
187	62	63
187	64	65
187	66	66
187	67	68
187	69	69
187	70	70
187	71	72
187	73	74
187	75	76
187	77	78
187	79	79

188	0	2
188	3	6
188	7	7
188	8	9
188	10	11

189	0	1
189	2	3
189	4	5
189	6	7
189	8	8
189	9	9
189	10	11
189	12	13
189	14	15
189	16	17
189	18	18
189	19	19
189	20	20
189	21	22
189	23	23
189	24	24
189	25	25
189	26	26
189	27	29
189	30	31
189	32	33
189	34	35
189	36	38
189	39	39
189	40	40

190	0	2
190	3	3
190	4	4
190	6	8
190	10	10
190	12	15

191	0	0
191	1	1
191	2	2

192	5	7
192	8	8
192	9	12
192	13	13
192	14	15
192	16	17
192	18	18
192	19	20
192	21	22
192	23	23
192	24	24
192	25	25
192	26	27
192	28	30
192	31	31
192	32	32
192	34	34

193	0	1
193	2	2
193	3	3
193	4	5
193	6	7
193	8	8
193	9	11
193	12	12

194	0	1
194	2	2
194	3	3
194	4	5
194	6	7
194	8	8
194	9	9
194	11	13
194	14	14

195	0	1
195	2	2
195	3	3
195	4	6
195	7	7
195	8	8
195	9	10
195	11	13
195	14	14
195	15	15
195	16	17
195	18	19
195	20	20
195	21	22
195	23	24
195	25	25
195	26	27
195	28	28
195	29	29

196	0	0
196	1	2
196	3	3
196	4	5
196	6	7
196	8	8
196	9	11
196	12	13
196	14	16
196	17	17
196	18	18
196	19	19
196	20	20
196	21	21
196	22	22
196	23	23
196	24	24
196	25	26
196	27	28
196	29	30
196	31	32
196	33	34
196	35	36
196	37	37

197	6	6
197	7	8
197	9	10
197	11	12
197	13	14
197	15	16
197	17	18
197	19	19
197	20	20
197	21	21
197	22	22
197	23	24
197	25	26
197	27	28
197	29	29
197	30	30
197	31	31
197	32	32
197	33	34
197	35	36
197	37	38
197	39	40
197	41	42
197	44	47
197	48	48
197	50	50
197	51	52
197	54	54
197	55	56
197	57	58
197	59	59
197	60	62
197	63	64
197	65	65
197	66	66
197	67	67
197	68	69
197	70	70
197	71	72
197	73	74
197	75	75
197	76	77
197	78	79
197	80	81
197	82	82
197	83	83
197	84	85
197	86	86
197	87	88
197	89	90
197	91	93
197	94	95
197	96	96
197	98	100
197	101	102
197	103	103
197	104	105
197	106	107

198	0	1
198	2	3
198	4	4
198	5	6
198	7	7
198	8	9
198	10	10
198	11	12
198	13	14
198	15	16
198	17	17
198	18	18
198	19	19
198	20	20
198	21	24
198	25	25
198	26	26
198	27	29
198	30	30
198	31	31
198	32	33
198	34	34
198	35	35
198	36	36
198	37	38
198	39	39

199	0	4
199	6	6
199	8	10
199	11	11
199	12	13
199	15	15
199	17	20
199	22	22
199	23	23

200	0	1

201	0	0
201	1	1
201	2	2

202	1	4
202	5	5
202	6	6
202	7	7
202	8	9
202	10	12
202	13	13
202	14	14
202	16	17
202	18	19
202	20	20
202	21	21
202	22	22
202	23	24
202	25	27
202	28	28
202	29	29
202	31	34
202	35	35

203	5	6
203	7	8
203	9	9

204	0	0
204	1	2
204	3	3
204	4	4
204	5	6
204	7	7
204	8	9
204	10	10
204	11	14
204	15	15
204	16	18
204	19	19
204	20	21
204	22	22
204	23	24
204	25	25

205	0	0
205	1	2
205	3	4
205	5	5
205	7	9
205	10	11

206	6	7
206	8	9
206	10	10
206	11	11
206	12	13
206	14	14
206	15	15
206	16	17
206	18	18
206	19	20
206	21	22
206	23	23
206	24	25
206	26	27
206	28	28
206	29	31
206	32	32
206	33	34
206	35	36
206	37	38
206	39	39
206	40	40
206	41	41
206	42	43
206	44	44
206	45	45
206	46	46
206	47	48
206	50	51
206	52	52
206	53	53
206	54	54
206	55	56
206	57	58
206	59	60
206	61	61
206	62	63
206	64	64
206	65	66
206	67	67
206	68	69
206	70	71
206	72	72
206	73	74
206	75	75
206	76	77
206	78	80
206	81	82
206	83	83
206	84	84
206	85	86
206	87	87
206	88	89
206	90	91
206	92	94
206	95	95
206	97	98
206	99	99
206	100	101
206	102	103
206	104	104

207	0	2
207	3	3
207	4	4
207	5	6
207	7	8
207	9	10
207	11	11
207	12	14
207	15	15
207	16	16
207	17	18
207	19	20
207	21	21
207	22	23
207	24	26
207	27	27
207	28	29
207	30	31
207	32	32
207	33	34
207	35	36
207	37	38
207	39	39
207	40	41
207	42	44
207	46	47
207	48	49
207	50	51
207	52	52
207	53	53
207	54	55
207	56	57
207	58	60
207	61	61
207	62	63
207	64	66
207	67	67
207	68	69
207	70	70
207	71	72
207	73	73
207	74	74
207	75	76
207	77	78
207	79	80
207	81	81
207	82	83
207	84	84
207	85	86
207	87	87
207	88	88
207	90	91
207	92	93
207	94	94
207	95	96
207	97	98
207	99	99
207	100	101
207	102	102
207	103	104
207	105	105
207	106	107
207	108	108
207	109	110
207	111	112
207	113	114
207	115	115
207	116	116
207	117	119
207	120	121
207	122	123
207	124	125
207	126	126
207	128	128
207	129	129
207	130	131
207	132	133
207	134	134
207	136	137
207	138	139
207	140	141
207	142	143
207	144	145
207	146	146
207	147	147
207	148	149
207	150	151
207	152	152
207	153	154
207	155	156
207	157	158
207	159	160
207	161	161
207	162	162
207	163	163
207	164	166
207	167	168
207	169	169
207	170	171
207	172	172
207	173	173
207	175	175
207	176	176
207	177	178
207	179	179
207	181	182
207	183	184
207	185	185
207	186	186
207	187	187
207	188	189
207	190	191
207	192	192
207	193	194
207	195	196
207	197	197
207	198	198
207	199	200
207	201	201
207	202	203
207	204	204
207	205	205
207	206	207
207	208	208
207	209	209
207	210	211
207	212	212
207	213	214
207	215	216
207	217	217
207	218	219
207	220	220
207	221	222
207	223	223
207	224	226
207	227	227
207	229	230
207	231	232
207	233	234
207	235	235
207	236	236
207	237	238
207	239	240
207	241	241
207	242	243
207	244	244
207	245	245
207	246	246
207	247	247
207	248	248
207	249	249
207	250	250
207	251	251
207	252	252

208	0	2
208	3	3
208	4	6
208	7	8
208	9	10
208	11	11
208	12	13
208	14	14
208	15	15
208	17	17
208	18	18
208	19	20
208	21	21
208	22	24
208	25	26
208	27	27
208	28	29
208	30	31

209	6	7
209	8	9
209	10	11
209	12	12
209	13	13
209	14	15
209	16	17
209	18	19
209	20	20
209	21	22
209	23	25
209	26	26
209	27	27
209	28	29
209	30	31
209	32	33
209	34	35
209	36	37
209	38	38
209	39	39
209	40	41
209	42	43
209	44	45
209	46	47
209	49	49
209	50	50
209	51	52
209	53	53
209	54	54
209	55	56
209	57	58
209	59	59
209	60	60
209	61	62
209	63	64
209	65	65
209	66	66
209	67	68
209	69	69
209	70	71
209	72	72
209	73	74
209	75	76
209	77	77
209	78	79
209	80	81
209	82	82
209	83	84
209	85	85
209	86	86
209	87	87

211	0	2
211	3	3
211	4	5
211	6	7
211	8	8
211	9	10
211	11	13

212	6	7
212	8	9
212	10	11
212	12	12
212	13	13
212	14	15
212	16	17
212	18	19
212	20	22
212	23	23
212	24	25
212	26	28
212	29	29
212	30	30
212	31	33
212	34	35
212	36	37
212	38	39
212	40	40
212	41	41
212	42	43
212	44	45
212	46	47
212	49	49
212	50	51
212	52	52
212	53	54
212	55	55
212	56	56
212	57	58
212	59	60
212	61	61
212	62	62
212	63	64
212	65	66
212	67	67
212	68	69
212	70	71
212	72	72
212	73	74
212	75	76
212	77	78
212	79	79
212	80	81
212	82	82
212	83	84
212	85	85
212	86	87
212	88	88
212	89	90
212	91	91
212	92	92
212	93	93

213	0	0
213	1	2
213	3	5

214	6	6
214	7	7
214	8	9
214	10	11
214	12	12
214	13	14
214	15	15
214	16	16
214	17	18
214	19	20
214	21	22
214	23	23
214	24	25
214	26	27
214	28	29
214	30	30
214	31	31
214	32	33
214	34	34
214	35	37
214	38	39
214	40	41
214	42	43
214	44	44
214	45	45
214	46	46
214	48	48
214	50	50
214	51	51
214	52	52
214	54	54
214	55	55
214	56	57
214	58	59
214	60	60
214	61	62
214	63	65
214	66	66
214	67	68
214	69	70
214	71	71
214	72	73
214	74	74
214	75	75
214	76	77
214	78	79
214	80	80
214	81	81
214	83	83
214	84	84

215	0	0
215	1	1
215	2	3
215	4	5
215	6	7
215	8	9
215	10	11
215	12	12
215	13	14
215	15	16
215	17	18
215	19	19
215	20	20
215	21	22
215	23	23
215	24	26
215	27	28
215	29	30
215	31	32
215	33	33
215	34	34
215	36	36
215	37	37

216	6	7
216	8	9
216	10	11
216	12	13
216	14	16
216	18	18
216	19	19
216	20	22
216	23	23
216	24	25
216	26	28
216	29	29
216	30	31
216	32	33
216	34	35
216	36	36
216	37	37
216	38	38
216	39	39
216	40	40
216	41	42
216	43	44
216	45	45
216	46	47
216	48	49
216	50	50
216	52	53
216	54	54
216	55	55
216	57	57
216	59	59
216	60	60
216	61	62
216	63	63
216	64	66
216	67	67
216	68	69
216	70	71
216	72	74
216	75	75
216	76	77
216	78	79
216	80	81
216	82	83
216	84	84
216	85	85
216	86	86
216	87	87
216	88	88
216	89	89
216	90	90
216	91	91
216	92	92
216	93	93
216	94	95
216	96	97
216	98	98
216	99	99
216	100	100
216	101	101
216	103	103
216	104	105
216	106	106
216	107	108
216	109	109
216	110	110
216	111	112
216	113	114
216	115	116
216	117	118
216	119	119
216	120	121
216	122	122
216	123	125
216	126	126

217	6	6
217	7	7
217	8	8
217	9	10
217	11	12
217	13	14
217	15	16
217	17	17
217	18	19
217	20	21
217	22	23
217	24	24
217	25	25
217	26	26
217	27	28
217	29	30
217	31	31
217	32	33
217	34	34
217	35	35
217	36	37
217	38	39
217	40	40
217	41	41
217	42	43
217	44	44
217	45	45
217	46	47
217	49	49
217	51	51
217	52	52
217	53	53
217	54	55
217	56	58
217	59	59
217	60	61
217	62	63
217	64	65
217	66	66
217	67	68
217	69	69
217	70	70
217	71	71
217	72	72
217	73	73
217	74	75
217	76	77
217	78	78
217	79	79
217	80	81
217	82	83
217	84	84
217	85	86
217	87	87
217	88	88
217	89	90
217	91	92
217	93	93
217	94	94
217	95	95
217	97	97
217	98	98
217	99	99
217	100	100
217	101	101
217	103	103
217	104	104
217	105	106
217	107	107
217	108	109
217	110	111
217	112	114
217	115	115
217	116	117
217	118	119
217	120	121
217	122	123
217	124	124
217	125	126
217	127	127
217	128	128
217	129	129
217	130	130
217	131	131
217	132	132
217	133	133
217	134	134
217	135	135
217	136	136
217	137	138
217	139	140
217	141	141
217	142	142
217	143	143
217	144	145
217	147	148
217	149	149
217	150	151
217	152	152
217	153	153
217	154	155
217	156	157
217	158	159
217	160	161
217	162	162
217	163	164
217	165	165
217	166	167
217	168	168
217	169	171
217	172	172

218	0	0
218	1	1
218	2	3
218	4	5
218	6	6
218	7	7
218	8	9
218	10	10
218	11	11
218	12	13
218	14	14
218	15	15
218	16	16
218	17	18
218	19	19
218	20	21
218	22	23
218	24	25
218	26	27
218	28	28
218	29	29
218	30	30
218	31	31
218	32	34
218	35	36
218	37	38
218	39	40
218	41	41
218	42	43
218	44	45
218	46	46
218	47	47
218	48	49
218	50	51
218	53	53
218	54	55
218	56	56
218	57	57
218	58	59
218	60	60
218	61	62
218	63	64
218	65	65
218	66	66

219	0	0
219	1	3
219	4	5

220	6	8
220	9	9
220	10	11
220	12	13
220	14	15
220	16	16
220	17	17
220	18	18
220	19	20
220	21	22
220	23	24
220	25	26
220	27	27
220	28	28
220	29	30
220	31	32
220	33	34
220	35	35
220	37	37
220	38	38
220	39	40
220	41	41
220	42	42
220	43	43
220	44	44
220	45	45
220	46	47
220	48	48
220	49	49
220	50	50
220	52	53
220	54	54
220	55	56
220	57	57
220	58	58
220	59	61
220	62	63
220	64	64
220	65	66
220	67	67
220	68	69
220	70	70
220	71	71
220	72	72
220	73	74
220	75	75
220	76	77
220	78	78
220	79	79
220	80	80

221	6	7
221	8	9
221	10	11
221	12	12
221	13	15
221	16	17
221	18	18
221	19	20
221	21	21
221	22	23
221	24	25
221	26	26
221	27	29
221	30	30
221	31	31
221	32	33
221	34	35
221	36	36
221	37	38
221	39	41
221	42	42
221	43	43
221	44	46
221	47	47
221	49	49
221	50	51
221	52	52
221	53	54
221	55	55
221	56	57
221	58	59
221	60	60
221	61	62
221	63	63
221	64	65
221	66	66
221	67	68
221	69	69
221	70	71
221	72	72
221	73	73
221	74	75
221	76	76
221	77	78
221	79	79
221	80	80
221	81	82
221	83	83
221	84	85
221	86	87
221	88	90
221	91	91
221	93	94
221	95	95

225	0	0
225	1	1
225	2	2
225	3	3
225	4	4
225	5	6
225	7	8
225	9	9
225	10	12
225	14	14
225	15	15
225	16	16
225	17	18

226	0	0
226	1	3
226	4	4
226	5	5
226	6	6
226	7	7
226	8	9
226	10	10
226	11	12
226	13	14
226	15	16
226	17	17
226	18	18
226	19	20
226	21	21
226	22	22
226	23	23
226	24	24
226	25	25

227	0	0
227	2	2
227	4	4
227	5	5
227	7	8
227	10	12

228	0	0
228	1	1
228	2	2

229	0	0
229	1	1
229	2	3
229	4	4
229	5	5
229	6	6
229	7	8
229	9	9
229	10	11
229	12	14
229	15	15
229	16	16
229	17	18
229	19	20
229	21	21
229	22	23
229	24	26
229	27	27
229	28	28
229	29	30
229	31	31
229	32	33
229	34	35
229	36	36
229	37	38
229	39	39
229	40	40
229	41	41
229	42	42
229	44	44
229	45	45
229	46	47
229	48	48
229	49	49
229	50	51
229	52	52
229	53	54
229	55	56
229	57	57
229	58	59
229	60	62
229	63	63
229	64	64
229	65	66
229	67	68
229	69	70
229	71	72
229	73	73
229	74	74
229	75	75
229	76	76
229	77	77

230	5	6
230	7	7
230	8	8
230	9	10
230	11	13
230	14	14
230	15	16
230	17	17
230	18	18
230	19	19

231	2	5
231	6	6
231	7	8
231	9	10
231	11	12
231	13	14
231	15	16
231	17	17
231	18	19
231	20	21
231	22	22

232	0	1
232	2	2
232	3	3
232	4	4
232	5	6
232	7	8
232	9	9
232	10	10
232	12	12
232	13	13
232	14	14
232	15	16

233	0	0
233	1	3
233	4	4
233	5	5
233	6	6
233	7	7
233	8	9
233	10	10
233	11	12
233	13	14
233	15	16
233	17	17
233	18	18
233	19	20
233	21	21
233	22	22
233	23	23
233	24	24
233	25	25

234	0	0
234	2	2
234	4	4
234	5	5
234	7	7
234	9	9
234	10	10
234	11	13

235	0	0
235	1	1
235	2	2

236	0	0
236	1	1
236	2	2
236	3	5
236	6	7
236	8	9
236	10	10
236	11	11
236	12	12
236	13	14
236	15	15
236	16	16
236	17	17
236	18	19
236	20	21
236	22	23
236	24	24
236	25	26
236	27	28
236	29	30
236	31	31
236	32	32
236	33	33
236	34	34
236	35	35
236	36	36
236	37	37
236	39	39
236	40	40
236	41	42
236	43	45
236	46	46
236	47	48
236	49	49
236	50	50
236	51	51

237	0	0
237	1	1
237	2	3
237	4	5
237	6	6

238	0	3
238	4	4
238	5	6
238	7	8
238	9	9
238	10	11
238	12	12
238	13	13
238	14	14
238	15	15

239	0	0
239	1	3
239	4	4
239	5	5
239	6	6
239	7	7
239	8	9
239	10	10
239	11	12
239	13	14
239	15	16
239	17	17
239	18	18
239	19	20
239	21	21
239	22	22
239	23	23
239	24	24
239	25	25

240	0	0
240	1	1
240	3	3
240	4	4
240	5	5
240	6	6
240	7	7

241	0	0
241	1	1
241	2	2

242	0	0
242	1	1
242	2	2
242	3	4
242	5	6
242	7	8
242	9	9
242	10	11
242	12	13
242	14	14
242	15	15
242	16	16
242	17	17
242	18	18
242	19	19
242	20	20

243	0	0
243	1	1
243	2	2
243	3	4
243	5	6
243	7	7
243	8	8
243	9	10
243	11	11
243	12	12
243	13	13

244	0	0
244	2	3
244	4	5
244	6	6
244	7	7
244	8	8

245	0	3
245	4	5
245	6	7
245	8	9
245	10	10
245	11	12
245	13	14
245	15	17
245	18	18
245	19	20
245	21	23
245	24	24
245	25	26
245	27	28
245	29	29
245	30	30
245	31	32
245	33	34
245	35	36
245	37	40
245	41	41
245	42	45
245	46	47
245	49	49
245	50	51
245	52	52
245	53	53
245	54	55

246	0	0
246	1	3
246	4	4
246	5	5
246	6	6
246	7	7
246	8	9
246	10	10
246	11	12
246	13	14
246	15	16
246	17	17
246	18	19
246	20	20
246	21	21
246	22	22
246	23	23
246	24	24

247	0	0
247	2	2
247	4	4

248	0	0
248	1	1
248	2	2

249	0	0
249	1	1
249	2	2
249	3	3
249	4	4
249	5	6
249	7	8
249	9	10
249	11	11
249	12	13
249	14	16
249	17	17
249	18	19
249	20	20
249	21	21
249	22	22

250	0	1
250	2	3
250	4	4

251	0	3
251	4	5
251	6	7

252	0	1
252	2	2
252	4	4
252	5	5
252	7	7
252	8	9

253	6	7
253	8	9
253	10	11
253	12	13
253	14	14
253	15	15
253	16	18
253	19	20
253	21	21
253	22	23
253	24	24
253	25	27
253	28	28
253	29	30
253	31	31
253	32	33
253	34	35
253	36	37
253	38	38
253	39	40
253	41	42
253	43	44
253	45	46
253	47	47
253	49	51
253	52	53
253	54	55
253	56	56
253	57	57
253	58	59
253	60	61
253	62	63
253	64	65
253	66	66
253	67	67
253	68	69
253	70	70
253	71	72
253	73	73
253	74	75
253	76	77
253	78	78
253	79	80
253	81	81
253	82	83
253	84	84
253	85	85
253	86	88
253	89	90
253	91	92
253	93	93

254	0	0
254	1	2
254	3	3
254	4	6
254	7	8
254	9	9
254	10	10
254	11	12
254	13	14
254	15	15
254	16	17
254	18	19
254	20	21
254	22	22

255	0	1
255	2	3
255	4	4
255	5	5
255	6	6
255	7	10
255	11	11
255	12	13
255	14	14
255	15	16
255	17	17
255	18	18
255	19	19
255	20	21
255	22	25
255	26	26
255	27	27
255	28	28
255	29	30
255	31	31

256	0	3
256	4	4
256	5	5
256	6	7
256	8	9
256	10	11

257	0	3
257	4	4
257	5	7
257	8	10

258	0	2
258	3	4
258	5	5
258	6	6
258	7	8
258	9	9
258	10	11
258	12	12
258	13	13
258	14	15
258	16	17
258	18	19
258	20	21
258	22	22
258	23	23
258	24	24
258	25	25
258	26	27
258	28	28
258	29	29

259	0	0
259	1	1
259	2	2
259	3	4
259	5	8
259	9	9
259	10	10
259	11	12
259	13	14
259	15	15
259	16	17
259	18	19
259	20	21
259	22	22
259	23	24
259	25	25
259	26	27
259	28	28
259	29	29
259	30	31
259	32	32
259	33	33
259	34	35
259	36	36

260	6	6
260	7	8
260	9	9
260	10	11
260	12	13
260	14	14
260	15	15
260	16	17
260	18	19
260	20	20
260	21	22
260	23	24
260	25	27
260	28	28
260	29	29
260	30	30
260	31	33
260	34	34
260	35	36
260	37	37
260	38	38
260	39	39
260	40	40
260	41	41
260	42	43
260	44	44
260	45	46
260	47	48
260	49	49
260	51	51
260	52	53
260	54	54
260	55	55
260	56	57
260	58	59
260	60	60
260	61	62
260	63	64
260	65	65

261	0	1
261	2	2
261	3	6
261	7	8
261	9	10
261	11	11
261	12	12
261	13	13
261	14	15

262	6	7
262	8	9
262	10	10
262	11	11
262	12	13
262	14	14
262	15	15
262	16	17
262	18	19
262	20	20
262	21	23
262	24	25
262	26	26
262	27	28
262	29	30
262	31	31
262	32	33
262	34	35
262	36	36
262	37	38
262	39	39
262	40	40
262	41	42
262	43	43
262	44	45
262	46	46
262	48	48
262	49	50
262	51	53
262	54	56
262	57	58
262	59	60
262	61	61
262	62	62
262	63	64
262	65	67
262	68	68
262	69	69
262	70	71
262	72	72
262	73	73
262	74	74
262	75	76
262	77	77
262	78	78
262	79	80
262	81	81
262	82	84
262	85	85
262	86	87
262	88	88
262	89	90
262	92	93
262	94	94

263	0	0
263	1	2
263	3	3
263	4	4
263	5	6
263	7	7
263	8	9
263	10	10
263	11	11
263	12	13
263	14	14
263	15	15
263	16	17
263	18	18
263	19	21
263	22	22
263	23	24
263	25	25
263	26	26
263	27	27
263	28	28
263	29	29
263	30	30
263	31	31
263	32	32

264	0	0
264	2	2
264	4	5
264	6	6
264	7	7
264	8	8
264	9	9
264	10	10
264	11	11
264	12	12
264	15	15
264	16	16
264	17	17
264	18	18

265	6	6
265	7	7
265	8	8
265	9	9
265	10	10
265	11	11
265	12	13
265	14	14
265	15	16
265	17	17
265	18	18
265	19	19
265	20	20
265	21	21
265	22	22
265	23	23
265	24	24
265	25	25
265	26	26
265	27	27
265	28	28
265	29	29
265	30	31
265	32	32
265	33	33
265	34	34
265	35	35
265	36	36
265	37	37
265	38	38
265	39	39
265	40	42
265	43	43
265	44	45
265	46	46
265	47	48
265	49	49
265	50	50
265	51	51
265	52	54
265	55	55
265	56	57
265	58	58
265	60	60
265	61	61
265	62	62

266	0	0
266	2	2
266	4	6

267	0	0
267	1	1
267	2	2

268	0	0
268	1	1
268	2	2
268	3	4
268	5	6
268	7	8
268	9	9
268	10	11
268	12	12
268	13	13
268	14	14

269	4	5
269	6	6
269	7	7
269	8	10
269	11	11
269	12	13
269	14	14
269	15	16
269	17	17
269	18	19
269	20	20
269	21	21
269	22	22
269	23	25
269	26	26
269	27	27
269	28	28
269	29	29

271	0	0
271	1	1
271	2	3
271	4	5
271	6	7
271	8	10

272	0	0

273	0	1
273	2	3
273	4	5
273	6	7
273	8	8
273	9	9
273	10	11
273	12	12
273	13	13
273	14	14
273	15	16
273	17	18
273	19	21
273	22	22
273	23	26
273	27	27
273	28	29
273	30	30
273	31	32
273	33	33
273	34	34
273	35	36
273	37	38
273	39	40
273	41	41

274	0	1
274	2	3
274	4	5
274	6	6
274	7	7
274	8	9
274	10	10
274	11	12
274	13	13
274	14	15
274	16	17
274	18	18
274	19	20
274	21	21
274	22	22
274	23	25
274	26	26
274	27	27
274	28	28
274	29	29
274	30	31
274	32	32
274	33	33
274	34	36
274	37	37
274	38	39
274	40	40
274	41	42
274	43	43

275	0	0
275	2	2
275	4	7
275	8	8
275	9	9
275	10	10
275	11	11
275	12	12
275	15	15
275	17	18
275	20	20

277	0	0
277	1	1
277	2	2

278	0	0
278	1	1
278	2	2
278	3	5
278	6	7
278	8	8
278	9	9
278	11	11

279	0	0
279	1	1
279	2	4
279	5	5
279	6	7
279	8	9
279	10	10
279	11	11
279	12	12

280	1	1
280	2	2
280	3	3
280	4	6
280	7	7
280	8	8
280	9	11
280	12	15
280	16	16
280	17	18
280	19	19
280	20	20
280	21	22
280	23	24
280	25	26
280	27	27
280	28	28
280	29	29
280	30	30
280	32	34
280	36	36
280	37	39
280	40	41
280	42	42
280	43	44
280	45	46
280	47	47
280	48	49
280	50	50
280	51	52
280	53	53
280	54	54
280	55	55
280	56	56
280	57	58
280	59	59
280	60	60
280	62	64

281	0	4
281	5	5
281	6	6
281	7	8
281	9	10
281	11	11
281	12	12
281	13	13
281	14	14
281	15	16
281	17	20

282	0	0
282	1	1
282	2	2
282	3	4
282	5	6
282	7	8
282	9	9
282	10	11
282	12	13
282	14	16
282	17	17
282	18	18
282	19	20
282	21	21
282	22	22
282	23	24
282	25	26
282	27	27
282	28	29
282	30	32
282	33	33
282	34	34
282	35	37
282	38	38
282	39	39
282	40	40
282	42	43
282	44	44
282	45	46
282	47	47
282	48	49
282	50	50
282	51	52
282	53	53
282	54	55
282	56	56
282	57	57

283	0	0
283	1	2
283	4	4

284	0	0
284	1	1
284	2	2

285	1	3
285	4	4
285	5	5
285	6	7
285	8	9
285	10	10
285	11	13
285	14	14
285	15	15
285	16	16
285	17	17
285	18	18
285	19	20
285	21	21
285	22	22
285	24	27
285	28	29
285	30	31
285	32	32
285	33	33
285	34	34
285	35	35
285	36	37
285	38	39
285	40	40
285	41	41
285	42	43
285	44	45
285	46	46
285	47	47
285	48	48
285	49	49
285	51	53
285	54	54
285	55	55
285	56	57
285	58	59
285	60	60
285	61	61
285	62	62
285	63	65
285	66	66
285	67	67

286	0	3
286	4	4
286	5	5
286	6	7
286	8	9
286	10	11

287	0	3
287	4	4
287	5	5
287	6	6
287	7	7
287	8	10

288	0	2
288	3	4
288	5	6
288	7	8
288	9	9
288	10	10
288	11	12
288	13	13
288	14	16
288	17	17
288	18	19
288	20	21
288	22	22
288	23	24
288	25	26
288	27	27
288	28	28
288	29	30
288	31	32
288	33	34
288	35	36
288	37	37
288	38	38
288	39	39
288	40	40
288	41	41
288	43	44
288	45	45
288	47	47

289	0	0
289	1	2
289	3	3
289	4	5
289	6	7
289	8	8
289	9	9
289	10	11
289	12	13
289	14	14
289	15	16
289	17	18
289	19	19
289	20	20
289	22	22
289	23	23
289	24	24
289	25	25
289	26	28
289	29	29
289	30	31
289	32	32
289	33	34
289	35	35
289	36	37
289	38	39
289	40	40
289	41	42
289	43	44
289	46	47
289	48	48
289	49	49
289	50	50
289	51	52
289	53	54
289	55	55
289	56	57
289	58	59
289	60	60

290	0	3
290	4	4
290	5	7
290	8	9
290	10	11
290	12	12
290	13	13

291	6	7
291	8	9
291	10	11
291	12	12
291	13	13
291	14	15
291	16	17
291	18	18
291	19	20
291	21	22
291	23	24
291	25	26
291	27	27
291	28	29
291	30	31
291	32	32
291	33	33
291	34	34
291	35	36
291	37	38
291	39	39
291	40	40
291	41	42
291	43	44
291	45	45
291	46	47
291	49	50
291	51	51
291	52	52
291	53	53
291	54	55
291	56	56
291	57	60
291	61	61
291	63	63
291	64	64
291	66	66
291	67	68
291	69	70
291	71	72
291	73	74
291	75	75

292	0	3
292	4	4
292	5	5
292	6	7
292	8	9
292	10	13

293	0	0
293	1	2
293	3	3
293	4	5
293	6	6
293	7	10
293	11	11
293	12	12
293	13	13
293	14	15
293	16	16
293	17	18
293	19	19
293	20	21
293	22	22
293	23	24
293	25	25
293	26	27
293	28	29
293	30	30
293	31	31
293	32	33
293	34	34
293	35	35
293	36	37
293	38	39
293	40	41
293	42	42

294	0	3
294	4	6
294	7	8

295	0	1
295	2	2
295	3	3
295	4	7
295	8	8
295	9	10
295	11	12
295	13	13
295	14	15
295	16	16

296	0	0
296	1	2
296	3	3
296	4	5
296	6	7
296	8	9
296	10	11
296	12	12
296	13	13
296	14	15
296	16	17
296	18	21
296	22	22
296	23	23
296	24	25
296	26	28
296	29	29
296	30	31
296	32	35
296	36	36
296	37	37
296	38	40
296	41	41
296	43	43
296	44	44
296	45	46
296	47	47
296	48	48
296	49	50
296	51	52
296	53	54
296	55	56
296	57	58
296	59	59
296	60	61
296	62	63
296	64	64
296	65	68
296	69	69
296	70	72
296	73	73
296	74	74
296	75	76
296	77	77
296	78	80
296	81	81
296	82	82

297	5	5
297	6	6
297	7	8
297	9	10
297	11	12
297	13	14
297	15	15
297	16	16
297	17	17
297	18	18
297	19	19
297	20	21
297	22	22
297	23	23
297	24	25
297	26	27
297	28	28
297	29	32
297	33	33
297	34	35
297	36	36
297	37	39
297	40	40
297	41	42
297	43	46
297	47	47

299	0	0
299	1	1
299	2	2
299	3	4
299	5	8
299	9	9
299	10	11
299	12	13
299	14	15
299	16	17
299	18	18
299	19	22
299	23	23
299	24	25
299	26	27
299	28	28
299	29	29
299	30	31
299	32	33
299	34	35
299	37	38
299	39	39
299	40	40
299	41	41
299	42	43
299	44	44
299	45	45
299	46	46
299	47	49
299	50	50
299	51	52

300	0	3
300	4	4
300	5	5
300	6	6
300	7	7
300	8	8
300	9	9
300	10	10
300	11	11
300	12	13
300	14	14
300	15	16
300	17	17
300	18	19
300	20	21
300	22	23
300	24	24

301	0	0
301	1	1
301	2	3
301	4	5
301	6	6
301	7	8
301	9	10
301	11	11
301	12	13
301	14	14
301	15	16
301	17	18
301	19	20
301	21	21
301	22	22
301	23	24
301	25	25
301	26	27
301	28	29
301	30	31
301	32	32

302	1	3
302	4	5
302	6	6
302	7	8
302	9	10
302	11	11
302	12	13
302	14	14
302	15	16
302	17	17
302	19	21
302	22	23
302	24	24
302	25	26
302	27	28
302	29	29
302	30	31
302	32	33
302	34	35
302	36	36
302	38	40
302	41	42
302	43	43
302	44	45
302	46	47
302	48	48
302	49	50
302	51	51
302	52	53
302	54	55
302	56	57
302	58	58
302	60	62
302	63	63
302	64	65
302	66	66
302	67	68
302	69	70
302	71	71
302	72	73
302	74	75
302	76	77
302	78	78

303	0	1
303	2	3
303	4	5
303	6	6
303	7	7
303	8	8
303	9	10
303	11	13
303	14	14
303	15	16
303	17	18
303	19	19
303	20	20
303	21	22
303	23	24
303	25	25
303	26	27
303	28	29
303	30	31
303	32	32
303	33	34
303	35	36
303	37	37
303	38	39
303	40	41

304	0	0

305	0	1
305	2	5
305	6	6
305	7	8
305	9	9
305	10	13
305	14	14

306	6	6
306	7	7
306	8	8
306	9	11
306	12	13
306	14	14
306	15	15
306	16	17
306	18	18
306	19	20
306	21	24
306	25	25
306	26	26
306	27	28
306	29	30
306	31	32
306	33	33
306	34	35
306	36	37
306	38	38
306	39	39
306	40	40
306	41	42
306	43	44
306	45	45
306	46	46
306	47	47
306	48	49
306	50	50
306	51	52
306	53	54
306	55	56
306	58	59
306	60	60
306	61	63
306	64	64
306	65	66
306	67	68
306	69	69
306	70	70
306	71	72
306	73	74
306	75	75
306	76	78
306	79	79
306	80	80
306	81	81
306	82	82
306	83	84
306	85	86
306	87	88
306	89	90
306	91	92
306	93	93
306	94	94
306	95	95
306	96	96
306	97	98
306	99	99
306	100	101
306	102	102
306	103	103
306	104	105
306	107	108
306	109	109
306	110	111
306	112	113
306	114	115
306	116	117
306	118	118
306	119	120
306	121	121
306	122	123
306	124	125
306	126	127
306	128	129
306	130	131
306	132	133
306	134	134
306	135	136
306	137	139
306	140	141
306	142	142
306	143	143
306	144	145
306	146	146
306	147	147
306	148	149
306	150	150
306	151	153

307	0	0
307	1	2
307	3	3
307	4	5
307	6	7
307	8	9
307	10	10

309	0	3
309	4	5
309	6	8
309	9	10

310	6	6
310	7	8
310	9	9
310	10	11
310	12	12
310	13	14
310	15	17
310	18	18
310	19	19
310	20	21
310	22	22
310	23	24
310	25	26
310	27	28
310	29	29
310	30	31
310	32	33
310	34	34
310	35	35
310	36	36
310	37	38
310	39	41
310	42	44
310	45	45
310	46	47
310	49	49
310	50	51
310	52	52
310	53	54
310	55	55

311	0	0
311	1	1
311	3	3
311	5	6
311	7	7

312	5	5
312	6	6
312	7	7

313	5	5
313	6	6
313	7	8
313	9	10
313	11	11

314	0	0
314	1	1
314	2	2
314	3	3
314	4	5
314	6	7
314	8	8
314	9	10
314	11	11
314	12	13
314	14	14
314	16	17
314	18	18
314	19	19
314	20	21
314	22	23
314	24	24
314	25	26
314	27	29
314	30	30
314	31	32
314	33	33
314	34	34
314	35	37
314	38	38
314	39	40
314	41	41
314	42	43
314	44	44
314	45	46
314	47	47
314	48	48
314	49	49
314	50	50
314	51	51
314	52	52
314	54	55
314	56	56
314	57	57
314	59	59
314	61	62
314	63	63

315	0	3
315	4	4
315	5	6
315	7	7
315	8	9
315	10	12
315	13	14
315	15	15
315	16	17
315	18	19
315	20	20
315	21	21
315	22	22
315	23	23
315	24	24
315	25	26
315	27	27
315	28	29
315	30	31
315	32	32
315	33	34
315	35	35
315	36	37
315	38	38
315	40	40
315	41	41
315	42	45
315	47	47
315	49	49
315	50	50
315	51	51
315	52	53
315	54	54
315	57	57
315	58	59
315	60	60

316	5	5
316	6	6
316	7	7

317	5	5
317	6	6
317	7	8
317	9	10
317	11	11

318	2	3
318	4	4
318	5	5
318	6	6
318	7	7
318	8	9
318	10	11
318	12	12
318	13	13
318	14	17
318	18	18
318	19	20
318	21	23
318	24	24

319	0	0
319	1	2
319	3	4
319	5	5
319	6	6
319	7	7
319	8	9
319	10	10
319	11	12
319	13	15
319	16	17
319	18	19
319	20	20
319	22	23
319	24	24
319	25	25
319	26	26
319	27	28
319	29	29
319	30	30
319	31	32
319	33	33
319	34	35
319	36	36
319	37	38
319	39	41
319	42	43
319	44	44
319	46	46
319	47	47
319	49	50
319	51	51
319	52	52
319	53	54
319	55	56
319	57	58
319	59	59
319	60	60
319	61	62
319	63	64
319	65	66
319	67	67
319	68	69
319	70	70
319	71	72
319	73	74
319	75	75
319	76	77
319	78	78
319	79	80
319	81	83
319	84	85
319	86	87
319	88	89
319	90	91
319	92	92

320	0	1
320	2	2
320	3	3
320	4	5
320	6	7
320	8	9
320	10	11
320	12	13
320	14	14
320	15	15
320	16	17
320	18	18
320	19	20
320	21	22
320	23	23
320	24	24
320	25	28
320	29	29
320	30	31
320	32	33
320	34	34

321	0	1
321	2	2
321	3	4
321	5	8
321	9	10
321	11	11
321	12	13
321	14	16
321	17	17
321	18	18
321	19	19
321	20	21
321	22	22
321	23	23
321	24	24
321	25	26
321	27	27
321	28	29
321	30	30
321	31	32
321	33	35
321	36	37
321	38	39
321	41	43
321	44	44
321	45	45
321	46	47
321	48	49
321	50	51
321	52	52
321	53	53
321	54	55
321	56	57
321	58	59
321	60	60
321	61	62
321	63	63
321	64	65
321	66	67
321	68	68
321	69	70
321	71	71
321	72	73
321	74	76
321	77	78
321	79	80
321	81	82
321	83	84
321	85	85
321	86	86

322	0	0
322	1	1
322	2	2
322	3	4
322	5	6
322	7	8
322	9	10
322	11	12
322	13	13
322	14	14
322	15	16
322	17	17
322	18	19
322	20	21
322	22	22
322	23	23
322	24	27
322	28	28
322	29	30
322	31	32
322	33	33

323	5	5
323	6	6
323	7	7
323	8	9
323	10	11
323	12	13
323	14	15
323	16	16
323	17	18
323	19	19
323	20	21
323	22	23
323	24	24
323	25	26
323	27	28
323	29	30
323	31	31
323	32	32
323	33	33
323	34	35
323	36	36
323	37	37
323	38	38
323	39	39
323	40	41
323	42	42
323	43	43
323	44	45
323	46	46
323	47	48
323	49	49
323	51	52
323	53	53

324	5	5
324	6	6
324	7	7
324	8	8
324	9	10
324	11	12
324	13	13
324	14	15
324	16	17
324	18	19
324	20	21
324	22	24
324	25	25
324	26	26
324	27	27
324	28	29
324	30	30
324	31	32
324	33	33
324	34	34
324	35	35
324	36	37
324	38	39
324	40	41
324	42	42
324	43	43
324	44	44
324	45	46
324	47	48
324	49	50
324	51	51
324	52	52
324	53	53

325	5	6
325	7	8
325	9	10
325	11	12
325	13	13
325	14	14
325	15	15

326	5	6
326	7	7
326	8	9
326	10	10
326	11	12
326	13	15
326	16	16
326	17	17
326	18	19
326	20	20
326	21	22
326	23	23
326	24	25
326	26	26

330	5	5
330	6	6
330	7	7

331	1	3
331	4	4
331	5	5
331	6	7
331	8	9
331	10	10
331	11	11
331	12	15
331	16	17
331	18	18
331	19	20
331	21	23
331	24	24
331	25	25
331	26	26
331	27	28
331	29	29
331	31	31
331	32	32
331	33	34
331	35	35
331	36	36
331	37	38
331	39	40
331	41	41
331	42	42
331	43	43
331	44	45
331	46	48
331	49	49
331	50	50
331	52	53
331	54	54
331	55	55
331	56	59
331	60	60
331	61	63
331	64	64
331	65	65

332	0	0
332	1	1
332	2	2
332	3	3
332	4	5
332	6	6
332	7	8
332	9	10
332	11	11
332	12	12
332	13	15
332	16	17
332	18	18
332	19	20
332	21	21
332	22	23
332	24	25
332	26	26
332	27	28
332	29	30
332	31	32
332	33	35
332	36	37
332	38	38
332	39	40
332	41	41
332	42	43
332	44	44
332	45	46
332	47	48
332	49	49

334	0	1
334	2	3
334	4	4
334	5	5
334	6	7
334	8	8
334	9	10
334	11	11
334	12	13
334	14	15
334	16	16
334	17	17
334	18	18
334	19	20
334	21	21
334	22	25
334	26	26
334	27	28
334	29	29
334	30	31
334	32	33
334	34	35
334	36	36
334	38	38
334	39	39
334	40	41
334	42	43
334	44	45

335	0	2
335	3	3
335	4	4
335	5	5
335	6	6
335	7	7
335	8	9
335	10	10
335	11	12
335	14	15
335	16	16
335	17	17
335	18	18
335	19	19
335	20	20
335	21	22
335	23	23
335	24	24
335	25	28
335	29	30
335	32	33

336	0	0
336	1	2
336	4	4
336	5	5
336	6	6
336	7	7
336	9	10

337	0	0
337	1	1
337	3	4
337	6	6
337	7	7
337	9	10
337	12	13

338	0	0
338	1	1
338	3	4
338	6	6
338	7	7
338	9	10

339	0	0
339	2	2
339	5	5
339	7	7
339	10	11
339	12	13
339	14	14
339	15	16
339	17	17

340	0	0
340	1	1
340	3	4
340	7	8
340	9	10
340	11	11
340	12	13
340	14	14

341	0	0
341	1	1
341	2	3
341	4	6
341	7	7
341	8	9
341	10	11
341	12	12
341	13	13
341	14	14
341	15	15
341	16	17
341	18	19
341	20	21
341	22	23
341	24	25
341	26	26
341	27	27
341	28	29
341	30	30
341	31	32
341	33	34
341	35	35
341	36	36
341	37	40
341	41	41
341	42	43
341	44	45
341	46	46

343	0	1
343	2	3
343	4	4

344	0	3
344	4	5
344	6	7

345	6	7
345	8	9
345	10	11
345	12	13
345	14	14
345	15	15
345	16	18
345	19	20
345	21	21
345	22	23
345	24	24
345	25	27
345	28	28
345	29	30
345	31	31
345	32	33
345	34	35
345	36	37
345	38	38
345	39	40
345	41	42
345	43	44
345	45	46
345	47	47
345	49	51
345	52	53
345	54	55
345	56	56
345	57	57
345	58	59
345	60	61
345	62	63
345	64	65
345	66	66
345	67	67
345	68	69
345	70	70
345	71	72
345	73	73
345	74	75
345	76	77
345	78	78
345	79	80
345	81	81
345	82	83
345	84	84
345	85	85
345	86	88
345	89	90
345	91	92
345	93	93
345	95	96
345	97	97
345	98	99
345	100	101
345	102	102
345	103	103
345	104	105
345	106	106
345	107	107
345	108	109
345	110	111
345	112	114
345	115	116
345	117	117
345	118	120
345	122	122
345	123	124
345	125	126
345	127	128
345	129	130
345	131	131
345	132	133
345	134	135
345	136	137
345	138	139
345	140	140
345	142	142
345	143	143
345	144	145
345	146	146
345	147	148
345	149	150
345	151	152
345	153	153
345	154	155
345	156	158
345	159	160
345	161	163
345	164	164
345	165	166
345	167	168
345	169	169
345	170	172
345	174	175

346	0	0
346	1	2
346	3	3
346	4	6
346	7	8
346	9	9
346	10	10
346	11	12
346	13	14
346	15	15
346	16	17
346	18	19
346	20	20

347	0	0
347	1	1
347	2	2
347	3	3
347	4	6
347	7	7
347	8	9
347	10	10
347	11	12
347	13	13
347	14	14
347	15	16
347	17	17
347	18	18
347	19	20
347	21	23
347	24	24
347	25	26
347	27	28
347	29	30
347	31	31

348	0	3
348	4	6
348	7	8

349	0	1
349	2	2
349	3	3
349	4	7
349	8	8
349	9	10
349	11	12
349	13	13
349	14	15
349	16	16

350	0	0
350	1	1
350	2	3
350	4	5
350	6	6
350	7	8
350	9	10
350	11	11
350	12	13
350	14	14
350	15	16
350	17	18
350	19	20
350	21	21
350	22	22
350	23	24
350	25	25
350	26	27
350	28	29
350	30	31
350	32	32
350	33	33
350	34	34

351	0	2
351	3	4
351	5	5
351	6	7
351	8	9
351	10	10
351	11	12
351	13	13
351	14	15
351	16	16

352	0	2
352	3	4
352	5	5
352	6	7
352	8	9
352	10	10
352	11	12
352	13	14
352	15	16
352	17	17

353	0	2
353	3	4
353	5	5
353	6	7
353	8	9
353	10	10
353	11	12
353	13	13
353	14	15
353	16	17
353	18	19
353	20	20

354	0	2
354	3	3
354	4	5
354	6	6
354	7	8
354	9	10
354	11	11
354	12	13
354	14	15
354	16	17
354	18	18

355	6	7
355	8	9
355	10	11
355	12	12
355	13	13
355	14	14
355	15	16
355	17	18
355	19	21
355	22	22
355	23	23
355	24	25
355	26	28
355	29	31
355	32	33
355	34	34
355	35	36
355	37	39
355	40	40
355	41	42
355	43	44
355	45	45
355	46	46
355	47	47
355	49	50
355	51	52
355	53	53
355	54	55
355	56	56
355	57	58
355	59	59
355	60	61
355	62	62
355	63	64
355	65	66
355	67	67
355	68	69
355	70	71
355	72	72
355	73	74
355	75	76
355	77	77
355	78	79
355	80	81
355	82	82
355	83	83
355	84	85
355	86	87
355	88	88
355	89	90
355	91	92
355	94	95
355	96	96
355	97	98
355	99	100
355	101	101
355	102	103
355	104	105
355	106	107
355	108	111
355	112	112
355	113	114
355	115	115
355	116	119
355	120	120

356	0	0
356	1	1
356	2	2
356	3	5
356	6	6
356	7	8
356	9	10
356	11	12
356	13	13
356	14	15
356	16	17
356	18	19
356	20	20
356	21	22
356	23	23
356	24	26
356	27	28
356	29	30
356	31	31

357	0	0
357	1	1
357	2	2
357	3	5
357	6	7
357	8	8
357	9	9
357	10	11
357	12	12
357	13	14
357	15	18
357	19	19
357	20	20
357	21	22
357	23	24
357	25	26
357	27	27
357	28	29
357	30	31
357	32	32
357	33	33
357	34	34
357	35	36
357	37	38
357	39	40
357	41	41
357	42	43
357	44	44
357	45	46
357	47	49
357	50	50
357	52	52
357	53	53
357	54	55
357	56	56
357	57	59
357	60	60
357	61	62
357	63	64
357	65	65
357	66	66
357	67	68
357	69	70
357	71	71
357	72	74
357	75	75
357	76	76
357	77	77
357	78	78
357	79	80
357	81	82
357	83	84
357	85	86
357	87	88
357	89	89
357	90	90
357	91	92
357	93	95
357	96	96
357	97	98
357	99	99
357	100	100
357	102	103
357	104	105
357	106	106
357	107	108
357	109	110
357	111	112
357	113	114
357	115	115
357	116	117
357	118	118
357	119	120
357	121	122
357	123	124
357	125	126
357	127	128
357	129	130
357	131	131
357	132	133
357	134	136
357	137	138
357	139	140
357	141	142
357	143	143
357	144	144
357	145	146
357	147	148
357	150	151
357	152	153
357	154	155
357	156	156
357	157	158
357	159	160
357	161	162
357	163	163

358	0	3
358	4	5
358	6	8
358	9	10

360	6	7
360	8	8
360	9	10
360	11	13
360	14	14
360	15	15
360	16	17
360	18	18
360	19	20
360	21	22
360	23	24
360	25	25
360	26	27
360	28	29
360	30	30
360	31	31
360	32	32
360	33	34
360	35	36
360	37	39
360	40	40
360	41	41
360	42	43
360	44	44
360	45	46
360	47	47
360	49	50
360	51	51

361	0	0
361	1	1
361	2	3
361	4	4
361	5	5
361	6	6
361	7	7
361	8	10
361	11	11
361	12	13
361	14	14
361	15	15
361	16	16
361	17	17
361	18	18

362	1	1
362	2	3
362	4	4
362	5	6
362	7	7
362	8	9
362	10	12
362	13	13
362	14	14
362	15	17
362	18	18
362	19	19
362	20	20
362	21	22
362	23	25
362	26	27
362	28	28
362	29	30
362	31	31
362	32	33
362	34	34
362	36	37
362	38	39
362	40	41
362	42	42
362	43	46
362	47	48
362	49	50
362	51	52
362	53	53
362	54	55
362	56	57
362	58	59
362	60	60
362	61	62
362	63	63
362	64	65
362	66	66
362	67	67

363	0	0
363	1	1
363	3	3
363	5	8
363	10	12
363	14	14
363	15	15
363	16	16

364	0	1
364	2	3
364	4	7
364	8	8
364	9	10
364	11	11
364	13	14
364	15	15
364	16	17
364	18	18
364	19	20
364	21	23
364	24	25
364	26	26
364	28	29
364	30	30
364	31	31
364	32	32
364	33	33

366	0	0
366	1	1
366	2	3
366	4	5
366	6	7
366	8	8
366	10	11
366	12	12
366	13	13
366	14	14
366	15	15
366	16	16
366	17	18
366	19	19
366	20	21
366	22	25
366	26	26
366	27	27
366	28	29
366	30	30
366	31	31

367	0	1
367	2	4
367	5	5
367	6	7

368	6	7
368	8	8
368	9	9
368	10	11
368	12	14
368	15	15
368	16	18
368	19	19
368	20	21
368	22	23
368	24	24
368	25	26
368	27	27
368	28	29
368	30	32
368	33	33
368	34	34
368	35	35
368	36	37
368	38	38
368	39	40
368	41	43
368	44	44
368	45	45
368	46	47
368	49	50
368	51	51
368	52	53
368	54	54
368	55	55
368	56	56
368	57	58
368	59	59
368	60	61
368	62	62

372	5	5
372	6	6
372	7	7

373	5	5
373	6	6
373	7	7
373	8	8
373	9	10
373	11	11
373	12	12
373	13	13
373	14	14
373	15	15
373	16	16
373	17	17
373	18	18
373	19	19
373	20	20
373	21	21
373	22	22
373	23	23
373	24	24
373	25	25
373	26	27
373	28	28

374	5	6
374	7	7
374	8	8
374	9	10
374	11	12
374	13	14
374	15	15
374	16	16
374	18	19
374	20	20

375	5	6
375	7	8
375	9	10
375	11	12
375	13	14
375	15	15
375	16	17
375	18	18
375	19	19
375	20	22
375	23	23
375	24	24
375	25	26
375	27	28
375	29	29
375	30	32
375	33	33
375	34	36
375	37	37
375	38	39
375	40	40
375	41	42
375	43	43
375	44	45
375	46	46

376	0	3
376	5	5
376	7	10
376	11	11
376	12	13
376	14	14
376	15	15
376	16	20
376	22	22
376	24	24
376	27	27
376	29	30
376	32	32

377	5	5
377	6	6
377	7	7

378	5	7
378	8	8
378	9	9
378	10	10
378	11	13
378	14	14
378	15	16
378	17	18
378	19	19
378	20	22
378	23	23
378	24	24

379	5	8
379	9	9
379	10	10
379	11	13
379	14	14
379	15	17
379	18	18
379	19	19

380	0	0
380	1	1
380	2	3
380	4	5
380	6	7
380	8	9
380	10	10
380	11	11
380	12	13
380	14	14
380	15	16
380	17	17
380	18	20
380	21	21
380	22	22
380	23	23
380	24	25
380	26	27
380	28	28
380	29	29
380	30	32
380	33	33
380	34	34
380	35	36
380	37	38
380	39	40
380	41	41
380	42	43
380	44	44
380	45	45
380	46	48
380	49	49
380	51	52
380	53	53
380	54	55
380	56	57
380	58	58
380	59	60
380	61	62
380	63	64
380	65	66
380	67	68
380	69	71
380	72	72
380	73	73
380	74	75
380	76	76
380	77	78
380	79	80
380	81	82
380	83	83
380	84	85
380	86	87
380	88	89
380	90	90

381	5	6
381	7	8
381	9	10
381	11	11
381	12	13
381	14	15
381	16	16
381	17	19
381	20	20
381	21	23
381	24	24
381	25	26
381	27	28
381	29	29
381	30	32
381	33	33
381	34	35
381	36	36
381	37	38
381	39	39
381	40	41
381	42	42
381	43	44
381	45	45

382	0	3
382	5	5
382	7	10
382	11	11
382	12	14
382	15	15
382	16	20
382	22	22
382	24	25
382	26	26
382	28	31
382	32	32
382	35	35
382	37	38
382	40	40

383	5	5
383	6	6
383	7	7

384	1	4
384	5	5
384	6	6
384	7	9
384	10	10
384	11	13
384	14	14
384	15	15
384	17	20
384	21	21
384	22	22
384	23	24
384	25	26
384	27	27
384	28	30
384	31	31
384	32	32

385	0	1
385	2	3
385	4	6
385	7	7
385	8	8
385	9	10
385	11	12
385	13	15
385	16	16
385	17	18

386	6	7
386	8	8
386	9	10
386	11	12
386	13	13
386	14	17
386	18	18
386	19	20
386	21	21
386	22	24
386	25	25
386	26	26
386	27	27
386	28	29
386	30	32
386	33	33
386	34	34
386	35	35
386	36	36
386	37	38
386	39	40
386	41	43
386	44	44
386	45	45
386	46	46
386	48	49
386	50	53
386	54	56
386	57	57
386	58	59
386	60	60
386	61	62
386	63	63
386	64	65
386	66	66

387	0	2
387	3	3
387	4	5
387	7	7
387	9	10
387	11	11
387	12	12
387	13	13
387	14	15
387	16	16
387	17	17
387	18	20
387	22	22
387	23	24
387	25	25
387	26	26
387	28	29
387	30	30
387	31	32
387	33	33

388	5	5
388	6	6
388	7	7

389	0	0

390	0	2
390	3	3
390	4	5
390	6	6
390	7	7
390	8	10
390	11	11
390	12	14
390	15	16
390	17	18
390	19	19
390	20	22
390	23	26
390	27	27
390	28	29
390	30	31
390	32	32
390	33	33
390	34	34
390	35	36
390	37	39
390	40	40
390	41	41
390	42	42
390	44	44
390	45	46
390	47	47

391	0	0
391	1	1
391	2	4
391	5	5
391	6	8
391	9	10
391	11	12
391	13	13
391	14	15
391	16	17
391	18	18
391	19	20
391	21	22
391	23	23
391	24	24
391	25	25
391	26	27
391	28	30
391	31	31
391	32	32
391	33	34
391	35	35
391	37	37
391	38	38
391	39	39
391	40	42
391	43	43
391	44	44

392	5	7
392	8	8
392	9	10
392	11	11
392	12	14
392	15	15
392	16	19
392	20	20
392	21	21
392	22	22
392	23	24
392	25	27
392	28	28
392	29	29
392	30	30
392	31	33
392	34	34
392	35	37
392	38	38
392	39	39

393	5	6
393	7	8
393	9	9
393	10	10
393	11	12
393	13	13
393	14	15
393	16	17
393	18	18
393	19	20
393	21	21
393	22	23
393	24	24
393	25	27
393	28	28
393	29	30
393	31	31
393	32	36
393	37	37
393	38	38

394	0	0
394	1	1
394	2	3
394	4	5
394	6	6
394	7	8
394	9	9
394	10	11
394	12	12
394	13	14
394	15	16
394	17	17
394	18	19
394	20	20
394	21	22
394	23	24
394	25	26
394	27	27
394	28	29
394	30	31
394	32	33
394	34	35
394	36	36
394	37	40
394	41	41
394	42	43
394	44	44
394	45	45
394	46	47
394	48	49
394	51	52
394	53	55
394	56	56
394	57	57
394	58	58
394	59	59
394	60	61
394	62	63
394	64	65
394	66	66
394	67	67
394	68	68
394	69	69
394	70	70
394	71	72
394	73	73
394	74	75
394	76	77
394	78	78
394	79	79
394	80	80
394	81	81
394	82	82
394	83	86
394	87	88
394	89	89
394	90	90

395	0	1
395	2	3
395	4	5

396	6	7
396	8	9
396	10	11
396	12	12
396	13	14
396	15	15
396	16	16
396	17	18
396	19	19
396	20	21
396	22	24
396	25	25
396	26	26
396	27	28
396	29	29
396	30	32
396	33	34
396	35	35
396	36	36
396	37	37
396	38	39
396	40	41
396	42	43
396	44	44
396	45	45
396	46	46
396	47	47
396	48	48
396	49	49
396	51	51
396	52	52
396	53	54
396	55	57
396	58	61
396	62	63
396	64	64
396	65	66
396	67	67
396	68	69
396	70	70

397	0	2
397	4	4
397	6	8
397	10	10
397	12	12
397	13	13
397	14	14
397	15	15

402	0	0
402	1	1
402	2	2

403	0	1
403	3	3
403	5	9
403	10	10
403	11	12
403	13	13
403	14	14
403	15	15
403	16	17
403	18	19
403	20	20
403	21	23
403	24	24
403	25	25
403	26	26
403	27	28
403	29	30
403	32	32
403	33	33

404	0	2
404	3	3
404	4	4
404	5	5
404	6	7
404	8	10
404	11	11
404	12	12

405	0	0
405	1	3
405	4	4
405	5	6
405	7	7
405	8	9
405	10	10
405	11	11
405	12	13
405	14	15
405	16	17
405	18	19
405	20	20
405	21	22
405	23	23
405	24	25
405	26	26
405	27	28
405	29	30
405	31	31

406	0	1
406	2	3
406	4	5
406	6	6
406	7	8

407	0	3
407	4	4
407	5	6
407	7	8
407	9	10
407	11	11

408	0	0
408	1	1
408	2	3
408	4	7
408	8	8
408	9	10
408	11	12
408	13	13

409	0	0
409	1	1

410	0	0
410	1	1

411	0	0
411	1	1

412	0	0
412	1	1

413	0	0
413	1	1

414	0	0
414	1	1

415	0	0
415	1	1

416	0	0
416	1	1

417	0	0
417	1	1

418	0	0
418	1	1

419	0	0
419	1	1

420	0	0
420	1	2
420	3	4
420	5	6
420	7	7
420	8	9
420	10	11
420	12	13
420	14	15
420	16	16

421	0	0
421	1	4
421	5	7
421	8	8
421	9	9
421	10	10
421	11	12
421	13	16
421	17	19
421	20	20

422	0	1
422	2	3
422	4	4
422	5	5
422	6	6
422	7	7
422	8	9
422	10	11
422	12	12
422	13	14
422	15	18
422	19	21

423	0	0
423	1	2
423	3	4
423	5	6
423	7	7
423	8	8
423	9	10
423	11	12
423	13	13
423	14	15
423	16	16
423	17	17
423	18	19
423	20	20
423	21	21
423	22	22
423	23	23
423	24	26
423	27	27
423	28	28
423	29	29
423	30	31
423	32	34
423	35	35

424	0	0
424	1	1

425	0	0
425	1	1

426	0	0
426	1	1

427	0	0
427	1	1

428	0	1
428	2	3
428	4	4
428	5	5
428	6	6

429	0	1
429	2	3
429	4	5
429	6	6
429	7	7
429	8	8
429	9	10
429	11	11
429	12	13
429	14	14
429	15	16
429	17	19
429	20	20
429	21	21
429	22	22

430	0	1
430	2	3
430	4	5
430	6	6
430	7	7
430	8	8
430	9	10
430	11	11
430	12	13
430	14	14
430	15	16
430	17	19
430	20	20
430	21	21
430	22	23
430	24	24
430	25	25
430	26	27
430	28	28
430	29	30
430	31	31

431	0	0
431	1	1
431	2	3
431	4	5
431	6	6
431	7	7
431	8	8
431	9	10
431	11	13
431	14	14
431	15	16
431	17	17
431	18	19
431	20	20
431	21	21
431	22	23
431	24	24
431	25	26
431	27	27

432	0	0
432	1	2
432	3	4
432	5	6
432	7	7
432	8	9
432	10	11
432	12	13
432	14	15
432	16	16

433	0	0
433	1	2
433	3	4
433	5	6
433	7	7
433	8	8
433	9	10
433	11	12
433	13	13
433	14	15
433	16	16
433	17	17
433	18	19
433	20	20
433	21	21
433	22	22
433	23	23
433	24	26
433	27	27
433	28	28
433	29	29
433	30	31
433	32	34
433	35	35

434	0	0
434	1	1

435	0	0
435	1	1

436	0	0
436	1	1

437	0	0
437	1	1

438	0	0
438	1	1

439	0	0
439	1	1

440	0	0
440	1	1

441	0	0
441	1	1

442	0	0
442	1	1

443	0	0
443	1	1

444	0	0
444	1	1

445	0	0
445	1	1

446	0	0
446	1	1

447	0	0
447	1	1

448	0	0
448	1	1

449	0	0
449	1	1

450	0	0
450	1	1

451	0	1
451	2	3
451	4	4

452	0	1
452	2	3
452	4	4
452	5	5
452	6	6
452	7	9
452	10	10
452	11	12
452	13	14
452	15	15
452	16	19
452	20	20
452	21	22
452	23	24
452	25	25
452	26	27
452	28	29
452	30	30
452	31	32
452	33	34
452	35	36
452	37	37
452	38	38
452	39	40
452	41	41
452	43	44
452	45	45
452	46	47
452	48	49
452	50	51
452	52	52
452	53	54
452	55	55
452	56	56
452	57	58
452	59	59
452	60	61
452	62	63
452	64	64
452	65	66
452	67	68
452	69	69

453	0	0
453	1	2
453	3	3
453	4	5
453	6	7
453	8	8

454	0	1
454	2	2
454	3	5
454	6	6
454	7	10
454	11	11
454	12	13
454	14	14
454	15	16
454	17	17
454	18	18

455	0	1
455	2	3
455	4	5
455	6	6
455	7	8
455	9	9
455	10	11
455	12	12
455	13	14
455	15	15
455	16	17
455	18	19
455	20	20
455	21	23
455	24	24
455	25	26
455	27	28
455	29	29
455	30	31
455	32	33
455	34	34
455	35	35
455	37	38
455	39	39
455	40	41
455	42	43
455	44	45
455	46	47
455	48	48
455	49	50
455	51	52
455	53	53
455	54	54
455	55	57
455	58	58
455	59	60
455	61	62
455	63	64
455	65	65
455	66	66
455	68	69
455	70	71
455	72	72
455	73	74
455	75	76
455	77	77
455	78	79
455	80	80
455	81	82
455	83	84
455	85	85
455	86	86
455	87	88
455	89	89
455	90	91
455	92	93
455	94	94
455	95	96
455	97	98
455	99	99
455	101	102
455	103	105
455	106	107
455	108	108
455	109	110
455	111	112
455	113	113
455	114	115
455	116	117
455	118	119
455	120	121
455	122	122
455	123	123

456	0	1
456	2	3
456	4	5
456	6	6
456	7	10
456	11	11

457	0	1
457	2	4
457	5	5
457	6	7
457	8	8

458	0	2
458	3	4
458	5	5
458	6	7
458	8	9
458	10	10
458	11	12
458	13	13
458	14	15
458	16	16
458	18	20
458	21	22
458	23	23
458	24	25
458	26	27
458	28	28
458	29	30
458	31	32
458	33	34
458	35	35
458	37	39
458	40	41
458	42	42
458	43	44
458	45	46
458	47	47
458	48	49
458	50	50
458	51	52
458	53	54
458	55	56
458	57	57
458	59	61
458	62	62
458	63	64
458	65	65
458	66	67
458	68	69
458	70	70
458	71	72
458	73	74
458	75	76
458	77	77

459	0	2
459	3	4
459	5	5
459	6	7
459	8	9
459	10	10
459	11	12
459	13	13
459	14	15
459	16	16
459	18	20
459	21	22
459	23	23
459	24	25
459	26	27
459	28	28
459	29	30
459	31	32
459	33	34
459	35	35
459	37	39
459	40	41
459	42	42
459	43	44
459	45	46
459	47	47
459	48	49
459	50	50
459	51	52
459	53	54
459	55	56
459	57	57
459	59	61
459	62	62
459	63	64
459	65	65
459	66	67
459	68	69
459	70	70
459	71	72
459	73	74
459	75	76
459	77	77

460	0	1
460	2	3
460	4	5
460	6	6
460	7	8
460	9	11
460	12	12
460	13	13
460	14	14
460	15	16
460	17	19
460	20	20
460	22	23
460	24	25
460	26	27
460	28	28
460	29	29
460	30	30
460	31	32
460	33	33
460	34	35
460	36	36
460	37	38
460	39	41
460	42	42
460	43	43
460	45	46
460	47	48
460	49	50
460	51	51
460	52	52
460	53	54
460	55	55
460	56	57
460	58	60
460	61	61
460	62	62
460	63	64
460	65	65
460	66	66
460	67	68
460	69	69
460	70	71
460	72	72
460	74	75
460	76	77
460	78	79
460	80	80
460	81	81
460	82	83
460	84	84
460	85	85

461	0	1
461	2	3
461	4	5
461	6	6
461	7	7
461	8	8
461	9	10
461	11	13
461	14	14
461	15	17
461	18	18
461	19	20
461	21	21
461	22	22
461	23	24
461	25	25
461	26	27
461	28	28

462	0	0
462	1	1
462	2	2
462	3	3
462	4	4
462	5	6
462	7	8
462	9	9
462	10	11
462	12	13
462	14	14
462	15	16
462	17	17
462	18	18

571	0	1
571	2	2

572	0	0
572	1	1
572	3	3
572	4	4
572	5	6
572	7	7
572	8	9
572	10	10
572	11	12
572	13	13
572	15	15
572	16	16
572	18	18
572	19	20
572	21	22
572	23	23

573	0	0
573	2	2
573	4	4
573	5	5
573	6	7
573	8	8
573	9	9
573	10	12
573	13	14
573	15	15
573	17	17
573	18	18
573	19	19
573	21	21
573	22	23
573	24	25
573	26	26

574	0	0
574	1	1
574	3	3
574	4	4
574	5	6
574	7	8
574	9	9
574	10	10
574	12	12
574	13	13
574	15	15
574	16	18
574	19	20
574	21	21

575	0	0
575	1	1
575	3	3
575	4	5
575	6	8
575	9	9
575	11	11
575	12	12
575	14	14
575	15	16
575	17	18
575	19	19

576	0	0
576	2	2
576	3	3
576	4	5
576	6	7
576	8	9
576	10	10
576	12	12
576	13	13
576	15	15
576	16	17
576	18	19
576	20	20

578	0	1
578	2	3
578	4	5
578	6	6
578	7	9
578	10	11
578	12	13
578	14	14
578	15	17
578	18	18
578	19	20
578	21	22

585	0	0
585	1	3

586	0	2
586	3	3
586	4	4
586	5	5
586	6	6

587	3	3

588	3	3

589	0	0
589	1	1
589	2	2
589	4	4
589	6	6
589	7	7
589	8	8

590	0	0
590	2	2

591	1	1
591	3	3

592	2	2
592	4	4

593	0	0
593	2	2
593	4	4
593	6	6

594	0	0
594	1	1
594	2	2

595	12	12
595	13	13
595	14	14
595	15	15
595	16	16
595	17	17
595	19	19
595	20	20
595	21	21
595	22	22

681	0	1
681	2	2

682	0	0
682	1	1

683	0	0
683	1	1

684	0	0
684	1	1

685	0	0
685	1	1

686	0	0
686	1	1

687	0	0
687	1	1
687	2	3
687	4	5
687	6	7
687	8	9
687	10	10
687	11	12
687	13	13
687	14	14
687	15	16
687	17	18
687	19	19
687	20	22
687	23	24
687	25	26
687	27	27
687	28	29
687	30	31
687	32	32
687	34	34
687	35	35
687	36	38

688	0	1
688	2	2
688	3	5
688	6	7
688	8	9
688	10	10
688	11	13
688	14	14
688	15	16
688	17	18

696	0	1
696	2	2

697	0	0
697	1	1
697	2	2
697	3	4
697	5	6
697	7	7
697	8	8
697	10	10
697	11	11
697	13	13
697	14	16
697	17	18
697	19	19

698	0	0
698	1	1
698	2	2
698	3	4
698	5	7
698	8	8
698	10	10
698	13	13
698	14	15
698	16	17
698	18	18

699	0	0
699	1	1
699	2	2
699	3	5
699	6	7
699	8	8
699	10	10
699	11	11
699	13	14
699	15	15
699	16	16
699	17	17
699	18	18

700	0	0
700	1	1
700	2	2
700	3	3
700	4	5
700	6	7
700	8	8

701	0	0
701	1	1
701	2	2
701	3	4
701	5	6
701	7	8
701	9	10
701	11	11
701	12	12
701	13	15
701	16	17
701	18	19
701	20	20
701	21	22
701	23	24
701	25	25
701	27	27
701	28	28
701	29	29
701	30	32
701	33	33

704	0	1
704	2	2

705	0	0
705	1	1
705	2	2
705	3	4
705	5	5
705	6	7
705	8	9
705	10	10

706	0	0
706	1	1
706	2	2
706	3	4
706	5	6
706	7	7
706	8	8

707	0	0
707	1	1
707	2	2
707	3	4
707	5	7
707	8	8

708	0	1
708	2	2
708	3	4
708	5	6
708	7	7

709	0	0
709	1	1
709	2	4
709	5	6
709	7	8
709	9	9
709	10	11
709	12	12
709	13	13
709	15	15
709	16	16
709	17	18
709	19	19
709	20	22
709	23	24
709	25	25
709	26	27
709	28	29

710	0	1
710	2	2
710	3	4
710	5	7
710	8	8
710	9	10
710	11	12

712	1	2
712	3	3

713	1	1
713	2	2
713	3	3
713	4	5
713	6	7
713	8	8
713	9	9

714	1	1
714	2	2
714	3	3
714	4	5
714	6	8
714	9	9
714	11	11
714	12	12
714	13	13
714	14	14
714	15	16
714	17	17
714	18	19
714	20	21
714	22	22

715	0	0
715	1	1
715	2	2
715	3	5
715	6	6
715	7	7
715	8	8

716	1	1
716	2	2
716	3	3
716	4	5
716	6	7
716	8	8

717	0	0
717	1	1
717	2	2
717	3	4
717	5	5
717	6	6
717	7	7
717	8	9
717	10	12
717	13	14
717	15	17
717	18	20
717	21	21
717	22	23
717	24	25

723	0	1

724	0	1

725	0	0
725	1	1
725	2	3
725	5	5
725	6	6
725	7	7
725	9	9
725	10	10
725	11	11

726	0	1
726	2	3
726	4	4
726	5	5

727	0	1

776	0	1
776	2	2

777	0	0
777	1	2
777	3	4
777	5	5
777	6	6

778	0	0
778	1	2
778	3	4
778	5	5
778	6	7
778	8	9
778	10	11

779	0	0
779	1	1
779	3	3
779	4	5

780	6	6
780	7	7
780	8	9
780	10	10
780	12	12
780	13	13
780	14	15
780	16	16
780	18	18
780	19	19
780	20	21
780	22	22
780	23	24
780	25	26
780	27	28
780	29	30
780	31	32
780	33	33
780	34	35
780	36	37
780	38	39
780	40	41
780	42	42
780	43	46
780	47	48
780	49	50
780	51	51
780	52	53
780	55	56
780	57	58
780	59	60
780	61	61
780	62	62
780	63	63
780	64	65
780	66	66
780	67	68
780	69	69
780	70	71
780	72	73
780	74	74
780	75	76
780	77	78
780	79	80
780	81	81
780	82	83
780	84	84
780	85	86
780	87	87
780	88	88
780	89	90
780	91	91
780	92	93
780	94	94
780	95	95
780	96	97
780	98	99
780	101	102
780	103	103
780	104	105
780	106	107
780	108	108
780	109	110
780	111	112
780	113	113
780	114	114
780	115	115
780	116	117
780	118	118
780	119	120
780	121	122
780	123	123

781	6	8
781	9	10
781	11	11
781	12	13
781	14	15
781	16	16
781	17	17
781	18	19
781	20	20
781	21	22
781	23	24
781	25	25
781	26	26
781	27	27
781	28	28
781	29	30
781	31	31
781	32	32
781	33	34
781	35	35
781	36	37
781	38	38
781	39	39
781	40	41
781	42	42
781	43	44
781	45	45
781	46	46
781	47	48
781	50	50
781	51	52
781	53	54
781	55	55
781	56	56
781	57	58
781	59	59
781	60	61
781	62	62
781	63	64
781	65	65
781	66	67
781	68	68

782	0	0
782	1	2
782	3	3
782	4	5
782	6	7
782	8	10
782	11	11
782	12	12
782	13	14
782	15	16
782	17	17
782	18	18
782	19	20
782	21	22
782	23	23
782	24	25
782	26	26
782	27	28
782	29	30
782	31	32
782	33	33

783	0	1
783	2	3
783	4	5
783	6	6
783	7	8
783	9	10
783	11	11
783	12	12
783	13	14
783	15	16
783	17	18
783	19	19
783	20	21
783	22	22
783	23	23
783	24	25
783	26	26
783	27	28
783	29	29

784	0	1
784	2	3
784	4	5
784	6	6
784	7	8
784	9	9
784	10	12
784	13	13
784	14	16
784	17	18
784	19	19
784	20	21
784	22	22
784	23	24
784	25	25
784	26	27
784	28	30
784	31	31
784	32	32

785	0	2
785	3	3
785	4	5
785	6	7

786	0	2
786	3	4
786	5	5
786	6	6
786	7	7
786	8	8
786	9	10
786	11	12
786	13	13
786	14	14
786	15	15
786	16	17
786	18	20
786	21	21
786	22	22
786	23	23
786	24	24
786	25	25
786	26	26
786	27	27
786	28	29
786	30	30
786	31	33
786	34	34
786	35	35
786	37	38
786	39	39
786	40	41
786	43	44
786	45	45

790	0	1
790	2	2
790	3	3
790	4	5
790	6	7
790	8	8
790	9	9
790	10	11
790	12	13
790	14	14
790	15	16
790	17	17
790	18	19
790	20	21
790	22	22
790	23	23
790	24	24
790	25	26
790	27	27
790	28	29
790	30	30
790	31	31
790	32	32
790	33	33
790	34	35
790	36	37
790	38	38
790	39	39
790	40	40
790	41	42
790	43	43
790	44	45
790	46	46
790	47	48
790	50	51
790	52	52
790	53	54
790	55	57
790	58	58
790	59	60
790	61	62
790	63	64
790	65	65
790	66	67
790	68	69
790	70	70
790	71	71
790	72	72
790	73	74
790	75	75

791	0	0
791	1	1
791	2	2
791	3	4
791	5	5
791	6	6
791	7	7
791	8	9
791	10	10
791	11	11
791	12	13
791	14	15
791	16	17
791	18	18
791	19	19
791	20	21
791	22	23
791	24	25
791	26	26
791	27	29
791	30	30
791	31	31
791	32	33
791	34	34
791	35	36
791	37	38
791	39	40
791	41	41
791	42	42
791	44	45
791	46	47
791	48	49
791	50	50
791	51	52
791	53	54
791	55	55
791	56	57
791	58	59
791	60	60
791	61	62
791	63	64
791	65	66
791	67	67
791	68	69
791	70	71
791	72	72
791	73	73
791	74	74
791	75	76
791	77	79
791	80	80
791	81	83
791	84	84
791	85	86
791	88	89
791	90	90
791	91	91
791	92	92
791	94	94
791	95	95
791	96	96
791	97	97
791	98	100
791	101	101
791	102	102
791	103	104
791	105	105

792	0	3
792	5	5
792	7	8
792	9	9
792	10	10
792	11	11
792	12	12
792	13	13
792	14	14

793	0	0
793	1	1
793	2	2

794	0	3
794	4	4
794	5	5
794	6	7
794	8	9
794	10	10
794	11	12
794	13	14
794	15	15
794	16	16
794	17	17
794	18	19
794	20	22
794	23	23

795	0	3
795	4	4
795	5	5
795	6	7
795	8	9
795	10	10
795	11	12
795	13	14
795	15	15
795	16	16
795	17	17
795	18	19
795	20	21
795	22	22
795	23	23
795	24	24
795	25	25
795	26	26
795	27	28
795	29	30
795	31	31
795	32	32
795	33	33
795	34	35
795	36	36
795	37	37
795	38	38
795	39	40
795	41	43
795	44	44

796	0	0
796	1	1
796	2	3
796	4	5
796	6	6

797	0	0
797	1	1
797	2	3
797	4	5
797	6	6
797	7	8
797	9	10
797	11	12
797	13	13
797	14	16
797	17	17
797	18	18
797	19	19
797	20	20
797	21	21
797	22	22
797	23	23
797	24	24
797	25	25
797	26	26
797	27	27
797	28	28
797	29	29
797	30	30
797	31	33
797	34	34
797	35	36
797	37	37
797	38	38
797	39	40
797	41	41

798	0	1

799	0	2

800	0	0
800	1	1
800	2	2
800	3	4
800	5	5
800	6	6
800	7	7
800	8	9
800	10	10
800	11	12
800	13	13
800	16	16
800	17	19
800	20	20

801	0	0
801	1	1
801	2	2

802	0	0
802	1	1
802	2	2

803	0	1
803	2	2
803	3	4
803	5	6
803	7	7
803	8	9
803	10	11
803	12	12
803	13	13
803	14	14
803	15	16
803	17	19
803	20	20

804	0	3
804	4	4
804	5	5
804	6	7
804	8	9
804	10	10
804	11	12
804	13	14
804	15	15
804	16	16
804	17	17
804	18	19
804	20	21
804	22	22
804	23	23
804	24	24
804	25	25
804	26	26
804	27	28
804	29	30
804	31	31
804	32	33
804	34	34
804	35	35
804	36	37
804	38	38
804	39	41
804	43	44
804	45	45

805	0	0
805	1	1
805	2	3
805	4	5
805	6	6

806	0	0
806	1	1
806	2	2
806	3	4
806	5	6
806	7	7
806	8	9
806	10	11
806	12	13
806	14	14
806	15	17
806	18	18
806	19	19
806	20	20
806	21	21
806	22	22
806	23	23
806	24	24
806	25	25
806	26	26
806	27	27
806	28	28
806	29	29
806	30	30
806	31	31
806	32	34
806	35	35
806	36	36
806	37	37
806	38	38
806	39	39
806	40	42

811	0	1
811	2	3
811	4	5
811	6	6
811	7	7
811	8	9
811	10	11
811	12	14
811	15	16
811	17	18
811	19	19
811	20	21
811	22	22
811	23	23
811	24	25
811	26	26
811	27	28
811	29	30
811	31	32
811	33	33
811	34	35
811	36	37
811	38	38
811	39	40
811	41	41

812	0	1
812	2	3
812	4	5
812	6	6
812	7	9
812	10	11
812	12	13
812	14	14
812	15	16
812	17	18
812	19	19
812	20	20
812	21	22
812	23	24
812	25	25
812	26	26
812	27	28
812	29	30
812	31	31
812	32	32
812	33	34
812	35	36
812	37	37

816	5	5
816	6	6
816	7	8
816	9	10
816	11	13
816	14	15
816	16	16
816	17	18
816	19	19
816	20	20
816	21	22
816	23	23
816	24	25
816	26	27
816	28	29
816	30	30

817	0	3
817	4	5
817	6	6
817	7	7
817	8	9
817	10	11
817	12	12
817	13	13
817	14	15
817	16	16
817	17	18
817	19	19
817	20	20
817	21	22
817	23	23
817	24	26
817	27	28
817	29	29
817	30	31
817	32	32
817	33	33
817	34	34
817	35	35
817	36	37
817	38	38

818	0	0
818	1	1
818	2	2
818	4	4
818	6	10
818	13	13
818	15	15
818	16	16
818	18	18
818	20	20

819	6	6
819	7	8
819	9	9
819	10	11
819	12	13
819	14	15
819	16	16
819	17	18
819	19	20
819	21	21
819	22	23
819	24	25
819	26	27
819	28	28
819	29	29
819	30	31
819	32	33
819	34	35
819	36	36
819	37	38
819	39	39
819	40	41
819	42	42
819	43	44
819	45	46
819	47	47
819	48	48
819	50	51
819	52	52
819	53	53
819	54	54
819	55	55
819	56	56
819	58	59
819	60	60
819	61	61
819	62	62
819	63	64
819	65	65
819	66	66
819	67	68
819	69	69
819	70	70

820	0	0
820	1	1
820	2	2
820	3	3
820	4	5
820	6	7
820	8	9
820	10	11
820	12	12
820	13	13
820	14	15
820	16	16
820	17	19
820	20	21
820	22	22
820	23	25
820	26	26
820	27	28
820	29	30
820	31	32
820	33	34
820	35	35
820	36	37
820	38	38
820	39	39
820	40	40
820	41	41
820	42	42
820	43	43
820	44	45
820	46	46
820	47	47
820	48	49
820	50	50
820	52	52
820	53	53
820	54	55
820	56	57
820	58	60
820	61	61
820	62	62
820	63	64
820	65	65
820	66	66

821	0	2

822	0	2

823	0	2

824	0	2

825	0	0
825	2	2
825	4	4

826	0	0
826	1	1
826	2	2

848	0	1
848	2	2

849	0	0
849	1	3
849	4	5
849	6	6

850	0	1
850	2	3
850	4	5
850	6	6
850	7	8
850	9	10

851	0	1
851	2	2
851	5	5
851	7	7
851	10	11
851	13	13
851	16	16

852	0	1
852	2	3
852	6	6
852	9	10
852	11	12

853	0	1
853	2	3
853	12	14
853	15	16

854	0	1
854	2	3
854	6	7
854	8	9
854	13	15
854	16	16
854	17	19

855	0	1
855	2	3
855	6	7
855	8	8

856	0	1
856	2	2
856	5	6
856	7	8
856	11	12
856	16	19
856	24	25
856	27	27
856	28	29
856	30	31
856	35	36

857	0	1
857	2	3
857	4	5

864	0	1
864	2	3
864	4	5
864	6	6
864	7	9
864	10	10
864	11	13

865	0	0
865	1	2
865	3	4
865	5	5
865	6	8
865	9	9
865	10	12

866	0	1
866	2	4
866	5	5
866	6	8
866	9	9
866	10	11
866	12	13

867	0	0
867	1	2
867	3	4
867	5	5
867	6	7
867	8	10

868	0	0
868	1	2
868	3	4
868	5	5
868	6	7
868	8	10

869	0	1
869	2	3
869	4	4
869	5	6
869	7	8
869	9	10
869	11	11
869	12	13
869	14	16

870	0	1
870	2	3

881	0	1
881	3	4
881	5	6
881	7	8
881	9	9
881	10	12
881	13	13
881	14	16
881	18	18
881	19	20
881	21	22
881	23	23
881	24	26
881	27	27
881	28	30
881	32	33
881	34	36
881	37	37
881	38	40
881	41	41
881	42	43
881	44	45
881	47	47
881	48	49
881	50	51
881	52	52
881	53	54
881	55	57
881	59	59
881	60	61
881	62	63
881	64	64
881	65	66
881	67	69

882	0	1
882	2	3
882	4	4
882	5	6
882	7	8
882	9	10
882	11	11
882	12	13
882	14	16
882	20	21
882	22	23
882	24	24
882	26	26
882	28	29
882	30	31
882	32	33
882	34	34
882	35	36
882	37	38
882	39	40
882	41	41
882	42	43
882	44	44
882	45	45
882	46	48
882	49	49
882	50	51
882	52	52
882	53	54
882	55	55
882	56	57
882	58	58
882	59	62
882	63	64
882	65	66
882	67	67

883	0	2
883	3	3
883	4	5
883	6	6
883	7	8
883	9	9
883	13	14
883	15	16

884	0	1
884	2	3
884	6	6
884	8	8
884	10	10
884	12	12

885	0	1
885	4	5

887	1	2
887	3	3
887	4	5
887	6	6
887	7	8
887	9	9
887	10	10
887	11	12
887	13	13

888	1	2
888	3	4
888	5	5
888	6	6
888	10	10
888	14	16
888	17	18
888	19	19
888	20	20
888	23	23
888	25	26
888	27	28
888	29	29
888	30	30
888	32	32
888	37	37

889	1	2
889	3	4
889	5	6
889	7	7
889	8	8
889	11	12

890	1	2
890	4	5
890	6	6
890	7	7
890	8	8
890	9	9
890	10	10
890	11	11

892	0	1
892	2	3
892	4	5
892	6	6

893	0	3
893	4	4
893	5	5
893	6	7
893	8	10

894	0	1
894	2	3

895	0	0
895	2	2
895	4	4
895	6	7
895	8	9
895	10	10
895	12	13
895	14	15
895	16	16
895	18	19
895	20	21
895	23	24
895	25	26
895	27	27
895	29	30
895	31	32
895	33	33

896	0	0
896	2	2
896	5	5
896	7	7
896	9	9

897	0	0
897	4	4

898	0	0
898	4	4

899	0	0

900	0	0
900	4	5

901	0	1
901	2	2
901	3	4
901	6	6
901	7	8
901	9	9
901	10	13

904	0	0
904	1	2
904	3	5
904	6	6
904	7	7
904	8	8

905	0	1
905	2	3
905	4	4
905	6	7
905	8	8
905	10	11
905	12	12
905	14	15
905	16	17
905	19	20
905	21	21
905	23	24
905	25	25
905	27	28
905	29	30
905	32	33
905	34	34
905	36	37
905	38	38

906	0	0
906	4	5
906	9	10
906	12	12
906	13	13
906	15	15

907	0	0
907	4	5
907	9	10

908	0	0
908	4	5
908	9	10

909	0	0
909	4	5
909	9	10

910	0	0
910	3	3
910	5	6
910	10	11

911	0	0
911	4	5
911	9	10

912	0	0
912	4	5
912	9	10

913	0	1
913	3	3

914	0	0
914	4	5
914	9	10

915	0	0
915	4	5
915	9	10
915	16	17
915	18	18

916	0	1
916	5	6
916	10	11

917	2	3
917	4	4
917	5	6
917	7	8
917	9	9
917	10	12
917	13	13

918	0	2
918	3	3
918	4	4
918	5	6
918	7	7
918	8	8
918	9	9
918	10	10
918	11	12
918	13	13
918	14	14
918	16	17
918	18	18
918	19	19
918	20	20
918	21	21
918	22	23
918	24	24
918	29	30
918	31	31
918	32	32
918	33	33

919	0	1
919	2	3
919	4	4
919	6	6
919	7	7
919	8	8
919	9	10
919	11	11
919	12	12
919	14	15
919	16	16
919	17	18
919	19	19
919	25	26

920	0	1
920	2	2
920	3	4
920	5	5
920	6	7
920	8	10
920	11	11
920	12	12
920	13	13
920	14	14
920	21	22
920	23	23
920	24	24
920	25	25

921	0	1
921	2	2
921	3	3
921	4	5
921	6	8
921	9	9
921	10	10
921	11	13
921	20	21
921	22	22
921	23	23
921	24	24

923	0	1
923	2	3
923	4	5
923	6	6

924	0	0
924	1	2
924	3	4
924	5	5
924	6	7
924	8	9

925	1	2
925	3	3
925	5	6
925	7	7
925	10	11
925	12	12
925	14	15
925	16	16

926	1	4
926	6	9
926	11	14
926	16	19
926	21	22
926	23	23
926	24	24
926	26	26
926	27	27
926	28	29

927	0	0
927	2	2
927	4	7
927	9	12
927	14	17

928	0	0
928	6	7

929	0	0
929	6	7

930	0	0
930	6	7

931	0	0
931	6	7

932	0	0
932	5	5
932	7	8

933	0	0
933	6	7

934	0	0
934	6	7

935	0	0
935	6	7
935	11	11

936	0	0
936	6	7

937	0	1
937	7	8

938	0	1
938	7	8

939	0	1
939	7	8

940	0	1
940	7	8

941	0	1
941	7	7
941	8	9

942	0	1
942	7	8

943	0	1
943	2	2
943	3	4
943	5	6
943	7	7
943	8	10
943	11	11
943	18	18
943	20	21
943	22	22
943	23	23
943	24	24

944	0	1
944	2	2
944	3	4
944	5	6
944	7	7
944	8	8
944	12	13
944	14	14
944	15	15
944	16	16

945	0	2
945	3	3
945	4	4
945	5	7
945	8	9
945	10	10
945	11	12
945	13	13
945	14	14
945	16	17
945	18	18
945	19	19
945	20	20
945	21	21
945	22	23
945	24	24
945	28	29
945	30	30
945	31	31
945	32	32

947	0	1
947	2	2
947	3	3
947	4	5
947	6	8
947	9	9
947	10	10
947	11	13

952	0	1
952	2	3
952	4	4
952	5	5
952	6	7
952	8	8

953	0	1
953	2	2
953	3	4
953	5	5
953	6	7
953	8	8
953	9	9
953	10	11
953	12	12
953	13	13
953	14	15
953	16	18
953	19	19
953	20	21
953	22	23
953	24	25
953	26	26
953	27	27
953	28	29
953	30	30
953	31	31
953	32	34
953	35	35
953	36	37
953	38	38
953	39	39

954	0	1
954	2	2

955	0	1
955	2	2
955	3	3
955	4	5
955	6	8
955	9	9
955	10	12
955	13	13
955	14	16
955	17	17
955	18	20

956	0	1
956	2	2
956	3	3
956	4	4

957	0	1
957	2	2
957	3	5
957	6	6
957	7	9
957	10	10

958	0	1
958	2	2
958	3	3
958	4	4

959	0	1
959	2	3
959	4	5
959	6	6
959	7	7
959	8	9
959	10	11
959	12	13

960	0	1
960	2	2

961	0	1
961	2	2

1050	0	3
1050	4	5

1051	0	3

1052	0	1
1052	2	4

1053	0	0
1053	1	2
1053	3	4
1053	5	5
1053	6	7
1053	8	9

1054	0	1
1054	2	2
1054	3	3
1054	5	11
1054	12	12
1054	13	16

1055	0	1
1055	2	3
1055	4	6
1055	7	8

1056	0	1
1056	2	5
1056	6	8
1056	9	10
1056	11	12
1056	13	13

1057	0	1
1057	2	2
1057	3	8

1058	0	1
1058	2	2
1058	3	10
1058	12	19

1059	0	1
1059	2	3
1059	4	6
1059	7	9
1059	10	12
1059	13	14

1060	0	3
1060	4	5
1060	6	8
1060	9	10
1060	11	12
1060	13	16
1060	17	18

1061	0	1
1061	2	9
1061	11	11
1061	12	12
1061	13	14
1061	16	17
1061	18	18
1061	20	21
1061	22	23
1061	24	25

1062	0	3
1062	4	4
1062	5	6
1062	7	7
1062	8	10
1062	11	14
1062	15	15
1062	16	17
1062	18	18
1062	19	21
1062	22	23

1063	0	1
1063	2	2
1063	3	3
1063	4	4
1063	6	8

1064	0	0
1064	1	1
1064	2	2
1064	3	8
1064	10	10
1064	12	12
1064	13	13
1064	14	18

1065	0	1
1065	3	5
1065	6	6
1065	8	12
1065	13	13
1065	15	17

1066	0	1
1066	2	3
1066	4	5
1066	6	7

1067	0	3
1067	4	4
1067	5	5
1067	6	8
1067	9	9
1067	10	17

