1	0	2
1	4	5
1	6	6
1	8	10

2	0	0
2	1	1
2	2	4

3	0	2

12	0	0
12	1	1
12	2	4
12	6	9
12	10	10
12	11	14

13	0	1
13	3	3
13	4	4
13	5	7
13	9	11
13	12	12
13	13	16

14	0	4
14	5	5
14	6	8
14	9	12

15	0	12
15	14	16
15	18	22
15	24	27
15	29	40

16	0	3
16	4	4
16	5	6
16	7	7
16	8	9
16	11	12

17	0	3
17	4	5
17	7	8

18	0	1
18	3	5

19	0	0
19	2	3
19	5	5

20	0	0
20	1	3
20	4	5
20	6	7
20	9	9

21	0	0
21	1	2
21	3	3
21	4	5
21	7	7

22	0	0
22	1	3
22	5	5

23	0	0
23	1	2
23	3	4
23	6	6

24	0	2
24	3	4
24	5	6
24	7	8
24	10	10

25	0	2
25	3	4
25	5	6
25	8	8

26	0	2
26	3	6
26	8	8

27	0	2
27	3	4
27	6	6

28	0	2
28	4	5
28	6	9
28	10	10
28	11	11
28	12	13
28	14	14
28	15	15
28	16	16
28	17	17
28	19	19

29	0	2
29	3	4
29	5	6
29	7	8
29	10	10

30	0	2
30	3	4
30	5	6
30	8	8

31	0	2
31	3	4
31	5	6
31	8	8

32	0	0
32	2	3
32	4	5
32	7	7

33	0	2
33	4	5
33	6	7
33	8	9
33	11	11

34	0	2
34	3	4
34	5	6
34	7	8
34	9	10
34	12	12

35	0	2
35	3	4
35	5	6
35	7	8
35	10	10

36	0	2
36	3	4
36	5	7
36	8	9
36	10	11
36	13	13

37	0	2
37	3	4
37	5	6
37	8	8

38	0	2
38	3	4
38	5	6
38	7	8
38	9	10
38	12	12

39	0	0
39	1	2
39	3	6
39	8	8

40	0	2
40	3	4
40	6	6

41	0	2
41	3	4
41	5	6
41	8	8

42	0	2
42	4	5
42	6	7
42	8	8
42	9	9
42	10	10
42	11	11
42	12	12
42	13	13
42	14	14
42	16	16

43	0	2
43	3	4
43	5	6
43	7	7
43	9	9

44	0	2
44	3	4
44	5	6
44	8	8

45	0	2
45	3	4
45	5	6
45	8	8

46	0	2
46	3	5
46	6	6
46	7	8
46	9	10
46	11	12
46	13	13
46	14	15
46	16	16
46	17	17
46	18	19
46	20	20
46	21	21
46	22	23
46	24	24
46	25	26
46	27	27
46	28	28
46	29	29
46	30	30
46	31	31
46	32	32
46	35	35

47	0	2
47	3	4
47	5	5
47	6	7
47	9	9

48	0	2
48	3	3
48	4	6
48	7	7
48	8	9
48	11	11

49	0	3
49	4	5
49	6	7
49	8	9
49	11	11

50	0	3
50	4	5
50	6	7
50	8	9
50	10	11
50	13	13

51	0	3
51	4	5
51	6	7
51	8	9
51	11	11

52	0	3
52	4	5
52	6	6
52	7	8
52	10	10

53	0	3
53	4	4
53	5	6
53	7	7
53	9	9

54	0	3
54	4	5
54	6	7
54	9	9

55	0	3
55	4	5
55	6	7
55	8	9
55	11	11

56	2	5
56	6	7
56	8	9
56	10	11
56	12	12
56	13	13
56	14	15
56	16	19
56	21	21

57	0	0
57	1	2
57	3	4
57	5	6
57	8	8

58	2	4
58	6	7
58	8	9
58	10	11
58	13	13

59	2	4
59	5	7
59	8	9
59	11	11

60	2	4
60	5	6
60	7	8
60	10	10

61	2	4
61	5	5
61	6	7
61	8	9
61	11	11

62	2	4
62	5	6
62	7	8
62	9	10
62	12	12

63	2	4
63	5	7
63	8	9
63	11	11

64	2	4
64	5	7
64	8	9
64	11	11

65	2	4
65	5	6
65	7	7
65	8	9
65	10	11
65	13	13

66	0	0
66	1	2
66	4	4

67	2	4
67	5	6
67	8	8

68	2	4
68	5	6
68	7	8
68	10	10

69	2	4
69	5	6
69	7	8
69	10	10

70	2	4
70	5	7
70	8	9
70	10	11
70	13	13

71	2	4
71	5	6
71	7	8
71	9	10
71	11	12
71	14	14

72	0	1
72	2	3
72	5	6

73	0	0
73	1	2
73	3	7
73	8	8
73	9	11
73	12	13
73	14	15
73	16	16
73	17	18
73	19	19
73	20	21
73	22	22

74	0	0
74	1	2
74	3	4
74	5	5
74	6	6
74	7	9
74	11	13
74	14	14
74	15	18
74	19	19
74	20	20
74	21	21
74	22	22
74	23	25
74	27	29
74	30	30
74	31	34
74	35	36
74	37	37
74	38	39
74	40	42
74	43	44
74	45	46
74	47	47

75	0	0
75	1	1
75	2	3
75	4	4
75	5	6
75	7	7
75	8	9
75	10	10
75	11	13
75	14	15
75	16	17
75	18	18
75	19	20
75	21	22
75	23	24
75	25	25
75	26	27
75	28	29
75	30	30

76	0	0
76	1	1
76	2	3
76	4	4
76	5	6
76	7	8
76	9	9
76	10	11
76	12	15
76	16	16
76	17	18
76	19	20
76	21	22
76	23	24
76	25	26
76	27	27
76	28	29
76	30	31
76	32	32

77	0	0
77	1	2
77	3	3
77	4	7
77	8	9
77	10	11
77	12	12
77	13	14
77	15	15
77	16	17
77	18	18

78	0	0
78	1	2
78	3	3
78	4	7
78	8	9
78	10	12
78	13	14
78	16	16

79	0	0
79	1	2
79	3	4
79	5	6
79	7	7
79	8	9
79	10	12
79	13	16
79	17	17
79	18	19
79	20	21
79	22	25
79	26	27
79	28	29
79	30	31
79	32	34
79	35	38
79	39	39
79	40	41
79	43	45
79	46	47
79	48	49
79	50	51
79	52	54
79	55	55

80	0	0
80	1	2
80	3	4
80	5	7
80	8	8
80	9	10
80	11	11
80	12	12
80	13	15
80	16	16
80	17	18
80	19	19
80	20	22
80	23	23
80	24	26
80	27	27
80	28	29
80	30	30
80	31	32
80	33	33
80	34	35
80	36	36
80	37	39
80	40	40

81	0	0
81	1	2
81	3	3
81	4	6
81	7	7
81	8	10
81	11	11
81	12	12
81	13	14
81	15	15
81	16	17
81	18	18
81	19	21
81	22	22
81	23	25
81	26	26
81	27	28
81	29	29
81	30	30
81	31	32
81	33	33
81	34	36
81	37	37

82	2	2
82	3	4
82	5	8
82	9	9
82	10	10
82	11	11
82	12	13
82	14	15
82	16	16
82	17	20
82	21	21
82	22	23
82	24	24
82	25	27
82	28	29
82	30	30

83	2	2
83	3	4
83	5	5
83	6	7
83	8	9
83	10	10
83	11	11
83	12	13
83	14	14
83	15	16
83	17	18
83	19	19
83	20	23
83	24	25
83	26	28
83	29	29

84	0	4
84	5	5
84	6	8
84	9	12

85	0	0
85	1	2

86	0	0
86	1	4
86	5	5
86	7	11
86	12	12
86	13	15
86	16	16
86	17	20
86	21	21
86	22	23
86	24	24
86	25	26
86	27	27
86	28	29
86	30	30
86	31	32
86	33	33
86	34	35
86	36	36
86	37	38
86	39	40
86	41	41
86	43	43
86	44	45
86	46	47
86	48	48
86	49	53
86	54	54
86	55	57
86	58	58

87	0	0
87	1	3
87	4	5
87	6	7

88	2	3
88	4	5
88	6	7
88	8	8
88	9	10
88	11	11
88	12	13
88	14	14
88	15	18
88	19	19
88	20	20
88	21	22
88	23	23
88	24	25
88	26	26
88	27	28
88	29	30
88	31	31
88	32	33
88	34	35
88	36	36
88	37	38
88	39	40
88	41	41
88	42	43
88	45	46
88	47	48
88	49	50
88	51	51
88	52	53
88	54	55
88	56	56
88	57	57
88	58	59
88	60	61
88	62	62
88	63	64
88	65	66
88	67	67
88	68	69
88	70	70
88	71	71
88	72	73
88	74	75
88	76	77
88	78	78

89	2	8
89	9	10
89	11	12
89	14	14
89	15	15
89	16	17
89	18	18
89	19	20
89	21	21
89	22	23
89	24	24
89	25	26

90	2	3
90	5	10
90	11	12
90	13	15
90	17	17
90	18	18
90	19	20
90	21	22

91	2	3
91	5	10
91	11	12
91	13	15
91	17	17
91	18	18
91	19	20
91	22	23

92	2	3
92	5	10
92	11	12
92	13	15
92	17	17
92	18	18
92	19	20
92	21	22
92	23	24
92	25	25
92	26	27

93	2	3
93	5	11
93	12	13
93	14	15
93	16	18
93	19	19
93	20	22
93	23	23
93	24	26
93	27	27
93	28	30

94	2	3
94	5	8
94	9	11
94	12	12
94	13	16
94	17	17
94	18	19
94	20	20
94	21	22
94	23	24
94	25	26
94	27	27
94	28	28
94	30	34
94	35	35
94	36	37
94	38	39
94	40	42
94	43	44
94	45	46

95	2	3
95	4	4
95	5	5
95	7	13
95	14	15
95	16	17
95	18	18
95	19	20
95	21	21
95	22	23
95	24	26
95	27	27
95	28	29
95	30	30
95	31	32
95	33	34
95	35	35
95	36	36
95	37	38
95	39	39
95	40	41
95	42	43
95	44	45
95	46	46
95	47	48
95	50	52

96	0	1
96	2	2
96	3	3
96	5	11
96	12	13
96	14	15
96	16	16
96	17	18
96	19	19
96	20	21
96	22	24
96	25	25
96	26	27
96	28	28
96	29	30
96	31	32
96	33	33
96	34	34
96	35	36
96	37	37
96	38	39
96	40	41
96	42	42
96	43	44
96	45	46
96	48	49
96	50	50
96	51	51
96	53	56
96	57	57
96	58	59
96	60	61
96	62	63

97	0	0
97	1	1
97	2	4
97	6	14
97	15	18
97	19	20
97	21	22
97	23	24

98	0	0
98	1	2
98	3	3
98	4	5

99	0	1
99	3	8
99	9	9
99	10	11
99	12	12
99	13	13
99	15	21
99	22	23
99	24	24
99	25	26
99	27	27
99	28	29
99	30	31
99	32	33
99	34	35
99	36	36

100	0	0
100	1	3

101	0	1
101	3	8
101	9	9
101	10	11
101	12	12
101	13	20
101	21	22
101	23	23
101	24	26
101	27	28
101	29	30
101	31	32
101	33	33

102	0	0
102	1	2
102	3	4

103	0	2
103	3	4
103	5	6
103	7	8

104	2	3
104	4	5
104	6	6
104	7	8
104	9	9
104	10	10
104	11	11

105	0	3
105	4	4
105	5	5
105	6	7
105	8	8
105	9	9
105	10	10
105	12	13
105	14	14
105	15	15
105	17	17
105	18	19
105	20	21
105	22	22
105	23	23
105	25	25
105	27	27

106	2	3
106	4	4
106	5	6
106	7	7
106	8	10
106	11	11

107	0	2
107	3	4
107	5	6

108	0	0
108	1	1
108	2	4
108	5	5
108	6	9
108	11	11
108	12	13
108	15	15
108	16	16
108	17	18
108	19	19
108	20	20
108	21	21
108	23	23

109	0	2
109	3	6

110	2	2
110	3	4
110	5	9
110	10	10

111	0	2
111	3	4

112	4	6
112	7	7
112	8	8
112	9	10
112	11	15
112	16	16
112	17	18
112	19	20
112	21	22
112	23	23
112	24	26
112	27	27
112	28	28
112	30	30
112	31	32
112	33	34
112	35	35
112	36	37
112	38	39
112	40	41
112	42	43
112	44	45
112	46	47
112	48	48
112	49	49

113	0	2
113	3	4
113	5	8
113	9	9
113	10	10
113	11	12
113	13	13
113	14	14
113	15	15
113	16	16

114	4	5
114	6	6
114	7	9
114	10	10
114	11	13
114	14	14

115	4	5
115	6	6
115	7	9
115	10	10
115	11	13
115	14	14

116	0	2
116	3	4
116	5	6
116	7	8

117	4	5
117	6	7
117	8	10
117	11	11
117	12	14
117	15	15
117	16	16
117	17	19
117	20	20
117	22	22
117	23	24
117	25	26
117	27	28
117	29	30
117	31	31
117	32	32

118	0	0
118	1	1
118	3	3
118	4	5
118	6	7

119	4	4
119	5	5
119	6	6

120	0	2
120	3	4
120	5	6

121	4	8

122	0	0
122	1	2
122	3	4

123	0	2
123	3	4
123	5	6
123	7	8

124	4	8
124	9	9
124	11	15
124	17	17
124	18	22
124	23	23
124	25	25
124	27	30
124	31	31

125	0	2
125	3	4
125	5	6
125	7	8
125	9	10

126	4	8
126	9	9
126	11	15
126	17	17
126	18	22
126	23	23
126	25	25
126	26	29
126	30	31
126	32	32

127	0	2
127	3	4
127	5	6
127	7	8

128	4	8

129	0	2
129	3	4
129	5	7
129	8	9
129	10	11

130	4	8
130	9	9
130	10	14
130	16	16
130	17	21
130	22	22
130	23	23
130	24	24
130	25	26
130	27	28
130	29	29

131	4	7
131	8	8
131	9	9
131	10	10
131	11	12
131	13	13

132	0	2
132	3	4
132	5	6

133	4	5
133	6	6

134	0	2
134	3	4
134	5	6
134	7	8
134	9	10

135	4	8
135	10	10
135	11	11
135	12	15
135	16	16
135	17	20
135	22	22

136	4	8
136	10	10
136	11	15
136	16	16
136	17	17
136	18	18
136	19	22
136	23	23
136	24	27
136	28	28

137	4	7
137	9	9
137	10	10
137	11	14
137	15	15

138	0	0
138	1	2
138	3	6

139	2	4
139	5	6

140	4	5
140	6	6
140	7	7
140	8	9
140	10	10
140	11	11
140	12	12
140	13	13
140	14	14
140	15	16
140	17	18
140	19	19
140	20	20
140	21	22
140	23	25
140	26	26

141	0	2
141	3	4
141	5	6

142	2	3
142	4	4
142	5	6
142	7	8
142	9	9
142	10	13
142	14	14
142	15	15
142	16	17
142	18	18
142	19	20
142	21	22
142	23	23
142	24	27
142	28	28
142	29	29
142	30	31
142	32	32
142	33	34
142	35	36
142	37	38
142	39	39
142	40	43
142	44	44
142	45	45

143	0	2
143	3	4
143	5	6
143	7	7
143	8	8
143	9	9
143	10	10
143	11	11
143	12	12
143	13	13

144	0	2
144	3	3
144	4	6
144	7	7
144	8	13
144	15	15
144	17	19
144	20	20
144	21	23
144	24	24
144	25	30
144	32	34
144	35	35
144	36	38
144	39	39
144	40	45
144	46	46

145	0	2
145	3	4
145	5	6
145	7	7

146	0	2
146	3	3
146	4	5
146	6	6
146	7	9
146	10	10
146	11	12
146	14	14
146	15	20
146	21	21
146	22	25
146	26	26
146	28	30
146	31	31
146	32	33
146	34	34
146	35	37
146	38	38
146	39	39
146	41	41
146	42	47
146	48	48
146	49	52
146	53	53

147	0	2
147	3	4
147	5	6

148	2	2
148	3	4
148	5	6
148	7	7

149	0	2
149	3	4
149	5	6

150	2	2
150	3	4
150	5	5
150	6	6

151	0	0
151	1	1
151	3	3
151	4	6
151	7	7
151	8	9
151	10	11
151	12	13
151	14	14
151	15	16
151	17	17
151	18	18
151	19	20
151	21	21
151	22	22
151	23	24
151	25	25
151	26	27
151	28	28
151	29	29
151	30	30
151	31	31
151	32	32
151	33	33

152	2	6
152	8	8
152	9	10
152	11	11

153	2	6
153	8	8
153	9	10
153	11	11
153	13	13
153	14	16

154	2	6
154	8	8
154	9	10
154	11	11

155	2	6
155	8	8
155	9	10
155	11	11

156	0	2
156	3	4
156	5	5
156	6	7
156	9	9
156	10	14
156	16	16
156	17	17
156	18	18
156	19	19
156	20	20
156	21	26
156	27	28
156	29	29
156	30	30
156	31	32
156	33	35
156	36	36
156	37	38
156	39	39
156	40	41
156	42	42
156	43	44
156	45	45
156	46	46
156	47	47
156	48	48
156	49	49
156	50	51
156	52	52
156	53	53
156	54	56

157	0	0
157	1	5
157	7	7
157	8	8
157	9	9
157	10	10
157	11	11
157	12	17
157	18	19
157	20	20
157	21	21
157	22	23
157	24	26
157	27	27
157	28	29
157	30	30
157	31	32
157	33	33
157	34	35
157	37	37
157	39	40
157	41	41
157	42	43
157	44	44
157	45	46
157	47	47
157	48	48
157	49	49
157	50	50
157	51	51
157	52	52
157	53	54
157	55	55

158	0	0
158	1	5
158	7	7
158	8	8
158	9	9
158	10	10
158	11	11
158	12	17
158	18	19
158	20	20
158	21	21
158	22	23
158	24	26
158	27	27
158	28	29
158	30	30
158	31	32
158	33	33
158	34	35
158	36	36
158	37	37
158	38	38
158	39	39
158	40	40
158	41	42
158	43	43
158	44	44
158	45	47

159	0	0
159	1	5
159	7	7
159	8	8
159	9	9
159	10	10
159	11	11
159	12	17
159	18	19
159	20	20
159	21	21
159	22	23
159	24	26
159	27	27
159	28	29
159	30	30
159	31	32
159	33	33
159	34	35
159	36	36
159	37	37
159	38	38
159	39	39
159	40	40
159	41	42
159	43	43
159	44	44
159	45	47

161	0	0
161	2	3
161	5	7

162	0	2
162	3	3
162	4	6
162	7	7
162	8	9

163	0	6

164	0	0
164	1	1
164	3	4
164	5	6
164	7	8
164	9	10

165	0	1
165	2	2
165	3	3
165	4	5
165	6	6
165	7	8
165	9	9
165	10	10
165	11	12
165	13	13
165	14	15
165	16	17
165	18	18
165	20	22
165	23	23
165	24	25
165	26	26
165	27	28
165	29	29
165	30	30
165	31	32
165	33	33
165	34	35
165	36	37
165	38	38

166	2	3
166	4	4
166	5	5
166	6	7
166	8	8
166	9	10
166	11	11
166	12	12
166	13	14
166	15	15

167	2	4
167	5	5
167	6	7
167	8	8
167	9	10
167	11	11
167	12	12
167	13	14
167	15	15

168	0	0
168	1	1
168	3	4
168	5	6
168	7	8
168	9	10
168	11	12

169	2	2
169	3	3
169	4	4

170	0	0
170	1	1
170	3	4
170	5	6
170	7	8
170	9	10

171	2	2
171	3	5
171	6	7
171	8	8
171	9	10
171	11	12
171	13	14
171	15	16
171	17	17
171	18	18

172	0	0
172	1	1
172	2	4
172	5	6
172	7	8
172	9	10
172	11	12
172	14	15
172	16	16
172	17	18

173	0	0
173	2	2

174	2	3
174	5	6
174	7	8
174	9	10
174	11	12
174	13	13
174	14	15
174	16	16
174	18	19
174	20	21
174	22	23
174	24	25

175	0	0
175	1	2
175	3	3
175	5	6
175	7	8
175	9	10
175	11	12

176	0	0
176	1	3
176	4	4

177	1	2
177	4	5

178	2	3
178	5	8
178	10	13
178	15	18
178	24	26

179	2	2
179	3	3
179	5	8

180	0	0
180	1	3
180	4	6
180	7	7

181	0	2

182	0	0
182	1	3
182	4	6
182	7	7
182	9	12

183	0	0
183	1	3
183	4	6
183	7	7

184	0	3

185	0	0
185	1	3
185	4	6
185	7	7
185	9	11

186	0	0
186	1	3
186	4	6
186	7	7

187	0	2

188	0	0
188	1	3
188	4	6
188	7	7
188	13	15

189	0	0
189	1	3
189	4	6
189	7	7

190	4	6

191	0	0
191	1	3
191	4	6
191	7	7

192	2	3
192	5	7
192	9	11
192	13	13
192	15	17

193	2	4
193	6	8
193	10	10
193	12	12
193	18	20

195	0	3
195	4	5
195	6	6
195	7	8

196	2	2
196	3	4
196	5	6
196	7	7
196	8	9
196	10	10
196	11	11
196	12	13
196	14	14
196	15	16
196	17	17
196	18	18
196	19	19
196	20	21
196	22	22
196	23	24
196	25	26
196	27	27

197	2	2
197	3	4
197	5	5
197	6	11
197	13	13
197	14	14
197	15	16
197	17	18
197	19	20
197	21	21
197	22	22
197	23	24
197	25	25
197	26	27
197	28	29
197	30	30

198	2	3
198	4	4
198	5	5
198	6	6
198	7	8
198	9	13
198	14	14
198	15	16
198	17	18
198	19	19
198	20	20
198	21	22
198	23	27
198	28	28

199	0	3
199	4	4
199	5	6
199	7	7

200	2	3
200	4	4
200	5	5
200	6	8
200	10	10
200	11	12
200	13	13
200	14	15
200	16	17
200	18	19
200	20	20
200	21	21
200	22	24
200	26	26
200	27	28
200	29	30
200	31	32
200	33	33

201	2	2
201	3	3
201	5	5
201	6	7
201	8	8
201	9	9
201	10	11
201	12	12
201	13	14
201	15	16
201	17	18
201	19	19
201	20	21
201	22	22
201	23	24
201	25	26
201	27	28
201	29	29
201	30	31

202	2	3
202	4	4
202	5	6
202	7	7
202	8	9
202	10	12
202	13	14
202	15	15
202	16	18
202	19	19

203	2	3
203	4	5
203	6	6
203	7	9
203	10	10

204	2	3
204	4	5
204	6	13
204	14	14
204	15	16
204	17	18
204	19	20
204	21	21

205	0	3
205	4	5
205	6	7

206	2	4
206	5	6
206	7	9
206	10	11
206	12	13
206	14	14
206	15	16
206	17	18
206	19	19
206	20	20
206	22	26
206	27	27
206	28	29
206	30	30

207	0	0
207	1	1
207	3	4
207	5	6
207	7	8
207	9	10

208	2	4
208	5	6
208	7	8
208	9	9
208	10	11
208	12	12
208	13	14
208	15	16
208	17	17
208	18	19
208	20	21
208	22	23
208	24	25
208	26	26
208	27	29
208	30	31
208	32	33
208	34	34
208	35	37
208	38	38
208	39	40
208	41	42
208	43	44
208	46	51
208	52	52
208	53	54
208	55	56
208	57	57
208	58	58
208	59	61
208	62	62
208	63	64
208	65	66
208	67	68
208	69	71
208	72	72

209	0	0
209	1	1
209	3	4
209	5	6
209	7	8
209	9	10
209	11	11
209	12	12
209	13	14
209	15	18

210	2	3
210	4	8
210	9	9
210	10	11
210	12	14
210	15	16
210	17	18
210	19	20
210	21	21
210	22	23
210	24	25
210	26	27
210	28	29
210	30	31
210	32	32
210	33	36
210	37	37
210	38	39
210	40	40
210	41	41
210	42	43
210	44	44

211	0	0
211	1	1
211	2	3
211	4	5
211	6	7
211	8	8
211	9	9
211	10	11
211	12	15

212	0	1
212	2	3

213	0	1
213	2	3
213	5	5
213	6	6
213	7	7
213	9	11
213	13	16
213	18	21
213	23	26

214	1	1
214	2	2
214	3	3
214	5	7
214	9	12
214	14	17
214	19	22

215	0	3
215	5	9
215	11	13
215	15	16
215	18	20
215	21	21

216	0	0
216	1	2
216	3	4
216	5	6

217	0	2
217	3	4
217	5	6
217	7	8

218	0	2
218	3	5
218	6	6
218	8	11
218	12	12
218	13	14
218	15	16
218	17	18
218	19	19

219	0	1
219	2	3
219	4	4
219	5	10
219	11	11

220	0	0
220	1	1
220	2	3
220	4	4
220	5	10
220	11	11

221	2	3
221	4	5
221	6	6
221	7	12
221	13	13

222	2	3
222	4	5
222	6	6
222	7	8
222	9	10
222	11	12
222	13	14
222	15	15

223	0	2
223	3	5
223	6	7

224	2	2
224	3	5
224	6	6
224	7	8
224	9	11
224	12	12
224	13	13
224	14	16
224	17	18
224	19	20
224	21	21
224	22	23
224	24	28
224	29	29
224	30	30
224	31	31
224	32	33
224	34	35
224	36	36
224	37	38
224	39	40
224	41	41

225	0	2
225	3	4
225	5	6

226	0	0
226	1	2
226	3	4
226	5	6
226	7	8
226	9	9
226	10	12
226	13	13
226	14	14
226	16	16
226	18	18
226	19	22
226	24	24
226	25	25
226	26	26
226	27	27

227	0	0
227	1	2
227	3	4
227	5	6
227	7	8
227	9	9
227	10	11
227	12	12
227	14	14
227	16	16
227	17	20
227	22	22
227	23	23
227	24	24
227	25	25

228	0	2
228	3	3
228	4	5
228	6	7

229	0	2
229	3	3
229	5	5
229	6	6
229	7	8
229	9	10
229	11	11
229	12	15
229	16	16
229	17	17
229	18	20
229	21	22
229	23	23
229	24	27
229	28	28
229	29	30
229	31	32
229	33	33
229	34	34
229	35	36
229	37	38
229	39	40
229	41	41

230	0	0
230	1	1
230	3	5
230	6	6
230	7	8
230	9	9
230	10	10
230	11	13
230	14	14
230	15	18
230	19	19
230	20	21
230	22	23
230	24	24
230	25	25
230	26	27
230	28	29
230	30	30

231	0	0
231	1	1
231	3	5
231	6	6
231	7	8
231	9	9
231	10	13
231	14	14
231	15	15
231	17	17
231	18	22
231	23	23
231	24	24
231	25	25
231	26	26
231	27	27
231	28	29
231	30	30
231	31	31
231	32	33
231	34	35
231	36	37
231	38	38
231	39	40
231	41	42
231	43	44
231	45	46
231	47	47
231	48	48
231	50	50
231	51	51
231	52	52
231	54	54
231	55	57
231	58	58
231	59	59
231	60	60
231	61	61
231	62	63
231	64	65
231	67	70
231	71	71
231	72	73
231	74	75
231	76	76
231	77	77

232	0	0
232	1	1
232	3	3
232	4	4
232	6	6
232	7	8
232	9	9
232	10	11
232	12	15
232	16	16
232	17	20
232	21	21
232	22	25
232	26	27
232	28	28
232	29	30
232	31	32
232	33	33
232	34	35
232	36	37
232	38	39
232	40	40
232	41	41
232	42	42
232	43	45
232	46	46
232	47	50
232	51	52
232	53	54
232	55	55
232	57	58
232	59	60
232	61	62
232	63	64
232	65	66
232	67	68
232	69	70
232	71	72
232	73	73

233	0	2
233	3	4
233	5	6
233	7	8

234	2	4
234	5	5
234	6	7
234	8	9
234	10	11
234	12	13
234	14	14
234	15	15
234	16	17
234	18	19
234	20	21
234	22	24
234	25	25
234	26	26
234	27	27
234	28	29
234	30	31
234	32	33
234	34	34
234	35	36
234	37	38
234	39	39
234	40	41
234	42	42
234	43	43
234	45	45
234	46	46
234	47	48
234	49	49
234	50	51
234	52	53
234	54	54
234	55	56
234	57	58
234	59	60
234	61	61
234	62	63
234	64	64
234	65	66
234	67	68
234	69	69
234	70	71
234	72	72
234	73	74
234	75	77
234	78	79
234	80	82
234	83	83

235	0	0
235	1	1
235	3	3
235	4	6
235	7	8

236	2	4
236	5	6
236	7	7
236	8	9
236	10	13
236	14	15
236	16	16
236	17	17
236	18	19
236	20	21
236	22	23
236	24	25
236	26	26
236	27	29
236	30	30
236	31	32
236	33	33
236	34	35
236	36	36
236	37	38
236	39	40
236	41	42
236	43	43
236	45	46
236	47	48
236	49	50
236	51	52
236	53	54
236	55	56
236	57	57
236	58	58
236	59	60
236	61	62
236	63	64
236	65	66
236	67	68
236	69	69
236	70	70
236	71	71
236	72	72
236	73	73
236	74	74
236	75	76
236	77	77
236	78	79
236	80	80

237	0	0
237	1	1
237	3	3
237	4	6
237	7	8

238	0	2
238	3	3
238	4	4
238	5	6
238	7	8
238	9	10

239	2	3
239	4	5
239	6	7
239	8	9
239	10	11
239	12	12
239	13	13

240	0	0
240	1	1
240	2	4
240	5	6
240	7	8
240	9	10
240	11	12
240	14	15
240	16	16
240	17	18

241	0	1
241	3	3
241	5	5

242	1	2
242	3	4
242	5	6
242	7	8
242	9	9
242	10	11
242	12	12
242	14	15
242	16	17
242	18	19
242	20	21
242	22	22
242	23	24
242	25	25
242	27	28
242	29	30
242	31	32
242	33	34
242	35	35
242	36	38
242	39	39

243	0	1
243	3	6
243	8	11
243	13	15

245	0	0
245	1	1
245	3	3
245	4	5
245	6	6

246	0	1
246	3	3
246	5	5

247	1	2
247	3	4
247	5	6
247	7	8
247	9	9
247	10	11
247	12	12
247	14	15
247	16	17
247	18	19
247	20	21
247	22	22
247	23	24
247	25	25
247	27	28
247	29	30
247	31	32
247	33	34
247	35	35
247	36	38
247	39	39

248	1	1
248	2	2
248	3	3
248	4	8
248	9	9
248	11	14
248	16	18
248	20	22

249	1	1
249	2	2
249	3	3
249	4	8
249	9	9
249	11	13
249	15	17
249	19	21

250	0	1
250	3	5
250	7	7
250	9	11

251	0	2
251	4	6
251	8	8
251	10	12

252	2	2
252	3	3
252	4	5
252	6	6
252	7	8
252	9	10
252	11	15
252	16	16
252	17	17
252	18	19
252	20	20
252	21	21
252	22	22
252	23	24
252	25	26
252	27	28
252	29	30
252	31	32
252	33	34
252	36	40
252	41	41
252	42	43
252	44	45
252	46	47
252	48	49
252	50	50

254	0	2
254	3	3
254	4	4
254	5	6
254	7	7
254	8	9
254	10	11

255	2	3
255	4	4
255	5	6
255	7	8
255	9	10
255	11	12
255	13	13

256	2	2
256	3	3
256	5	6
256	7	7
256	8	8
256	9	10

257	0	1
257	2	3
257	4	4
257	5	12
257	13	13

258	0	0
258	1	1
258	2	3
258	4	4
258	5	11
258	13	13
258	14	15
258	16	20
258	21	21
258	22	22

259	0	6
259	8	8
259	9	9
259	10	10
259	12	16
259	17	17
259	18	18

260	0	1
260	2	3
260	4	4
260	5	11
260	12	12

261	2	4
261	5	6
261	7	7
261	8	14
261	15	15

262	2	3
262	4	4
262	5	6
262	7	7
262	8	8
262	9	10
262	11	12
262	13	14
262	15	16
262	18	24
262	26	26
262	27	27
262	28	29
262	30	30
262	31	31
262	32	32
262	33	34
262	36	42
262	44	44
262	45	46
262	47	48
262	49	49
262	50	50
262	51	51
262	52	53
262	54	55
262	57	58
262	59	59

263	2	2
263	3	3
263	5	6
263	7	8

264	0	1
264	2	3
264	4	4
264	5	11
264	12	12

265	0	0
265	1	1
265	2	3
265	4	4
265	5	11
265	13	13
265	14	15
265	16	20
265	21	21
265	22	22

266	0	0
266	2	7
266	9	9
266	10	10
266	11	11
266	13	17
266	18	18
266	19	19

267	0	1
267	2	3
267	4	4
267	5	10
267	11	11

268	2	4
268	5	6
268	7	7
268	8	14
268	15	15

269	2	2
269	3	3
269	5	6
269	7	7
269	8	8
269	9	10
269	11	11
269	12	13
269	14	15

270	2	3
270	4	5
270	6	6
270	7	8
270	9	9

271	2	2
271	3	3
271	4	5
271	6	6
271	7	8
271	9	9

272	2	3
272	4	5
272	6	6
272	7	8
272	9	9

273	2	4
273	5	6
273	7	7
273	8	9
273	10	10

274	0	2
274	3	3
274	4	4
274	5	6
274	7	7
274	8	9
274	10	11

275	2	3
275	4	5
275	6	6
275	7	8
275	9	10
275	11	11
275	12	12
275	13	14
275	15	15
275	16	16
275	17	17
275	18	18

276	0	0
276	1	1
276	2	4
276	5	6
276	7	8
276	9	10
276	12	13
276	14	14
276	15	15

277	0	1
277	2	3
277	5	6
277	8	9
277	11	12

278	0	1
278	2	2
278	4	7
278	9	12
278	14	17

279	0	2
279	4	7
279	9	12
279	14	17

281	0	0
281	1	1
281	3	3
281	4	5
281	6	6

285	0	0
285	1	1
285	3	5
285	6	8
285	9	9
285	10	12

286	2	2
286	3	4
286	5	6
286	7	7
286	8	12
286	13	13
286	14	15
286	16	16

287	2	3
287	4	5
287	6	7
287	8	9
287	10	11
287	12	12
287	13	14
287	15	15
287	17	17
287	18	20
287	21	21

288	0	3
288	5	5
288	6	7
288	8	8
288	9	9
288	10	10
288	12	12
288	13	13
288	15	15
288	17	20
288	21	21

289	0	2
289	3	3
289	4	7
289	8	8
289	10	10
289	12	14
289	15	15

290	0	4
290	5	6
290	7	9
290	10	10
290	11	11
290	12	12
290	13	14
290	15	15
290	16	17
290	18	18
290	19	19
290	20	20
290	21	24
290	25	25
290	27	27
290	28	29
290	30	30
290	31	31
290	33	33
290	34	34
290	35	35
290	36	36
290	37	37
290	39	39
290	40	40
290	41	41

291	0	0
291	1	1
291	3	3
291	4	5
291	6	6
291	7	8
291	9	10
291	12	12
291	13	13
291	15	15
291	16	16
291	18	18
291	19	20
291	21	21
291	22	23

292	2	3
292	4	4
292	5	6
292	7	8
292	9	10
292	11	11

293	2	2
293	3	3
293	5	6
293	7	7
293	8	9
293	10	11
293	12	12
293	13	14
293	15	15
293	16	17
293	18	19
293	20	21
293	22	24
293	25	25

294	2	2
294	3	3
294	5	6
294	7	8
294	9	9
294	10	10
294	11	11
294	12	12
294	13	13
294	14	15
294	16	16
294	17	18
294	19	19
294	20	20
294	21	21
294	22	22
294	23	23
294	24	25
294	26	26

295	2	2
295	3	3
295	5	7
295	8	9
295	10	10
295	11	12
295	13	14
295	15	16
295	17	19
295	20	21

296	0	2
296	3	3
296	4	4
296	5	6
296	7	7

297	2	3
297	4	4
297	5	6
297	7	8
297	9	9

298	2	2
298	3	3
298	4	6
298	7	7
298	8	9
298	10	11
298	12	12
298	13	13
298	14	15
298	16	16
298	17	18
298	19	19
298	20	20
298	21	21
298	22	23
298	24	24
298	25	26
298	27	27
298	28	29
298	30	33
298	34	35
298	36	37
298	38	39
298	40	41
298	42	42
298	43	43

299	4	4
299	5	6
299	7	10
299	11	11
299	12	13
299	14	15
299	16	16
299	17	18
299	19	20
299	21	21
299	22	23
299	24	25
299	26	27
299	28	28
299	29	30
299	31	32
299	33	34
299	35	36
299	37	37
299	38	38

300	2	2
300	3	3
300	4	5
300	6	7
300	8	9
300	10	11
300	12	12
300	13	13
300	14	15
300	16	16
300	17	19
300	20	21
300	22	23
300	24	24
300	25	26
300	27	28
300	29	29
300	30	30
300	31	33
300	34	34
300	35	37
300	38	38
300	39	41
300	42	42
300	43	44

301	4	4
301	5	5
301	6	7
301	8	8
301	9	10
301	11	11

302	2	2
302	3	3
302	4	5
302	6	6
302	7	7
302	8	8
302	9	10
302	11	12
302	13	14
302	15	15
302	16	17
302	18	19
302	20	21
302	22	23
302	24	25
302	26	26
302	27	27
302	28	29
302	30	31
302	32	32
302	33	33
302	34	35
302	36	37
302	38	38
302	39	40
302	41	42
302	43	43
302	44	44

303	0	2
303	3	3
303	4	4
303	5	6

304	2	3
304	4	5
304	6	7
304	8	8

305	2	2
305	3	3
305	4	6
305	7	8
305	9	9
305	10	11
305	12	13
305	14	14
305	15	16
305	17	17
305	18	19
305	20	21
305	22	25
305	26	26
305	27	28
305	29	29
305	30	30
305	31	34
305	35	35
305	36	37
305	38	39
305	40	41
305	42	42
305	43	44
305	45	46
305	47	47

306	4	4
306	5	5
306	6	7
306	8	8
306	9	10
306	11	12
306	13	13
306	14	15
306	16	18
306	19	19
306	20	20
306	21	22
306	23	23
306	24	25
306	26	27
306	28	28
306	29	30
306	31	32
306	33	34
306	35	35
306	36	36
306	37	37
306	38	39
306	40	40
306	41	42
306	43	43

307	4	5
307	6	7
307	8	11
307	12	14
307	15	15
307	16	17
307	18	18
307	19	20
307	21	22
307	23	24
307	25	25
307	26	26
307	27	29
307	30	30
307	31	32
307	33	33

308	2	2
308	3	3
308	5	6
308	7	8
308	9	10
308	11	13
308	14	14
308	15	15
308	16	16
308	17	18
308	19	19
308	20	21
308	22	22
308	23	25
308	26	27
308	28	28
308	29	29
308	30	30

309	2	2
309	3	3
309	5	6
309	7	8
309	9	10
309	11	12
309	13	13
309	14	15
309	16	17
309	18	18
309	19	20
309	21	22
309	23	24
309	25	26
309	27	27
309	28	29
309	30	30
309	31	32
309	33	34
309	35	35
309	36	37
309	38	38
309	39	40
309	41	43
309	44	44

310	4	4
310	5	5
310	6	6
310	7	8
310	9	9
310	10	10
310	11	12
310	13	14
310	15	15
310	16	16
310	17	18
310	19	20
310	21	21

311	2	2
311	3	3
311	4	5
311	6	6
311	7	8
311	9	9
311	10	10
311	11	12
311	13	13
311	14	14
311	15	16
311	17	17
311	18	20

312	2	3
312	4	5
312	6	7
312	8	9
312	10	10

313	2	2
313	3	3
313	5	6
313	7	7
313	8	9
313	10	11
313	12	13
313	14	15
313	16	16
313	17	20
313	21	21

314	0	0
314	1	1
314	3	4
314	5	6
314	7	8
314	9	10
314	11	11
314	12	13
314	14	15
314	16	16
314	17	18
314	19	19
314	20	21
314	22	23
314	24	24
314	25	26
314	27	28
314	29	29
314	30	30
314	31	32
314	33	34
314	35	36
314	37	37
314	38	39
314	40	40
314	41	42
314	43	43
314	45	46
314	47	47

315	2	2
315	3	3
315	5	6
315	7	8
315	9	10
315	11	11
315	12	13
315	14	15
315	16	17
315	18	18
315	19	20
315	21	22
315	23	24
315	25	26
315	27	28
315	29	29

316	2	2
316	3	3
316	5	6
316	7	7
316	8	9
316	10	11
316	12	12
316	13	15
316	16	16
316	17	17
316	18	19
316	20	21
316	22	22
316	23	23
316	24	25
316	26	27
316	28	29
316	30	31
316	32	32
316	33	33
316	34	35
316	36	37
316	38	39
316	40	41
316	42	43

317	4	5
317	6	7
317	8	9
317	10	11
317	12	13
317	14	14
317	15	15
317	16	16
317	17	18
317	19	20
317	21	22
317	23	23
317	24	24
317	25	26
317	27	28
317	29	33
317	34	34

318	0	2
318	3	3
318	4	4
318	5	5
318	6	7
318	8	9
318	10	11

319	2	2
319	3	4
319	5	6
319	7	8
319	9	10
319	11	12
319	13	13

320	0	0
320	1	1
320	3	3
320	4	5
320	6	7
320	8	8
320	9	10
320	11	12
320	13	14
320	15	16
320	17	18
320	19	19
320	20	20
320	21	22
320	23	23
320	24	25
320	26	27
320	28	29
320	30	31
320	32	32
320	33	33
320	34	35
320	36	37
320	38	40
320	41	41
320	42	42
320	44	46
320	47	47
320	48	49
320	50	50
320	51	52
320	53	53
320	54	55
320	56	56

321	0	0
321	1	1
321	3	3
321	4	5
321	6	7
321	8	9
321	10	10
321	11	11
321	12	13
321	14	14
321	15	16
321	17	17
321	18	19
321	20	20
321	21	22
321	23	24
321	25	25
321	26	26
321	27	28
321	29	30
321	31	33
321	34	34
321	35	35
321	36	36
321	37	38
321	39	40
321	41	42
321	44	44
321	45	46
321	47	48
321	49	49
321	50	51
321	52	52
321	53	53
321	54	55
321	56	56
321	57	58
321	59	60
321	61	62
321	63	63
321	64	64
321	65	66
321	67	68
321	69	70
321	71	71
321	72	73
321	74	75
321	76	76
321	77	77
321	79	82
321	83	84
321	85	85

322	0	2
322	3	3
322	4	4
322	5	7
322	8	8
322	9	10
322	11	11

323	2	4
323	5	5
323	6	7
323	8	10
323	11	11
323	12	13
323	14	15
323	16	16
323	17	17
323	18	20
323	21	22
323	23	23
323	24	24
323	25	26
323	27	27
323	28	29
323	30	30
323	31	32
323	33	34
323	35	35
323	36	37
323	38	39
323	40	42
323	44	44
323	45	46
323	47	48
323	49	52
323	53	53

324	0	0
324	1	2

325	0	2
325	3	4

326	2	4
326	5	5
326	6	7
326	8	9
326	10	10
326	11	12
326	13	14
326	15	15
326	16	17
326	18	19
326	20	21
326	22	22
326	23	23
326	24	25
326	26	27
326	29	34
326	35	36
326	37	37
326	38	39
326	40	40
326	41	42
326	43	44
326	45	46
326	47	47
326	49	50
326	51	51
326	52	52
326	53	55
326	57	60
326	61	61
326	62	63
326	64	64

327	0	2
327	3	4
327	5	6

328	2	3
328	4	5
328	6	7
328	8	8

329	2	2
329	3	3
329	5	6
329	7	8
329	9	10
329	11	11

330	2	2
330	3	3
330	5	6
330	7	8
330	9	9

331	2	2
331	3	3
331	5	6
331	7	8
331	9	9

332	2	2
332	3	3
332	5	6
332	7	7
332	8	10
332	11	12
332	13	14
332	15	16
332	17	17

333	2	2
333	3	3
333	5	6
333	7	8
333	9	10

334	0	2
334	3	4
334	5	6

335	2	3
335	4	5
335	6	7
335	8	9
335	10	10

336	2	2
336	3	3
336	5	6
336	7	8
336	9	9

337	2	2
337	3	3
337	5	6
337	7	8
337	9	11
337	12	12
337	13	13

338	2	2
338	3	3
338	5	6
338	7	8
338	9	10

339	2	2
339	3	3
339	5	6
339	7	8
339	9	9
339	10	11
339	12	13
339	14	15
339	16	16

340	2	2
340	3	3
340	5	6
340	7	8
340	9	10
340	11	11

341	2	2
341	3	3
341	5	7
341	8	9
341	10	11
341	12	12

342	2	2
342	3	3
342	5	6
342	7	8
342	9	10
342	11	11

343	2	2
343	3	3
343	5	7
343	8	9
343	10	10

344	2	2
344	3	3
344	4	5
344	6	7
344	8	8
344	9	10
344	11	12
344	13	14
344	15	15

345	0	2
345	3	5
345	6	7
345	8	9

346	2	3
346	4	5
346	6	7
346	8	9
346	10	10

347	2	2
347	3	3
347	5	6
347	7	7
347	8	8
347	9	9
347	10	11
347	12	12
347	13	13
347	14	15
347	16	17
347	18	18

348	2	2
348	3	3
348	5	6
348	7	8
348	9	10
348	11	12
348	13	14
348	15	15

349	2	2
349	3	3
349	5	6
349	7	7
349	8	9
349	10	11
349	12	12
349	13	14
349	15	16
349	17	18

350	2	2
350	3	3
350	5	6
350	7	8
350	9	9
350	10	11
350	12	13
350	14	14
350	15	16
350	18	23
350	24	25
350	26	27
350	28	28

351	2	2
351	3	3
351	5	6
351	7	8
351	9	10
351	11	11

352	0	2
352	3	4
352	5	6
352	7	8
352	9	10

353	2	3
353	4	5
353	6	7
353	8	9
353	10	11
353	12	13
353	14	14

354	2	2
354	3	3
354	5	6
354	7	8
354	9	10
354	11	11

355	2	2
355	3	3
355	5	6
355	7	8
355	9	10
355	11	12
355	13	13
355	14	16
355	17	17
355	18	18

356	2	2
356	3	3
356	5	6
356	7	8
356	9	10
356	11	11
356	12	12

357	2	2
357	3	3
357	5	6
357	7	8
357	9	11
357	12	12
357	13	13
357	14	15
357	16	16
357	17	18
357	19	19
357	20	21
357	22	24
357	25	26
357	27	27
357	28	28
357	29	30
357	31	31

358	2	2
358	3	3
358	5	6
358	7	8
358	9	10
358	11	12
358	13	13
358	14	15
358	16	17
358	18	18
358	19	20
358	21	21
358	22	22
358	23	24
358	25	26
358	27	27

359	2	2
359	3	3
359	5	6
359	7	8
359	9	10
359	11	12
359	13	13
359	14	15
359	16	17
359	18	19
359	20	20
359	21	24
359	25	25
359	26	28
359	29	29

360	2	2
360	3	3
360	5	6
360	7	8
360	9	10
360	11	12
360	13	13
360	14	15
360	16	17
360	18	19
360	20	20

361	2	2
361	3	3
361	5	6
361	7	8
361	9	9
361	10	11
361	12	12
361	13	14
361	15	16
361	17	17

362	2	2
362	3	3
362	5	6
362	7	8
362	9	9

363	2	2
363	3	3
363	5	6
363	7	9
363	10	12
363	13	14
363	15	15

364	2	2
364	3	3
364	5	7
364	8	9
364	10	10

365	2	2
365	3	3
365	5	6
365	7	8
365	9	10
365	11	14
365	15	15

366	2	2
366	3	3
366	5	6
366	7	8
366	9	10
366	11	11
366	12	13
366	14	15
366	16	17
366	18	19
366	20	20
366	21	22
366	23	24
366	25	26
366	27	27

367	2	2
367	3	3
367	5	6
367	7	8
367	9	10
367	11	12
367	13	14
367	15	15

368	2	2
368	3	3
368	4	6
368	7	8
368	9	10
368	11	12
368	13	13

369	2	2
369	3	3
369	5	6
369	7	10
369	11	12
369	13	14
369	15	15

370	2	2
370	3	3
370	5	7
370	8	8
370	9	10
370	11	12
370	13	14
370	15	15

371	2	2
371	3	3
371	5	6
371	7	8
371	9	9

372	0	4
372	5	5
372	6	8
372	9	12

373	0	1

374	0	0
374	1	2
374	3	4
374	6	7

375	0	0
375	1	2
375	3	4
375	5	6
375	8	9

376	0	0
376	1	1
376	2	3
376	4	7
376	8	8
376	9	10
376	12	13

377	0	0
377	1	2
377	3	4
377	5	6
377	8	9

378	0	0
378	2	3
378	4	5
378	6	6
378	7	8
378	10	11

379	0	0
379	1	2
379	3	4
379	6	7

380	0	0
380	1	2
380	3	4

381	2	2
381	3	4
381	5	6
381	7	7
381	8	9
381	10	11
381	12	12
381	13	14
381	15	16
381	17	20
381	21	22
381	23	26
381	27	27
381	28	28
381	29	29
381	30	30
381	31	32
381	33	33
381	34	34
381	35	35
381	36	37
381	38	38
381	39	39
381	40	43
381	44	44
381	45	45
381	46	49
381	50	50
381	52	53
381	54	55
381	56	56
381	57	57
381	58	59
381	60	61
381	62	62

382	2	2
382	3	4
382	5	6
382	7	8
382	9	9
382	10	11
382	12	12
382	13	14
382	15	15
382	16	20
382	21	23
382	24	25
382	26	27
382	28	29
382	30	30
382	31	35
382	36	36
382	37	39
382	40	40
382	41	42
382	43	46
382	47	47
382	49	50
382	51	51
382	52	53
382	54	54
382	55	56
382	57	57
382	58	59
382	60	60
382	61	67
382	68	69
382	70	71
382	72	73
382	74	75
382	76	76
382	77	78
382	79	79
382	80	81
382	82	83
382	84	85
382	86	86
382	87	88
382	89	89
382	90	91
382	92	94
382	95	95
382	97	100
382	101	101
382	102	103
382	104	107
382	108	109
382	110	111
382	112	113
382	114	115
382	116	119
382	120	120
382	121	122
382	123	127
382	128	128
382	129	131
382	132	135
382	136	137
382	138	139
382	140	140

383	2	2
383	3	4
383	5	6
383	7	8
383	9	10
383	11	11
383	12	12
383	13	14
383	15	16
383	17	17
383	18	20
383	21	22
383	23	23
383	24	25
383	26	26

384	0	0
384	1	2
384	3	4
384	5	6

385	2	2
385	3	4
385	5	6
385	7	8
385	9	10
385	11	12
385	13	13

386	0	0
386	1	1
386	3	3
386	4	5
386	6	7
386	8	8
386	9	10
386	11	14
386	15	15
386	16	17
386	18	19
386	20	21
386	22	26
386	27	28
386	29	30
386	31	31
386	32	33
386	34	35
386	36	36
386	37	38
386	39	43
386	44	45
386	46	46
386	48	49
386	50	51
386	52	53
386	54	55
386	56	56
386	57	57
386	58	59
386	60	63
386	64	65
386	66	70
386	71	71
386	72	74
386	75	78
386	79	80
386	81	81
386	82	83
386	84	84
386	85	85

387	0	0
387	1	1
387	3	3
387	4	5
387	6	7
387	8	9
387	10	10
387	11	12
387	13	14
387	15	15
387	16	19
387	20	21
387	22	25
387	26	27
387	28	29
387	30	30
387	31	31
387	32	35
387	36	37
387	38	38
387	39	42
387	43	43
387	45	47
387	49	50
387	51	51
387	52	52
387	53	54
387	55	55

388	0	0
388	1	1
388	3	3
388	4	5
388	6	7
388	8	8
388	9	10
388	11	14
388	15	15
388	16	16
388	17	18
388	19	20
388	21	22
388	23	24
388	25	26
388	27	27
388	28	28
388	29	29
388	30	31
388	32	33
388	34	35
388	36	36
388	37	38
388	39	40
388	41	42
388	44	45
388	46	46
388	47	47
388	48	48
388	49	50
388	51	52
388	53	54
388	55	56
388	57	57

389	2	2
389	3	4
389	5	6
389	7	8
389	9	10
389	11	11
389	12	12
389	13	17
389	18	19
389	20	21
389	22	24
389	25	28
389	29	29
389	30	30
389	31	32
389	33	34
389	35	36
389	37	38
389	39	40
389	41	41
389	42	42
389	43	45
389	46	46
389	48	49
389	50	51
389	52	52
389	53	54
389	55	55
389	56	56
389	57	61
389	62	62
389	63	65
389	66	69
389	70	70
389	71	71

390	0	0
390	1	1
390	2	3
390	4	7
390	8	8
390	9	10

391	2	2
391	3	4
391	5	5
391	6	7
391	8	9
391	10	11
391	12	12
391	13	14
391	15	16
391	17	18
391	19	19
391	20	21
391	22	22
391	23	24
391	25	28
391	29	29

392	2	2
392	3	4
392	5	5
392	6	7
392	8	9
392	10	11
392	12	12
392	13	14
392	15	18
392	19	20
392	21	21
392	22	22
392	24	27
392	28	28
392	29	32
392	33	33
392	34	34
392	35	36
392	37	38
392	39	41
392	42	45
392	46	46
392	47	48
392	49	49
392	50	50
392	51	51
392	53	53
392	54	54
392	55	55
392	56	57
392	58	61
392	62	62
392	63	64
392	65	66
392	67	67
392	68	68
392	69	69
392	70	70
392	71	72
392	73	73
392	74	75
392	76	77
392	78	79
392	80	80
392	81	82
392	83	83
392	84	85
392	86	87
392	88	88
392	89	90
392	91	91

393	2	2
393	3	4
393	5	5
393	6	7
393	8	9
393	10	10
393	11	12
393	13	15
393	16	16
393	17	20
393	21	22
393	23	24
393	25	25

394	2	2
394	3	4
394	5	6
394	7	10
394	11	11

395	2	7
395	8	9
395	10	11
395	12	12
395	13	13
395	14	15
395	16	16
395	17	18
395	19	20

396	2	3
396	4	4
396	5	9
396	10	11
396	12	13
396	14	16
396	17	20
396	21	21
396	22	23

397	2	3
397	4	4
397	5	5
397	7	13
397	14	15
397	16	17
397	18	19
397	20	20
397	21	21
397	22	23
397	24	24
397	25	26
397	27	28
397	29	30

398	2	3
398	4	4
398	5	5
398	7	13
398	14	15
398	16	17
398	18	19
398	20	20
398	21	21
398	22	23
398	24	24
398	25	26
398	27	28

399	2	3
399	4	4
399	5	5
399	7	13
399	14	15
399	16	17
399	18	18
399	19	20
399	21	21
399	22	23
399	24	26
399	27	27
399	28	29
399	30	30
399	31	32
399	33	34

400	2	2
400	3	3
400	4	6
400	8	12
400	13	13
400	14	15
400	16	16
400	17	18
400	19	20
400	21	24

401	0	0
401	1	2
401	3	4
401	5	6

402	2	5
402	6	6
402	7	7
402	8	8
402	9	9
402	10	11
402	12	13
402	14	14
402	15	16
402	17	19
402	20	20
402	21	22
402	23	24
402	25	26
402	27	27
402	28	29
402	30	30

403	2	5
403	6	6
403	7	7
403	8	8
403	9	9
403	10	11
403	12	13
403	14	15
403	16	17
403	18	18
403	19	20
403	21	22
403	23	24
403	25	27
403	28	28
403	29	30
403	31	32
403	33	34
403	35	35
403	36	36
403	37	37
403	38	39
403	40	41
403	42	42

404	2	5
404	6	6
404	7	7
404	8	8
404	9	9
404	10	11
404	12	13
404	14	17
404	18	18
404	19	20
404	21	21
404	22	23
404	24	25
404	26	27
404	28	29
404	30	30
404	31	32
404	33	33
404	34	37
404	38	39
404	40	43
404	44	44
404	46	47
404	48	51
404	52	52
404	53	54
404	55	56
404	57	59
404	60	61
404	62	62
404	63	66
404	67	67

405	2	5
405	6	6
405	7	7
405	8	8
405	9	9
405	10	11
405	12	13
405	14	15
405	16	18
405	19	19

406	2	5
406	6	6
406	7	8
406	9	9
406	10	10
406	11	12
406	13	16
406	17	18
406	19	21
406	22	23
406	24	26
406	27	28
406	29	30
406	31	31
406	32	33
406	34	35
406	36	36
406	37	37
406	38	39
406	40	41
406	42	42
406	43	43
406	44	45
406	46	46
406	48	48
406	49	52
406	53	53
406	54	55
406	56	57
406	58	58
406	59	60
406	61	61

407	2	5
407	6	6
407	7	8
407	9	9
407	10	10
407	11	12
407	13	14
407	15	16
407	17	18
407	19	19
407	20	20

408	0	0
408	1	2
408	3	4
408	5	5
408	6	7

409	0	0
409	1	2
409	3	4
409	5	5
409	6	6
409	7	9
409	11	13
409	14	14
409	15	18
409	19	19
409	20	20
409	21	21
409	22	22
409	23	25
409	27	29
409	30	30
409	31	34
409	35	36
409	37	37
409	38	39
409	40	41
409	42	42
409	43	43
409	44	45
409	46	47
409	48	49
409	50	50
409	51	52
409	53	53

410	2	2
410	3	3
410	4	5
410	6	6
410	8	8
410	9	10
410	11	11
410	12	13
410	14	14
410	15	15
410	16	16
410	17	19
410	20	20
410	21	22
410	23	24
410	25	25

411	2	2
411	3	3
411	4	5
411	6	6
411	7	8
411	9	10
411	11	13
411	14	15
411	16	17
411	18	19
411	20	20
411	21	22
411	23	24
411	25	25
411	26	27
411	28	31
411	32	33
411	34	35
411	36	39
411	40	40
411	41	42
411	43	43
411	45	45
411	46	47
411	48	48
411	49	50
411	51	52
411	53	54
411	55	55
411	56	57
411	58	58

413	2	2
413	3	4
413	5	6
413	7	7
413	8	11
413	12	13
413	14	17
413	18	19
413	20	21
413	22	22
413	23	23
413	24	27
413	28	29
413	30	30
413	31	34
413	35	35
413	37	39
413	40	41
413	42	42
413	43	43
413	44	45
413	46	47
413	48	48

414	2	2
414	3	4
414	5	6
414	7	7
414	8	9
414	10	10
414	11	11
414	12	12
414	13	13
414	14	15
414	16	17
414	18	18
414	19	20
414	21	22
414	23	23
414	24	25
414	26	29
414	30	30
414	31	32
414	33	34
414	35	36
414	37	37
414	38	39
414	40	41
414	42	42
414	43	43
414	45	45
414	46	47
414	48	49
414	50	54
414	55	55
414	56	58
414	59	60
414	61	61
414	62	63
414	64	64
414	65	66
414	67	68
414	69	69
414	70	71
414	72	74
414	75	75
414	76	78
414	79	79
414	80	81
414	82	82
414	83	84
414	85	85
414	87	91
414	92	93
414	95	96
414	97	97
414	98	101
414	102	102
414	103	104
414	105	105
414	106	107
414	108	108
414	109	110
414	111	111
414	112	113
414	114	114
414	115	116
414	117	117
414	118	119
414	120	121
414	122	122

415	2	2
415	3	4
415	5	6
415	7	8
415	9	10
415	11	12
415	13	14
415	15	18
415	19	20
415	21	22
415	23	24
415	25	27
415	28	28
415	29	30
415	31	32
415	33	36
415	37	40
415	41	41
415	42	43
415	45	45
415	46	47
415	48	48
415	49	52
415	53	54
415	55	56
415	57	58
415	59	59
415	60	60
415	61	62
415	63	64
415	65	67
415	68	69
415	70	72
415	73	73
415	74	76
415	77	77
415	78	80
415	81	81
415	82	83
415	84	84
415	85	85
415	86	88
415	89	89
415	91	93
415	94	94
415	95	97
415	98	98
415	99	100
415	101	101
415	102	104
415	105	105
415	106	108
415	109	109
415	110	112
415	113	113
415	114	116
415	117	117

416	0	0
416	1	2
416	3	4

417	2	2
417	3	4
417	5	5
417	6	6
417	7	8
417	9	9
417	10	11
417	12	13
417	14	15
417	16	17
417	18	19
417	20	20
417	21	22
417	23	26
417	27	28
417	29	30
417	31	32
417	33	36
417	37	37
417	38	39
417	40	41
417	42	43
417	45	45
417	46	46
417	47	48
417	49	49
417	50	51
417	52	52
417	53	53
417	54	55
417	56	56
417	57	61
417	62	62
417	63	65
417	66	67
417	68	71
417	72	72

418	2	2
418	3	4
418	5	5
418	6	8
418	9	10
418	11	11
418	12	13
418	14	14
418	15	16
418	17	17
418	18	20
418	21	23
418	24	24
418	25	26
418	27	28
418	29	30
418	31	31
418	32	33
418	34	34
418	35	36
418	37	38
418	39	39
418	40	40
418	41	41
418	42	43
418	44	45
418	47	48
418	49	49
418	50	51
418	52	53
418	54	55
418	56	57
418	58	58

419	2	2
419	3	4
419	5	5
419	6	9
419	10	11
419	12	12
419	13	14
419	15	15
419	16	17
419	18	22
419	23	24
419	25	26
419	27	28
419	29	30
419	31	32
419	33	33
419	34	35
419	36	37
419	38	41
419	42	42
419	43	44
419	45	46
419	47	48
419	50	50
419	51	52
419	53	56
419	57	58
419	59	59
419	60	60
419	61	62
419	63	63
419	64	65
419	66	67
419	68	71
419	72	72
419	73	76
419	77	77
419	78	80
419	81	81
419	82	85
419	86	86
419	87	90
419	91	91
419	92	93
419	94	95
419	96	99
419	100	100

420	2	2
420	3	4
420	5	5
420	6	8
420	9	10
420	11	11
420	12	13
420	14	14
420	15	15
420	16	17
420	18	18
420	19	19
420	20	24
420	25	25
420	26	28
420	29	30
420	31	32
420	33	34
420	35	36
420	37	37
420	38	39
420	40	40
420	41	41
420	42	42
420	43	44
420	45	45

421	2	2
421	3	4
421	5	5
421	6	6
421	7	8
421	9	9
421	10	11
421	12	13
421	14	15
421	16	17
421	18	19
421	20	20
421	21	22
421	23	24
421	25	26
421	27	27
421	28	29
421	30	31
421	32	32
421	33	33
421	34	35
421	36	37
421	38	39
421	40	40
421	41	42
421	43	43
421	45	46
421	47	47

